  -10  1.55791958e-07 -2.31668916e-07
   -9  4.54750198e-07 -4.73751839e-07
   -8 -3.98753350e-07  3.54467566e-07
   -7  9.47003490e-07 -4.89349621e-07
   -6 -7.66444209e-07  6.26996966e-08
   -5  7.22435626e-07  2.29628521e-07
   -4  1.22379847e-07 -6.36145761e-07
   -3 -1.04785812e-06  5.61022645e-07
   -2  2.21951918e-06  4.65684793e-07
   -1 -1.82209383e-06 -2.92472155e-06
    0  2.23286486e-07  5.08053359e-06
    1  1.83413715e-07 -5.36401762e-06
    2  2.04990659e-06  5.18380131e-06
    3 -4.59708760e-07 -7.38761599e-06
    4 -8.03530551e-06  8.36321300e-06
    5  1.13391490e-05 -4.62918364e-06
    6 -1.08096529e-05 -3.52413640e-06
    7  3.48241853e-05  1.75429962e-05
    8 -3.05894573e-05 -3.78494925e-05
    9 -2.62232644e-05  4.29654583e-05
   10 -1.92504882e-05 -5.11552321e-05
   11  4.01820197e-05  6.17609059e-05
   12  1.73881060e-04 -3.77946054e-05
   13  8.74632315e-05  2.55773074e-05
   14 -4.80781092e-05 -3.31789857e-05
   15 -4.61720824e-04  2.45083389e-06
   16 -7.05434501e-04  1.05949159e-05
   17 -8.49151062e-04  2.81639457e-05
   18 -8.58228505e-04  7.47486806e-05
   19 -9.60184916e-04  1.16892960e-05
   20 -1.65872729e-03 -3.27951388e-05
   21 -1.81651625e-03  4.33838627e-05
   22 -1.83579428e-03  4.73451117e-05
   23 -1.49358868e-03  8.11904763e-05
   24 -1.08198133e-03  7.36272910e-05
   25 -6.68573032e-04  3.54367402e-05
   26 -3.51012193e-04  2.22557431e-06
   27 -1.40753296e-04 -9.73475832e-06
   28 -4.08331862e-05 -1.40822963e-05
   29  1.86197897e-06 -7.89146775e-06
   30  5.73891503e-06 -2.92617319e-06
   31  5.51000002e-06  1.97196005e-06
   32  2.56990678e-06  2.06590806e-06
   33  3.38737616e-06  2.22407084e-06
   34  3.66040320e-06  9.62849049e-07
   35  3.60085229e-06  6.73977336e-07
   36  2.67318470e-06  1.79184416e-07
