  -10 -2.56428086e-06 -2.41997901e-06
   -9  1.57548552e-06  1.15698560e-06
   -8 -1.76215501e-06 -1.45073304e-06
   -7  1.31371723e-06  6.40030328e-07
   -6 -1.99840723e-06 -3.59492447e-07
   -5  2.24514216e-06  9.74509148e-07
   -4 -2.60752405e-06 -3.50912150e-06
   -3 -3.34071439e-07  4.70373073e-06
   -2  3.71220545e-06 -3.98946428e-06
   -1 -7.32469476e-07 -3.28034640e-06
    0 -9.46020101e-06  7.56372890e-06
    1  1.51371154e-05 -8.05625427e-06
    2 -5.68936508e-06  4.25850730e-06
    3  9.88507908e-06 -2.64138458e-06
    4 -3.00554175e-05 -2.80267636e-06
    5  2.36241388e-05  9.20356536e-06
    6  3.92545836e-05 -6.76780823e-07
    7  7.50233686e-06 -2.12178421e-05
    8 -5.65986856e-05  1.00676158e-04
    9 -1.75492056e-04 -2.41630003e-04
   10 -3.29735805e-04  2.41353848e-04
   11  7.22684663e-05 -2.23572336e-04
   12 -4.13056491e-04  1.75588236e-04
   13 -2.44289416e-04 -3.04048879e-04
   14 -1.27538177e-03 -4.93478699e-05
   15 -1.07950064e-03 -2.04315327e-04
   16 -2.48888469e-03 -4.24027985e-04
   17 -1.01239566e-03  9.27351460e-05
   18 -1.54845847e-04 -1.26674355e-04
   19  1.20534734e-03  2.84401160e-04
   20  1.43755338e-03  3.04683553e-05
   21  1.18151717e-03  1.39845892e-04
   22  8.16539810e-04  6.10723573e-06
   23  4.08377838e-04  4.60753298e-05
   24  2.79529870e-04  3.15469139e-05
   25  1.53943500e-04  2.28171870e-05
   26  1.08685223e-04  2.59226628e-05
   27  4.98420294e-05  1.06774347e-05
   28  1.61544152e-05  5.69451481e-06
   29  1.90849905e-06  2.13157456e-06
   30 -5.23269531e-06  1.04588554e-06
   31 -4.86698859e-06  4.00696030e-06
