  -10 -4.16893829e-05  1.97568843e-05
   -9 -1.67771332e-04  7.41101938e-05
   -8  1.69666364e-04 -5.35757178e-05
   -7  1.18501781e-04 -5.28176056e-05
   -6  3.37023290e-05  3.51650739e-05
   -5 -3.15554386e-04  5.05993698e-05
   -4 -1.85129702e-04 -1.27295810e-05
   -3  1.10452308e-04  1.14861474e-05
   -2  4.77260441e-04 -8.73729926e-05
   -1  4.56375898e-04 -3.76666048e-05
    0 -3.44301175e-06  2.13015380e-05
    1 -5.39530740e-04  8.77496801e-05
    2 -8.41347915e-04  9.07733020e-05
    3 -7.40179046e-04  2.54131381e-05
    4 -2.44177277e-04 -6.21849710e-05
    5  5.21630360e-04 -9.33761875e-05
    6  1.34477138e-03 -3.00917841e-05
    7  1.96947733e-03  9.85125687e-05
    8  2.18143214e-03  2.11272102e-04
    9  1.88951761e-03  2.31161606e-04
   10  1.16332828e-03  1.30776644e-04
   11  2.00566309e-04 -5.69391830e-05
   12 -7.49428539e-04 -2.60560464e-04
   13 -1.47154619e-03 -4.06829583e-04
   14 -1.84273054e-03 -4.51371427e-04
   15 -1.84795478e-03 -3.90868030e-04
   16 -1.55977991e-03 -2.56526619e-04
   17 -1.09968461e-03 -9.56948905e-05
   18 -5.94009503e-04  4.65005453e-05
   19 -1.47401514e-04  1.40263898e-04
   20  1.78814973e-04  1.78913711e-04
   21  3.59365997e-04  1.65275087e-04
   22  3.99946846e-04  1.26460608e-04
   23  3.37758900e-04  7.16373406e-05
   24  1.92377613e-04  2.46339940e-05
   25  4.30949663e-05  3.55626956e-07
   26 -8.15106331e-05 -2.26248611e-05
   27 -1.19210330e-04 -1.37771798e-05
   28 -5.98513089e-05 -1.42554851e-06
   29  4.67761202e-05  4.18707081e-06
   30  6.17814546e-05  1.68681734e-05
   31 -4.17958615e-07  2.14324651e-06
   32 -3.10666016e-05 -1.41904177e-05
