  -10  8.99738553e-09  5.26176855e-08
   -9  1.00745007e-08  1.49441647e-07
   -8 -1.62978946e-08  1.34302301e-07
   -7  3.90903190e-08  1.94243924e-07
   -6 -4.31580339e-08  1.49247653e-07
   -5  5.22287320e-08  1.23905837e-07
   -4 -1.47112740e-08  6.07538342e-08
   -3 -6.28771713e-08  3.93135224e-09
   -2 -5.75434048e-08 -7.89457416e-08
   -1 -7.93253983e-08 -6.19982690e-08
    0 -2.10409966e-07 -5.76099983e-08
    1 -2.83125348e-07  2.61258544e-08
    2 -1.91449165e-07  1.22520514e-07
    3  4.88875847e-08  1.98269131e-07
    4  6.95488638e-08  1.35501707e-07
    5 -2.84598843e-08 -1.91719750e-08
    6 -4.11033053e-07 -2.26712103e-07
    7 -2.64759481e-07 -1.37373944e-07
    8  3.56402389e-08 -1.28981219e-07
    9  1.02982744e-06  3.02328574e-07
   10  1.60469192e-06  1.42631651e-07
   11  1.44518707e-06  1.56938604e-07
   12  6.25950832e-07  3.99566573e-11
   13 -1.70194146e-06 -1.16533764e-06
   14 -5.05286653e-06  6.26296773e-07
   15 -5.72110380e-06 -2.29023279e-06
   16 -1.30301073e-05  7.17344262e-08
   17 -2.70034300e-06 -6.52758208e-07
   18 -1.27287560e-05 -4.77993411e-06
   19  1.77925493e-05  8.72648079e-06
   20  5.00597403e-06 -1.10826872e-05
   21  6.62988505e-05  3.94572402e-05
   22  3.74979595e-05 -2.57205399e-05
   23  8.52382858e-05  9.22399544e-05
   24  1.47098192e-04 -6.83672173e-05
   25  7.37065616e-05  1.34828390e-04
   26  1.35403043e-04 -4.57317934e-05
   27 -2.94070819e-04  1.92891778e-05
   28 -4.22474215e-04 -2.02974247e-04
   29 -8.41299025e-04 -1.13299726e-04
   30 -6.77349094e-04 -5.38265925e-05
   31 -8.98654601e-04 -2.56034221e-05
   32 -7.36123085e-04  1.33991531e-04
   33 -5.24664383e-04  1.58952616e-04
   34 -2.16236834e-04  1.36507268e-04
   35 -1.60344094e-05  6.42739535e-05
   36  4.79204450e-05  3.44695469e-05
   37  4.08724438e-05 -8.72450582e-08
   38 -1.17723020e-06  1.19464531e-05
   39 -2.28672517e-06  9.82497177e-07
   40 -6.75253483e-06  2.37365154e-06
   41  5.17900637e-06 -5.89688606e-07
   42  2.01631395e-06 -2.08715385e-06
   43  2.23379059e-06  1.32344385e-06
   44  8.30521987e-07 -1.16023900e-06
   45 -5.69251883e-07  1.79399237e-07
   46  1.37314733e-06 -1.03432636e-06
   47 -6.98370879e-08 -1.65266506e-06
