  -10  1.03001387e-06 -8.87253898e-08
   -9 -1.89189413e-07 -1.58813209e-07
   -8  3.23618057e-07  1.10170020e-07
   -7  6.38317249e-07  2.52561469e-07
   -6 -3.86510003e-07 -1.00798769e-06
   -5  2.18275728e-07  2.31558544e-06
   -4  1.25301352e-06 -3.46273199e-06
   -3 -4.36282872e-06  4.27866702e-06
   -2  7.37418241e-06 -3.79551287e-06
   -1 -8.82677427e-06  1.60440519e-06
    0  6.23253363e-06  3.30665233e-07
    1 -3.46837407e-06 -3.03800141e-06
    2  4.68956158e-06  8.17608183e-07
    3 -4.35770054e-06 -4.67947910e-06
    4 -1.26248588e-06  7.67140808e-07
    5  1.96289262e-06 -2.62139235e-06
    6  9.98613412e-06 -4.65299378e-06
    7 -1.48120497e-06 -6.89318487e-07
    8  3.73503977e-06 -4.73458557e-06
    9 -3.39687149e-05 -1.06863429e-05
   10 -3.54247489e-06  3.85626299e-07
   11  6.28999979e-06 -2.41129610e-05
   12  7.81367689e-05  6.36106167e-06
   13  1.11840949e-04 -2.62875211e-05
   14  8.73377203e-05  3.80367176e-06
   15 -5.48850322e-06 -2.06021813e-05
   16 -1.87747919e-04 -2.99824892e-06
   17 -3.50288925e-04 -5.25938407e-06
   18 -4.69274243e-04  6.48145794e-06
   19 -4.93615502e-04  1.67211303e-05
   20 -6.00901981e-04  3.49225095e-05
   21 -7.92379410e-04 -1.62582437e-05
   22 -1.38917247e-03 -8.40630377e-05
   23 -1.53417926e-03 -3.29747761e-05
   24 -1.55469295e-03 -6.25283018e-05
   25 -1.33513925e-03 -2.29222150e-05
   26 -1.07744032e-03 -1.80556449e-05
   27 -8.25087824e-04 -3.08261121e-06
   28 -5.88491790e-04  4.71248165e-07
   29 -4.01410806e-04  1.36930969e-05
   30 -2.54955076e-04  1.85510993e-05
   31 -1.54816062e-04  2.21019304e-05
   32 -8.84524020e-05  2.23771508e-05
   33 -4.83986213e-05  1.95550644e-05
   34 -2.45817400e-05  1.63148666e-05
   35 -1.12890562e-05  1.21140055e-05
   36 -2.85938617e-06  9.74825656e-06
   37  8.68541147e-07  6.80244113e-06
