  -10  1.35924424e-07 -1.31792290e-06
   -9 -1.23473114e-06 -6.16115783e-07
   -8  1.36792968e-06 -1.07257932e-06
   -7 -9.62195820e-07 -2.10379836e-07
   -6 -1.91255411e-08 -1.57177147e-06
   -5 -8.32063882e-07  2.10352516e-06
   -4  1.04084351e-06 -4.90157532e-06
   -3 -4.68339438e-06  2.17070808e-06
   -2  3.13238617e-06 -5.82597449e-07
   -1 -1.88529562e-06 -6.33180224e-07
    0  3.14169114e-06 -2.13908591e-06
    1 -3.69222772e-06 -3.82982025e-06
    2  2.49113961e-06  4.73707156e-07
    3  2.81482599e-06 -1.62195215e-06
    4  4.77312243e-06  1.08294741e-06
    5  4.17229888e-06 -2.97243336e-06
    6  4.78294870e-06 -3.32407199e-06
    7  6.38178132e-06 -1.64053349e-06
    8  2.00065844e-05  2.32171150e-06
    9  2.55129920e-06 -6.31689162e-07
   10  1.80407540e-05  2.43310048e-05
   11 -9.43063239e-06 -9.16168570e-06
   12  3.59767359e-07  4.19899240e-05
   13  2.10811552e-05 -1.91577720e-05
   14  1.33094267e-05  3.74492048e-05
   15  8.66572137e-05 -7.81308436e-07
   16  2.48822911e-05  8.94475816e-06
   17  7.80378006e-06  2.53990549e-05
   18 -1.28412708e-04 -1.04040982e-05
   19 -2.95549653e-04  2.12877122e-06
   20 -3.28526070e-04 -1.39758131e-05
   21 -2.64845662e-04 -9.36259240e-05
   22  9.33937097e-05  7.66308805e-06
   23  9.50963916e-04  1.78446658e-05
   24  1.10539472e-03  5.37671532e-05
   25  1.36844455e-03  4.53508163e-04
   26  8.28455730e-05 -2.61923792e-04
   27 -1.18142407e-03  2.15736805e-04
   28 -2.18305956e-03 -3.23629504e-04
   29 -2.49292217e-03 -3.07600234e-04
   30 -3.57627423e-03 -1.22806262e-03
   31 -2.68399024e-03 -3.54053110e-04
   32 -7.63602397e-04 -1.77214145e-04
   33  1.06595299e-03  3.26648315e-04
   34  2.44639907e-03  4.64308490e-04
   35  2.62101238e-03  4.16801797e-04
   36  2.32043001e-03  2.95177411e-04
   37  1.69886047e-03  2.09286030e-04
   38  1.19005436e-03  7.49599480e-05
   39  8.03206861e-04  2.13712992e-05
   40  5.48737649e-04 -2.68362789e-05
   41  3.73212994e-04 -3.90469040e-05
   42  2.44499495e-04 -4.03072075e-05
   43  1.56447945e-04 -3.96615305e-05
   44  1.03346460e-04 -3.86833141e-05
   45  6.22359741e-05 -3.43753884e-05
