  -10 -1.14317103e-07  1.24029132e-07
   -9 -1.36355064e-06  4.57645072e-07
   -8  1.42715979e-06 -1.70397686e-06
   -7 -3.43540790e-06  1.82619876e-07
   -6  2.09043753e-06 -2.20612251e-07
   -5 -2.04648660e-06 -8.42429078e-07
   -4  2.71569927e-07  1.74180093e-06
   -3  3.93336895e-06 -1.67453198e-06
   -2 -5.49236822e-06 -2.36201700e-06
   -1  5.73419212e-06  9.23398795e-06
    0  3.12480135e-06 -1.67851052e-05
    1 -1.87122336e-06  1.46511314e-05
    2 -4.92842334e-06 -1.76866518e-05
    3 -1.48103115e-06  2.31824722e-05
    4  2.89468621e-05 -2.23955789e-05
    5 -3.36244307e-05  1.13041728e-05
    6  3.09944513e-05  1.26726570e-05
    7 -8.91983717e-05 -6.43580576e-05
    8  7.36751100e-05  1.20263699e-04
    9  1.14711213e-04 -1.12214050e-04
   10  6.80616722e-05  1.68074814e-04
   11 -1.28395862e-04 -2.81041993e-04
   12 -5.75453267e-04  2.76224623e-04
   13 -2.42651150e-04 -6.00116526e-04
   14  1.41276618e-07  7.68121337e-04
   15  2.09219497e-03 -4.37688994e-04
   16  1.86187029e-03  1.12829619e-03
   17  2.76572489e-03 -6.06707124e-04
   18 -8.42185027e-04  3.16385738e-04
   19 -1.27642534e-03 -5.76619863e-04
   20 -6.35321526e-03 -8.84703711e-04
   21 -1.77961570e-03  3.93002778e-05
   22 -9.99425913e-05 -2.85804227e-04
   23  3.73622396e-03  6.65650492e-04
   24  3.29227655e-03  3.83028356e-05
   25  2.39822426e-03  3.67808233e-04
   26  1.04975112e-03 -5.74693991e-05
   27  1.93100070e-04  1.20906548e-04
   28  8.30475135e-05  2.54911331e-05
   29 -8.94472769e-06  3.81684701e-05
   30  5.25269896e-05  2.72797064e-05
   31 -1.20092312e-05 -8.59137117e-06
   32 -1.19631543e-05 -9.46762639e-06
   33 -1.22909080e-05 -1.38064811e-05
   34 -1.03030630e-05  6.09983910e-07
   35 -7.10413779e-06  2.16560751e-06
   36 -1.20375902e-05 -6.00209832e-07
