  -10 -2.26493473e-07  1.88204403e-08
   -9  2.33923330e-07  1.07679395e-07
   -8 -2.53914304e-08 -7.80755923e-08
   -7  1.11677954e-07  6.61777402e-09
   -6 -1.64592329e-07  6.28639657e-08
   -5 -1.59199530e-07  8.89037219e-09
   -4 -3.33447228e-07  9.59077529e-08
   -3 -5.06312775e-07  1.26527361e-07
   -2 -3.85752895e-07  2.16814042e-07
   -1 -1.10612152e-07  4.47461814e-07
    0 -1.64384606e-07  3.71421862e-07
    1  4.29698766e-08 -4.43326279e-08
    2  1.50970157e-07 -1.15743890e-07
    3  2.92466335e-07 -2.31417514e-07
    4  2.94640734e-10  3.37810843e-08
    5  6.62701739e-08 -8.46354301e-08
    6  2.02625518e-07 -3.07159464e-07
    7  1.96181560e-08 -3.99349041e-07
    8  4.09371472e-07 -9.20346734e-07
    9 -1.18356400e-06 -5.04629666e-07
   10  5.59215842e-07  3.16061536e-07
   11  5.91360419e-07  1.42937832e-06
   12  3.52244372e-07  1.45876694e-06
   13  1.40895234e-05  6.43047090e-06
   14  1.89427300e-05  6.16869465e-06
   15  1.76373768e-05  2.68224039e-05
   16  1.53696666e-05  3.19617364e-05
   17  1.27335475e-05 -1.92105149e-05
   18  4.68501015e-05  2.37824129e-05
   19  1.43887413e-04  6.10286416e-05
   20  1.16497107e-04  3.49064960e-05
   21 -1.42067791e-04 -2.99596779e-05
   22 -3.99080156e-04 -1.01743672e-04
   23 -6.39515078e-04 -1.61733080e-04
   24 -6.65671553e-04 -4.09529052e-05
   25 -8.74992848e-04 -6.83526938e-05
   26 -9.40047852e-04  1.35740857e-04
   27 -8.18471913e-04  8.77283753e-05
   28 -4.99610385e-04  1.29250706e-04
   29 -2.10871126e-04  5.92383540e-05
   30 -7.11090220e-05  3.83503751e-05
   31 -4.38344880e-05  3.70504488e-06
   32 -5.38436773e-05 -6.18364298e-07
   33 -4.09230483e-05 -1.45965914e-06
   34 -1.76529304e-05  2.70796369e-06
   35  3.10908506e-06  2.47991151e-06
   36  1.17169318e-05  1.41080635e-06
   37  9.29720580e-06  3.05542583e-06
   38  3.86036583e-06  1.94415059e-06
   39 -1.71909667e-08  1.15803087e-06
   40 -1.00378561e-06 -3.59204637e-07
