  -10 -1.32941207e-07 -2.27504140e-07
   -9  1.06630128e-07  1.50327152e-07
   -8 -5.18793684e-08 -1.38531455e-07
   -7 -3.14834971e-09  8.30917441e-08
   -6 -7.96999482e-08 -1.61696193e-09
   -5 -2.60125543e-08 -2.20111876e-09
   -4 -1.02190491e-07  2.41004566e-08
   -3  5.64718726e-08 -7.27123931e-08
   -2  1.20495769e-08 -8.95395321e-08
   -1  1.68726525e-08 -1.42395009e-07
    0 -1.48992681e-07 -1.56430238e-07
    1  4.21389673e-07 -1.37941272e-07
    2 -1.16435643e-07  4.88549012e-09
    3  2.92369654e-06  3.54939256e-07
    4 -2.57775789e-06 -1.82351029e-06
    5  4.96128739e-06  2.79770307e-06
    6  5.77255913e-06 -2.68444584e-06
    7 -8.26531450e-06 -9.42065733e-06
    8 -1.32576063e-06  4.26692644e-05
    9 -5.95911888e-06 -9.33620600e-05
   10 -1.58964448e-05  1.13044080e-04
   11  1.80755114e-04 -7.26102433e-05
   12 -2.58691215e-06  9.62613833e-05
   13  4.39434176e-05 -1.01924740e-04
   14 -5.11470141e-04  6.96632293e-06
   15 -6.79080550e-04 -9.78367998e-05
   16 -1.71452854e-03 -2.38490824e-04
   17 -1.29703935e-03 -2.23304520e-05
   18 -9.89783323e-04 -1.27308958e-04
   19 -3.01648369e-04  6.76405863e-05
   20 -3.85589315e-05 -2.47787051e-05
   21  2.06524296e-05  3.08077241e-05
   22  1.71306640e-05 -2.24170934e-05
   23 -4.01967782e-05  1.39554832e-06
   24 -9.11179866e-06 -1.43373726e-06
   25 -7.15929008e-06 -1.10728942e-06
   26  9.12164477e-06  3.87904512e-06
   27  4.08874374e-06 -3.08941462e-07
   28  1.11904895e-06  1.99854582e-07
   29  4.88336485e-07 -5.97653136e-07
   30 -2.67902874e-07  2.04091118e-07
   31  3.31515357e-07  1.60965812e-06
