  -10  1.12291516e-07 -1.30213544e-07
   -9  6.06838479e-08 -2.04188913e-07
   -8  8.30559778e-09 -1.80339886e-07
   -7 -6.44930347e-08 -2.35068027e-07
   -6 -8.19079606e-08 -7.89895911e-08
   -5  3.13028463e-08  3.98151572e-08
   -4  2.18552014e-07 -4.96869253e-08
   -3  1.01267258e-07 -7.93305624e-08
   -2  3.10331051e-07 -4.35455993e-09
   -1  2.83021284e-07 -1.61505997e-07
    0  4.34612437e-07 -1.79824427e-07
    1  2.01150356e-07 -5.08695082e-07
    2 -1.33119452e-07 -1.44095474e-07
    3  2.81123991e-09 -4.60485655e-08
    4  9.59513588e-08  1.59966800e-07
    5  9.16756866e-07  3.07521679e-07
    6 -3.70143573e-07 -6.46135565e-07
    7  3.16328282e-06  1.09500061e-06
    8 -1.75841986e-06 -2.57622935e-06
    9  3.68442870e-06  2.94483423e-06
   10  6.72569538e-06 -3.89443681e-08
   11 -6.44679851e-06 -1.71257000e-05
   12 -3.50868255e-06  5.45280160e-05
   13  5.23176618e-06 -1.16683002e-04
   14 -3.30998276e-05  1.55121364e-04
   15  1.54382101e-04 -1.47573714e-04
   16 -8.58383303e-05  2.11977117e-04
   17  2.13792723e-05 -2.05850500e-04
   18 -8.57813596e-04  5.05101336e-05
   19 -1.03323325e-03 -2.21667856e-04
   20 -2.77770068e-03 -3.96146414e-04
   21 -1.80395311e-03 -1.31434927e-04
   22 -1.41484296e-03 -2.08490605e-04
   23 -2.36874193e-04  7.86533319e-05
   24 -3.21231630e-05 -3.86192692e-05
   25  6.86426431e-05  5.13240181e-05
   26 -1.27567047e-05 -4.56986017e-05
   27 -5.89070599e-05  8.27779532e-06
   28 -9.51131764e-06 -8.40558979e-06
   29  8.77189920e-09  3.40030634e-06
   30  1.72487914e-05  4.90109886e-06
   31  1.08346683e-06 -5.08329902e-08
   32 -1.13460277e-06 -4.71730538e-07
   33 -6.11262489e-07 -1.31786434e-06
   34  1.93653757e-07  1.22372997e-06
   35  9.45802663e-07  1.37410576e-06
   36 -8.94158583e-07  2.46470277e-07
