  -10  5.14343159e-07 -8.53081374e-08
   -9  3.77172539e-07 -4.90958391e-07
   -8 -4.35903550e-08 -9.21026258e-08
   -7  3.26163986e-07 -3.56588882e-07
   -6  2.42566052e-07 -3.53200040e-07
   -5  1.13096471e-07 -1.33669047e-07
   -4  4.77474179e-07  1.83173018e-08
   -3  7.33396526e-07 -1.96295887e-07
   -2  6.40499207e-07 -9.49636283e-07
   -1  7.27246714e-07 -5.96634207e-08
    0  9.40398283e-07 -3.36847423e-07
    1  1.10640480e-06  1.51143743e-07
    2  8.69248993e-07 -3.33093493e-07
    3  5.00201351e-07  1.04322624e-07
    4  9.67819663e-07  3.68102305e-07
    5  1.25037881e-06 -2.49262695e-07
    6  1.46992616e-06  5.26988485e-07
    7  2.21321544e-06 -9.70822792e-07
    8  1.85586765e-06 -4.15060805e-07
    9  7.09189520e-07 -2.95186322e-06
   10  3.26145821e-06  7.76384067e-08
   11 -1.91291918e-06 -5.40594908e-06
   12  1.72157906e-06  1.09863073e-05
   13 -1.16659956e-05 -2.01925560e-05
   14  3.54299324e-06  2.88244844e-06
   15  1.23859720e-05 -3.49132948e-05
   16  1.38866725e-04  3.06799496e-05
   17 -1.68706467e-05 -5.45282051e-06
   18 -4.03086635e-05  7.56667675e-05
   19 -4.52889243e-04 -1.10973198e-04
   20 -7.76348455e-04  3.49480221e-05
   21 -1.04053523e-03 -2.43466698e-04
   22 -1.91095286e-03 -4.25308589e-04
   23 -1.60385508e-03 -3.47586048e-04
   24 -1.24862550e-03 -2.54868345e-04
   25 -5.73167406e-04 -1.06878741e-04
   26 -2.35278913e-04 -2.61935213e-05
   27 -7.61196491e-05 -1.19266770e-06
   28 -2.74698685e-05 -6.36704114e-06
   29 -4.32151912e-05  3.58672465e-07
   30 -2.61783217e-05 -1.91875117e-06
   31 -1.85889757e-05 -2.97168866e-06
   32 -5.67565155e-06  2.12017488e-08
   33  3.93251727e-07  2.23134446e-06
   34  5.71649622e-07  2.13321240e-06
   35  1.21584091e-06  1.90560134e-06
   36  1.86725145e-06  6.69041926e-07
   37  2.33522142e-06  7.47432961e-07
