  -10  1.23872978e-07 -8.61854164e-08
   -9  2.27266883e-07  8.74391331e-08
   -8  1.22354003e-07 -4.71140533e-08
   -7  2.23177693e-07  6.44947443e-08
   -6  3.80153756e-08 -9.72769407e-08
   -5  8.82671722e-08 -6.27153436e-08
   -4 -1.92402153e-07 -1.38801822e-07
   -3 -1.53243558e-07  7.91999779e-09
   -2 -1.69155661e-07  2.51152216e-07
   -1  2.11382630e-08  3.25151865e-07
    0  2.21713895e-07  1.04641726e-07
    1  3.32956423e-07  2.14947656e-08
    2  4.17170749e-07 -2.05199991e-07
    3  4.74953107e-09 -3.08369522e-07
    4  1.94331614e-06 -5.92044658e-07
    5 -7.37063336e-07 -8.31644481e-07
    6  4.88152501e-06  1.35615212e-07
    7  1.50755137e-06 -4.23677730e-07
    8 -1.02057649e-05 -5.90154137e-06
    9  1.11866770e-05  2.13507792e-05
   10 -2.72817706e-05 -6.17756222e-05
   11  7.04155103e-05  1.03552655e-04
   12  4.98848474e-05 -9.49585678e-05
   13  7.48358218e-05  1.43967718e-04
   14 -5.91909451e-04 -1.83693114e-04
   15 -8.84074219e-04 -1.52493790e-05
   16 -2.12148452e-03 -5.94967248e-04
   17 -1.49154770e-03  1.59346493e-04
   18 -7.62814790e-04 -2.21511032e-04
   19 -2.15245308e-04  7.25000524e-05
   20  5.00453662e-05 -1.93868458e-05
   21 -3.29621032e-05  4.95245358e-06
   22 -3.04912049e-05 -7.83823047e-06
   23 -3.00491368e-05 -1.04165914e-05
   24  7.32526964e-06  6.19845528e-06
   25  3.42449292e-06 -5.70540334e-08
   26  4.82839982e-06  1.21610822e-06
   27 -7.98122936e-07 -1.76576890e-06
   28  9.52461976e-07 -6.23710175e-07
   29  3.99779702e-07  1.08258262e-06
   30 -2.85772882e-07  1.83582913e-07
   31  6.38934127e-07 -2.99795837e-07
   32  3.07529138e-07  8.18453646e-08
