  -10 -6.07439988e-08  1.82802539e-08
   -9 -5.58848271e-08  1.17873290e-08
   -8 -3.19448358e-08  3.38789557e-08
   -7 -3.63272176e-08  2.13650518e-08
   -6 -3.37657660e-08  6.25164687e-09
   -5 -3.55174712e-08  2.47296253e-08
   -4 -1.68641545e-08 -1.60535408e-08
   -3 -3.68405416e-08 -7.43758798e-09
   -2 -5.54955485e-08 -2.40097848e-08
   -1  4.93708448e-08  3.14549374e-08
    0 -1.08411822e-07 -1.41446055e-07
    1  2.77392462e-09 -2.57201569e-08
    2 -1.39239775e-08  2.03140400e-07
    3  3.17110065e-08 -1.80563014e-07
    4 -1.70108232e-07  1.55581566e-08
    5  1.84099650e-07  3.96132903e-08
    6  2.69937799e-07  1.77769439e-07
    7 -4.61858054e-07 -5.79579561e-08
    8 -3.70983744e-07 -2.94785571e-07
    9 -2.75228813e-07 -2.63075314e-07
   10  1.22837261e-06  5.51488614e-07
   11  1.70767808e-06  9.31334748e-07
   12 -1.78091276e-07 -3.34964293e-07
   13 -2.84985232e-06 -1.58751855e-06
   14 -4.98448380e-06 -2.80678411e-07
   15  2.80842699e-06 -6.88037082e-07
   16 -2.52982116e-06  1.92949085e-06
   17  1.30927941e-05  3.47823337e-06
   18 -1.56856063e-05 -9.23982253e-06
   19  4.45331106e-06  1.08764848e-05
   20 -1.95792501e-05 -2.83095161e-05
   21  1.82397106e-05  3.59465541e-05
   22  3.96781126e-05 -3.90896082e-05
   23  3.74987278e-05  6.43268967e-05
   24  8.94926416e-05 -4.60751142e-05
   25 -4.19108072e-05  5.72646696e-05
   26  4.00162996e-05 -4.74118130e-05
   27 -1.97070181e-04 -1.00307713e-06
   28 -7.94974167e-05 -3.93977994e-05
   29 -3.14020556e-04 -7.98585479e-05
   30 -3.42782489e-04 -3.39127354e-05
   31 -5.70425515e-04 -1.00439475e-04
   32 -8.65851819e-04 -1.24198014e-04
   33 -1.00144949e-03 -1.30415437e-04
   34 -1.05171423e-03 -1.69311563e-04
   35 -8.66919564e-04 -1.41221869e-04
   36 -6.67713321e-04 -1.20960861e-04
   37 -4.04485667e-04 -6.25573127e-05
   38 -2.36571426e-04 -3.94781261e-05
   39 -8.49746312e-05  8.61928106e-06
   40 -1.78913363e-05  5.83526788e-06
   41  2.18720416e-05  2.99894408e-05
   42  2.90560401e-05  1.33940348e-05
   43  2.31224935e-05  1.90347790e-05
   44  1.83676376e-05  6.49690830e-06
   45  1.04852699e-05  6.71273351e-06
   46  7.07729869e-06  3.34197117e-06
   47  5.79636790e-06  3.12619343e-06
