  -10 -7.47750883e-08  6.85371169e-08
   -9 -4.63223284e-08 -1.22932270e-08
   -8  5.44096598e-09 -6.82815867e-09
   -7 -4.67213783e-08 -1.00198074e-08
   -6  3.43088696e-09 -3.29752118e-08
   -5 -1.46284613e-08 -1.50532381e-08
   -4 -4.26746072e-08 -9.68148375e-09
   -3 -8.94702894e-09 -6.22641601e-08
   -2 -6.53503994e-08 -9.32549233e-08
   -1  6.62674283e-08  1.31366655e-07
    0 -2.32431962e-07 -1.59886512e-07
    1  8.12384936e-08 -4.12812613e-07
    2  1.77503574e-07  7.84582662e-07
    3  3.93013793e-09 -5.29897776e-07
    4 -7.13604578e-07 -6.40666256e-07
    5 -2.82378724e-07  1.49202407e-07
    6  2.19313739e-06  1.36093984e-06
    7  7.68770179e-09  2.27235550e-07
    8 -5.27612307e-07 -1.10586163e-06
    9 -3.67415289e-06 -3.27672337e-06
   10  5.59325914e-07  7.22978463e-07
   11  5.87705607e-06  3.98705096e-06
   12  7.19989468e-06  1.23009832e-06
   13 -1.89564935e-06  2.08764222e-06
   14 -3.32070210e-06 -6.49210710e-06
   15 -1.03328318e-05 -1.12400923e-06
   16  1.49832770e-05  6.25061216e-06
   17  2.64223964e-05  1.06507942e-05
   18  4.28611985e-05  2.00069992e-05
   19  3.61129089e-05  1.01459021e-05
   20 -6.59319249e-06 -1.45452004e-06
   21 -5.05184070e-05 -1.70020372e-05
   22 -1.18395540e-04 -5.71962765e-05
   23 -2.05163538e-04 -8.78849065e-05
   24 -3.36088524e-04 -1.21451299e-04
   25 -5.70516262e-04 -2.26783032e-04
   26 -8.86363087e-04 -2.99221795e-04
   27 -1.06060642e-03 -3.66185943e-04
   28 -1.05068255e-03 -3.71471284e-04
   29 -8.70304183e-04 -3.12197009e-04
   30 -6.20044591e-04 -2.28877150e-04
   31 -3.88064533e-04 -1.38445252e-04
   32 -2.05449115e-04 -6.72917412e-05
   33 -8.55004473e-05 -1.76803648e-05
   34 -1.82644619e-05  1.06615206e-05
   35  9.96409595e-06  2.05190040e-05
   36  1.73401696e-05  1.97848690e-05
   37  1.49137608e-05  1.42943510e-05
   38  1.01329826e-05  8.20376929e-06
   39  6.40845373e-06  3.72101891e-06
   40  3.59608385e-06  1.16542818e-06
