  -10  3.52182132e-05 -3.13992843e-05
   -9  1.40385577e-04 -9.51235076e-05
   -8 -1.21296076e-04  8.61129044e-05
   -7 -1.40350167e-04  6.45248523e-05
   -6 -3.35009924e-05 -2.30087154e-05
   -5  2.66523286e-04 -1.18414743e-04
   -4  2.15130602e-04 -1.67131718e-05
   -3 -8.10747600e-05  4.61728257e-05
   -2 -4.11625554e-04  1.67392201e-04
   -1 -4.54163859e-04  9.93546058e-05
    0 -9.21829964e-05 -5.36476190e-05
    1  3.97134826e-04 -1.92200362e-04
    2  7.29578819e-04 -2.13965686e-04
    3  7.61858457e-04 -1.26532191e-04
    4  5.18870680e-04  2.97761548e-05
    5  6.94773780e-05  1.98161767e-04
    6 -5.09661977e-04  3.25866629e-04
    7 -1.10774112e-03  3.67861568e-04
    8 -1.56870371e-03  3.12971500e-04
    9 -1.73577811e-03  1.90777708e-04
   10 -1.52552586e-03  5.81424158e-05
   11 -9.72775322e-04 -3.11562460e-05
   12 -2.21510116e-04 -5.33745395e-05
   13  5.33725631e-04 -2.30377563e-05
   14  1.11962931e-03  2.01902390e-05
   15  1.43679152e-03  3.57376880e-05
   16  1.47584564e-03  2.92984491e-06
   17  1.29964183e-03 -7.05545434e-05
   18  1.00579656e-03 -1.55468806e-04
   19  6.88928704e-04 -2.16928002e-04
   20  4.15623242e-04 -2.30786778e-04
   21  2.15794396e-04 -1.93611835e-04
   22  8.96626839e-05 -1.21471680e-04
   23  2.07032224e-05 -4.34238287e-05
   24 -1.16864993e-05  1.46961104e-05
   25 -2.06821801e-05  3.65550050e-05
   26 -1.81662821e-05  2.59267840e-05
   27 -6.38138577e-06  2.15798295e-06
   28  3.15339781e-06 -1.38161162e-05
   29  6.13611408e-06 -9.70034147e-06
   30 -1.58201051e-06  4.04092015e-06
   31 -7.66736578e-06  5.10650560e-06
   32 -4.39148329e-06 -3.56562854e-07
