  -10  1.77879450e-07 -1.35163913e-06
   -9 -6.49402018e-07 -3.40932332e-07
   -8 -1.24881821e-06 -1.30621107e-06
   -7  1.65235094e-06 -6.28038726e-07
   -6 -2.54459902e-06 -3.84070157e-06
   -5  2.05363443e-07  2.48973550e-06
   -4  2.65226781e-06 -4.12557527e-06
   -3 -4.69357809e-06  2.06506027e-06
   -2  5.76939616e-06 -4.84175586e-06
   -1 -3.27246367e-06 -1.60821551e-06
    0  2.06463468e-06 -4.36613730e-07
    1  1.59001570e-06  2.05330991e-06
    2  6.07260618e-06 -4.11341942e-06
    3  2.75245214e-06 -2.23523233e-06
    4  3.51715964e-06 -6.21573817e-06
    5  2.41701814e-06 -4.26984134e-06
    6  5.34701235e-06  3.88554902e-06
    7  2.05764173e-05 -3.01135681e-06
    8 -1.87350015e-05  8.90059598e-06
    9  2.76609757e-05  1.60473374e-05
   10 -4.66763332e-05 -1.98494601e-05
   11  4.40471976e-05  4.63123327e-05
   12  2.25737121e-05 -5.29644807e-05
   13  8.40850253e-05  7.29468448e-05
   14  8.37115248e-05 -3.96052741e-05
   15 -7.70292947e-05  4.60207800e-05
   16 -1.88748666e-04  2.16661120e-05
   17 -4.02126580e-04 -2.95972345e-05
   18 -3.59255639e-04  2.02012587e-05
   19  5.60355702e-05 -1.11302092e-04
   20  7.94705313e-04  9.36506503e-05
   21  2.06110379e-03 -1.46120212e-05
   22  1.76897690e-03  3.67131445e-04
   23  1.77338105e-03  1.85013875e-04
   24 -7.41748481e-04 -2.46592275e-04
   25 -1.94197204e-03  2.21778315e-04
   26 -2.76248679e-03 -5.90276146e-04
   27 -4.77258150e-03 -8.54893163e-04
   28 -2.76895612e-03 -5.29569005e-04
   29 -6.25182723e-04  2.19667955e-05
   30  2.04905436e-03  2.77584181e-04
   31  3.06541247e-03  4.60662976e-04
   32  2.99442067e-03  3.33181334e-04
   33  2.37881628e-03  1.85620301e-04
   34  1.54975798e-03  1.15703184e-04
   35  1.00956060e-03  7.07165612e-06
   36  5.97652104e-04 -4.62865672e-05
   37  3.66208934e-04 -6.58944796e-05
   38  2.12161005e-04 -6.51961170e-05
   39  1.08361058e-04 -5.27692307e-05
   40  5.39524823e-05 -4.67012455e-05
   41  1.84212798e-05 -3.35262968e-05
   42  5.23726842e-06 -3.05577909e-05
   43 -5.92148269e-06 -2.14917518e-05
