  -10  9.53919961e-08  9.31185741e-07
   -9 -7.67829981e-07 -5.37318204e-07
   -8  3.86164978e-07  9.39214085e-07
   -7 -4.41937461e-07 -6.06237326e-07
   -6 -1.68893192e-08  5.75874476e-07
   -5 -3.47195333e-07 -1.52515663e-07
   -4  6.86574219e-07  8.68720770e-07
   -3 -6.91769992e-07 -2.24963836e-06
   -2 -1.03591908e-06  3.55431191e-06
   -1  1.49888047e-06 -1.08358234e-06
    0  1.20045271e-06 -3.53689360e-06
    1 -4.36890115e-06  5.65946824e-06
    2  6.02830447e-07 -3.21244826e-06
    3  1.90812924e-06  3.52382912e-06
    4  8.05483871e-06 -6.22801931e-06
    5 -1.20476374e-05  4.32995450e-06
    6 -9.61559457e-06  1.61253289e-06
    7 -1.01506468e-05  1.39405266e-06
    8  3.01241723e-05  1.08800149e-06
    9  3.51168195e-05 -8.32027862e-06
   10  1.20950819e-05  7.43044440e-06
   11 -7.71431269e-05  8.76608813e-06
   12 -1.94496704e-04  4.17069595e-05
   13 -3.00540821e-04  4.33909209e-05
   14 -3.74576445e-04  5.52946649e-05
   15 -3.94147742e-04  4.87823195e-05
   16 -3.49782073e-04  3.58869213e-05
   17 -5.61907867e-05 -4.69344794e-05
   18  4.97699476e-04 -1.12579507e-04
   19  1.54020669e-03 -2.80859771e-04
   20  1.95477728e-03 -4.10990641e-04
   21  2.10087196e-03 -4.15128372e-04
   22  1.84184460e-03 -3.98806930e-04
   23  1.49351003e-03 -3.24689937e-04
   24  1.12896867e-03 -2.48443947e-04
   25  8.00572375e-04 -1.59693291e-04
   26  5.35355410e-04 -1.05474362e-04
   27  3.34228974e-04 -5.58339683e-05
   28  1.97305978e-04 -2.91127662e-05
   29  1.06221692e-04 -1.17361562e-05
   30  5.33808724e-05 -3.41574291e-06
   31  2.12078679e-05  2.43162539e-07
   32  5.39201935e-06  2.13874790e-06
   33 -2.69394933e-06  1.70205753e-06
   34 -5.14783140e-06  1.85738403e-06
   35 -4.84620093e-06  8.91700113e-07
