  -10 -1.20326229e-06 -1.67163899e-06
   -9  7.60550779e-07  7.73716938e-07
   -8 -9.21816668e-07 -1.04994002e-06
   -7  8.25349367e-07  5.32277498e-07
   -6 -1.17091052e-06 -5.60367238e-07
   -5  1.40427196e-06  1.07508798e-06
   -4 -9.85140300e-07 -2.85178563e-06
   -3 -1.17936842e-06  3.25031145e-06
   -2  3.17915497e-06 -1.92965344e-06
   -1 -1.19727161e-08 -2.14149777e-06
    0 -7.61225610e-06  3.82493329e-06
    1  1.10015929e-05 -2.79290118e-06
    2 -4.44058967e-06  1.94998017e-06
    3  2.53912474e-06 -1.89522344e-06
    4 -1.65552397e-05 -3.09155022e-06
    5  7.51465692e-06  3.71103877e-06
    6  1.62583658e-05  8.41886962e-06
    7  1.85003825e-05  5.89697422e-06
    8 -3.60344247e-05 -1.10851092e-05
    9 -1.07234843e-04 -3.91886568e-05
   10 -1.93362158e-04 -7.30423031e-05
   11 -2.40700834e-04 -9.69315878e-05
   12 -2.67827066e-04 -1.10555854e-04
   13 -2.29305209e-04 -1.00992496e-04
   14 -1.48672167e-05 -5.20347503e-05
   15  3.78430528e-04  1.20876203e-04
   16  1.10455846e-03  3.95429431e-04
   17  1.42466637e-03  4.73565429e-04
   18  1.49696549e-03  5.17226802e-04
   19  1.30024237e-03  4.22707219e-04
   20  1.02973624e-03  3.30872689e-04
   21  7.61459012e-04  2.43601264e-04
   22  5.18859576e-04  1.77473864e-04
   23  3.37825500e-04  1.18055288e-04
   24  1.99829820e-04  7.69363651e-05
   25  1.12494840e-04  4.75238001e-05
   26  5.62667087e-05  2.65324364e-05
   27  2.52845450e-05  1.48287730e-05
   28  8.27026890e-06  5.92426721e-06
   29 -1.31648683e-07  2.57097765e-06
   30 -3.22899387e-06 -4.28763448e-07
   31 -3.89224093e-06 -9.17873834e-07
