  -10  7.29509787e-08  6.93543440e-08
   -9  7.24669894e-08  2.75760529e-07
   -8 -1.27702086e-08  2.30668127e-07
   -7  1.09205130e-07  3.64467875e-07
   -6 -5.67897897e-08  2.88234156e-07
   -5  1.34189598e-07  2.17314169e-07
   -4 -7.97497650e-09  1.34847417e-07
   -3 -8.95631412e-08  3.23184465e-09
   -2 -5.45230924e-08 -1.56182980e-07
   -1 -2.22175162e-07 -1.41960185e-07
    0 -2.75820149e-07 -1.29138957e-08
    1 -5.74118867e-07  8.00899979e-08
    2 -4.45726673e-07  4.36750349e-08
    3  1.28487541e-07  5.96752985e-07
    4  3.06974455e-07  2.05497850e-07
    5 -2.55103397e-07 -1.76199630e-08
    6 -1.17021871e-06 -5.52004076e-07
    7 -6.22919266e-08 -3.76998908e-07
    8  5.41016495e-07 -9.33667757e-08
    9  2.47125234e-06  7.90221679e-07
   10  1.87812407e-06  1.50104848e-07
   11  9.47090288e-07 -4.02687312e-08
   12  1.57101633e-06  2.75061059e-07
   13 -1.15575384e-07 -1.75002124e-06
   14 -5.28368787e-06 -9.32572722e-08
   15 -1.42909456e-05 -3.07142704e-06
   16 -2.48056400e-05 -2.61836225e-06
   17 -1.97473167e-05 -4.56818288e-07
   18 -7.35383317e-06 -5.78429793e-06
   19  2.83866419e-05  8.50314817e-06
   20  3.91902304e-05 -9.63991303e-07
   21  1.05655166e-04  5.10172397e-05
   22  5.02088959e-05 -5.03895801e-07
   23  1.15805807e-04  1.37214115e-04
   24  2.27319667e-04 -6.43340302e-05
   25  1.73748851e-04  2.05105883e-04
   26  2.53165521e-04 -3.30766374e-05
   27 -4.05392332e-04 -2.49653746e-05
   28 -7.72917981e-04 -4.02841785e-04
   29 -1.38336027e-03 -2.56725789e-04
   30 -1.03413136e-03 -1.90302612e-04
   31 -1.23821817e-03 -1.41762895e-04
   32 -6.02721714e-04  1.10668222e-04
   33 -3.22795302e-05  1.22945138e-04
   34  6.62506262e-04  9.90740998e-05
   35  8.78883901e-04 -1.54995996e-05
   36  8.04424011e-04 -3.05728094e-05
   37  5.07998451e-04 -7.21591090e-05
   38  2.46699670e-04 -1.47472572e-05
   39  7.72201848e-05 -3.48176663e-05
   40  2.07849951e-06 -6.90350434e-06
   41 -2.11747056e-05 -2.38574296e-05
   42 -2.93054009e-05 -7.98278979e-06
   43 -2.48149482e-05 -8.59554909e-06
   44 -1.87803066e-05 -2.75505638e-06
   45 -1.38558727e-05 -2.84532734e-06
   46 -5.35789653e-06 -3.10098767e-06
   47 -6.96391715e-06 -4.57778930e-06
