  -10 -8.86753011e-07 -1.42802827e-06
   -9  4.24861794e-06 -3.81425440e-08
   -8 -3.98285500e-06 -5.20560776e-07
   -7  5.02806479e-06  8.40403539e-07
   -6 -2.94685684e-06 -1.09475394e-06
   -5  3.79884259e-07  7.05382951e-07
   -4  2.43481825e-06 -1.12228500e-06
   -3 -9.42259380e-06 -1.71914161e-06
   -2  1.14057537e-05  1.15436408e-05
   -1 -2.74671107e-06 -2.50379447e-05
    0 -2.30449052e-05  4.01099748e-05
    1  3.97728581e-05 -3.45752793e-05
    2 -1.71737746e-05  2.03554426e-05
    3 -4.48252491e-07 -1.92074636e-05
    4 -2.34269977e-05  1.40612327e-05
    5 -2.15492102e-05 -3.51029486e-05
    6  1.76908904e-04  1.10183455e-04
    7  1.30014958e-05 -1.29724827e-04
    8 -2.22499162e-04  6.86238975e-05
    9 -3.20069222e-04 -1.11898869e-04
   10 -3.18330457e-04 -1.13497706e-04
   11  8.11772585e-04  3.94316569e-04
   12  1.32319907e-03 -1.40414201e-04
   13  1.90247924e-03  6.92277911e-04
   14 -5.09192659e-04 -6.06232710e-04
   15 -1.20223023e-03  1.90682733e-04
   16 -4.18653293e-03 -1.70630904e-03
   17 -1.34932521e-03  1.07092989e-03
   18  1.35464642e-03 -4.04232714e-04
   19  2.54420436e-03  5.58976560e-04
   20  2.47594780e-03  7.78702658e-05
   21  1.20360720e-03  1.50378609e-04
   22  5.06871117e-04  5.64466738e-05
   23  1.13527732e-04  2.25156668e-05
   24  8.39193751e-05  5.08649276e-05
   25  8.48807639e-06  1.52560628e-05
   26  1.33053657e-05  3.29474599e-06
   27 -1.17513658e-05 -1.02726534e-05
   28 -1.78306489e-06 -8.01337026e-06
   29 -7.75614931e-06  2.00955961e-07
   30 -9.69702786e-06 -2.27191921e-06
   31 -4.65417591e-06 -3.17843374e-06
   32 -3.33642537e-06 -9.64358625e-07
