  -10 -5.93623513e-07 -1.28736595e-07
   -9  7.84102854e-07  3.01480152e-07
   -8 -7.90321986e-08 -2.14081336e-07
   -7  4.21587649e-07 -1.61152921e-09
   -6 -4.65073597e-07  2.47346942e-07
   -5 -4.31961154e-07  4.08508977e-08
   -4 -9.01576619e-07  2.65083897e-07
   -3 -1.42864332e-06  4.77301627e-07
   -2 -9.46070486e-07  7.52226464e-07
   -1 -5.54508583e-07  1.14416458e-06
    0  6.11469348e-08  1.18829677e-06
    1  3.27052798e-07  6.71290291e-07
    2 -5.24522107e-07 -1.58994211e-06
    3  1.29979320e-06  2.62109173e-07
    4  1.80537077e-06  6.44105909e-07
    5  5.73767119e-07 -7.51349002e-07
    6 -4.43934866e-06 -1.49869659e-06
    7 -1.45374792e-07 -1.57827927e-06
    8  3.07188499e-06 -1.19309014e-06
    9  5.77427237e-06  1.27171901e-06
   10  5.42030727e-08  1.14703613e-07
   11 -1.20372261e-05  2.03658465e-06
   12 -1.27963705e-05  8.13309720e-06
   13  4.32754679e-05  1.37100065e-05
   14  6.73178065e-05  2.70125804e-05
   15  7.14551527e-05  7.26551947e-05
   16  1.35517420e-05  9.58565824e-05
   17 -1.82665118e-05 -5.36766240e-05
   18  4.55142919e-05  7.04747016e-05
   19  3.52571541e-04  1.92478161e-04
   20  3.57282387e-04  1.00259501e-04
   21 -3.15838520e-04 -1.00471671e-04
   22 -9.21179485e-04 -2.97790170e-04
   23 -1.45184394e-03 -4.92928957e-04
   24 -1.26818326e-03 -1.85496175e-04
   25 -1.38184621e-03 -2.74753706e-04
   26 -9.51682036e-04  1.93736678e-04
   27 -2.26405995e-04  2.55242980e-05
   28  7.02825346e-04  1.65942192e-04
   29  1.18584399e-03  4.10562745e-06
   30  1.08411166e-03  3.01730572e-06
   31  6.76481412e-04 -6.66474378e-05
   32  2.62576062e-04 -5.35927640e-05
   33  4.59301218e-05 -4.42265348e-05
   34 -2.85795656e-05 -2.62119438e-05
   35 -2.56673623e-05 -2.08618321e-05
   36 -1.27360351e-05 -1.65585022e-05
   37 -1.09877127e-05 -3.95360049e-06
   38 -1.34672382e-05 -3.92049969e-07
   39 -1.45593989e-05  2.15147510e-06
   40 -1.03382541e-05 -1.33561691e-07
