  -10  2.00663021e-08  8.43985093e-07
   -9 -1.88626536e-07 -6.87371072e-07
   -8  2.83727403e-07  8.23851734e-07
   -7 -1.27479018e-08 -7.46069008e-07
   -6 -1.57230067e-07  5.51772292e-07
   -5 -1.03796523e-07 -1.87660171e-07
   -4  5.14416146e-07  1.12184542e-06
   -3  1.84611149e-07 -1.93936414e-06
   -2 -1.47362111e-06  3.16903087e-06
   -1  1.87471620e-06 -2.93662894e-07
    0  2.19480439e-06 -2.71350447e-06
    1 -4.91691541e-06  3.83481729e-06
    2  1.48643812e-06 -2.86273944e-06
    3  7.14889323e-07  3.11570547e-06
    4  8.52073423e-06 -3.84163914e-06
    5 -1.17523747e-05  7.26323631e-07
    6 -7.21411461e-06 -6.99247782e-07
    7 -7.42919419e-06 -3.27291506e-06
    8  3.17117391e-05  8.31241903e-06
    9  4.24688897e-05 -2.67070049e-07
   10  9.22520561e-06 -3.74853972e-06
   11 -6.08817275e-05  1.46235876e-05
   12 -1.85073807e-04 -7.01282831e-05
   13 -2.84726076e-04  2.25697585e-05
   14 -1.78171970e-04 -7.14987068e-05
   15 -3.14708315e-04 -2.51000961e-05
   16  1.56638369e-05  5.37321142e-05
   17 -1.28816769e-03 -2.93278479e-04
   18 -1.24329228e-03 -4.08773591e-06
   19 -3.07220271e-03 -8.39610067e-04
   20 -1.15011062e-03  5.12869774e-04
   21  2.26723696e-04 -2.44163788e-04
   22  1.36193607e-03  2.78892441e-04
   23  1.42807908e-03  1.88237126e-05
   24  1.03740344e-03  1.06126608e-04
   25  6.80747664e-04  2.18759648e-05
   26  4.44051378e-04  3.37061243e-05
   27  3.25069393e-04  3.68599067e-05
   28  1.79815246e-04  2.37783553e-05
   29  1.07781210e-04  1.79196418e-05
   30  4.46809194e-05  7.42643380e-06
   31  2.12482471e-05  5.83363165e-06
   32  5.34697262e-06  4.14734884e-06
   33 -3.24763065e-06  1.19583259e-06
   34 -2.75969948e-06 -5.82160187e-07
   35 -3.99384749e-06  5.32300221e-07
