  -10 -3.03867533e-07 -1.29307832e-07
   -9  8.77533889e-08  7.55243133e-08
   -8  7.56839933e-08 -2.62419184e-07
   -7 -2.43129993e-07 -7.27555616e-08
   -6  6.36667283e-07  4.08096013e-07
   -5  3.31329099e-07 -1.00854300e-06
   -4 -5.24511827e-07  1.32682816e-06
   -3  1.77175378e-06 -1.03905193e-06
   -2 -1.60994746e-06  1.02668782e-06
   -1  1.15096427e-06 -2.68364157e-07
    0 -3.83107339e-07  4.00213197e-07
    1 -1.57616873e-07 -3.25872754e-07
    2 -1.21755860e-06  8.93114289e-07
    3  1.10711748e-08 -5.75552352e-07
    4  2.07081430e-07  9.13100304e-07
    5  3.68801868e-07  2.27266530e-07
    6 -1.23639986e-06 -1.29176314e-06
    7 -5.87091916e-06  1.25491026e-06
    8  6.64878926e-06 -3.48775398e-06
    9 -6.98961905e-06 -5.14613532e-06
   10  1.75355973e-05  3.77026592e-06
   11 -1.22881708e-05 -1.48614494e-05
   12 -4.72019938e-06  1.52426597e-05
   13 -2.74873741e-05 -2.49005598e-05
   14 -2.16439049e-05  1.44035272e-05
   15  2.66337315e-05 -2.67007732e-05
   16  6.15006382e-05  3.72927354e-06
   17  1.32921206e-04 -1.83105794e-05
   18  8.67195011e-05 -7.24234907e-06
   19 -4.25590176e-06 -7.47463303e-06
   20 -2.32083067e-04 -1.22458400e-05
   21 -4.75570674e-04 -1.61744959e-06
   22 -7.02598358e-04 -7.77132026e-06
   23 -8.12230078e-04  6.70957388e-06
   24 -7.95795515e-04  8.38326874e-06
   25 -8.36850444e-04  2.76128596e-05
   26 -9.55856528e-04 -2.63664496e-05
   27 -1.51843028e-03 -9.96173459e-05
   28 -1.70322833e-03 -4.61656316e-05
   29 -1.78837590e-03 -6.41948419e-05
   30 -1.61768146e-03 -1.96228643e-05
   31 -1.36875490e-03 -1.49519556e-05
   32 -1.08683983e-03  5.75050575e-07
   33 -8.00071642e-04  5.00525989e-06
   34 -5.57058223e-04  2.00916827e-05
   35 -3.59841636e-04  2.74408529e-05
   36 -2.18600505e-04  3.21979713e-05
   37 -1.23190419e-04  3.31813127e-05
   38 -6.45519254e-05  2.93325717e-05
   39 -3.06695990e-05  2.44218846e-05
   40 -1.16679369e-05  1.85439382e-05
   41 -2.31540013e-06  1.35784593e-05
   42  3.55518662e-06  1.01927140e-05
   43  4.98636732e-06  6.82431530e-06
