  -10 -6.19755132e-07  1.56308068e-07
   -9  1.46697534e-07 -1.70736648e-07
   -8 -7.30774062e-07  1.80269357e-07
   -7  3.83589710e-08 -1.23582195e-07
   -6 -4.21285815e-07  5.24641542e-07
   -5  2.55356082e-07 -1.15211130e-06
   -4 -1.03946177e-06  1.65303170e-06
   -3  1.91489753e-06 -1.51078512e-06
   -2 -1.31478880e-06  7.15275685e-07
   -1  1.01665681e-06 -1.94628321e-07
    0 -1.14239715e-06  4.87957010e-07
    1  1.59949334e-06  3.49102387e-07
    2 -1.23012547e-06 -6.99792932e-07
    3 -1.18963798e-06  7.79242277e-07
    4 -1.22346564e-06 -6.06637779e-07
    5 -2.62576266e-07  2.62313466e-07
    6 -3.88117084e-07  2.50487343e-09
    7 -7.09117415e-07 -9.44463784e-07
    8 -8.23204940e-06 -1.00677312e-06
    9  2.89152843e-07  5.98352934e-07
   10 -8.26771728e-06 -9.85001048e-06
   11  5.84741544e-06  4.56204697e-06
   12  6.41757132e-07 -1.92340261e-05
   13 -7.15605480e-06  9.58716433e-06
   14 -7.39316309e-06 -1.87677782e-05
   15 -4.04323176e-05  6.15498237e-06
   16 -9.22684971e-06 -1.21756187e-05
   17 -1.15159766e-05 -5.44489607e-06
   18  7.37477557e-05 -3.25191867e-06
   19  1.08875999e-04 -1.28403190e-05
   20  1.53158303e-04  2.57314906e-06
   21  9.43868585e-05 -1.33450520e-05
   22 -4.33542684e-05  2.47796384e-07
   23 -2.61375261e-04 -1.54647063e-05
   24 -5.06071696e-04 -1.13240349e-05
   25 -7.02448183e-04 -2.02217923e-05
   26 -7.98625141e-04 -1.35572900e-05
   27 -7.84992326e-04 -1.41809773e-05
   28 -8.34252310e-04  1.42443306e-06
   29 -9.65485531e-04 -4.03857699e-05
   30 -1.52594242e-03 -1.18478967e-04
   31 -1.80989103e-03 -6.78085137e-05
   32 -1.98626884e-03 -9.08662701e-05
   33 -1.89775647e-03 -5.12429315e-05
   34 -1.68812278e-03 -4.48317250e-05
   35 -1.41321746e-03 -2.63461859e-05
   36 -1.11282619e-03 -1.44535225e-05
   37 -8.36897020e-04  6.11177877e-06
   38 -5.97287339e-04  2.04123091e-05
   39 -4.10116939e-04  3.15797118e-05
   40 -2.70832585e-04  3.72215482e-05
   41 -1.74191368e-04  3.68755461e-05
   42 -1.09334518e-04  3.42951652e-05
   43 -6.66236607e-05  2.78160412e-05
   44 -4.06932409e-05  2.52997640e-05
   45 -2.19461092e-05  1.87473935e-05
