  -10 -1.37374812e-06 -6.82079039e-07
   -9  2.33977008e-06 -1.59679083e-06
   -8 -1.30339761e-06 -1.01482696e-06
   -7 -6.36098412e-07 -2.94105015e-06
   -6  1.92622697e-06  2.21783094e-06
   -5  1.10020160e-06 -9.09018775e-06
   -4 -4.33167963e-06  1.18217725e-05
   -3  2.16368116e-05 -1.37593313e-05
   -2 -2.58195919e-05  4.92683251e-06
   -1  3.61159929e-05 -8.67533534e-07
    0 -1.78888293e-05 -6.41930006e-06
    1  1.58460055e-05  1.36841841e-05
    2 -1.23749806e-05 -7.24886559e-06
    3  1.52692553e-05  1.99023920e-05
    4  9.49332103e-06 -3.11684111e-07
    5 -2.80471509e-06  7.13115364e-06
    6 -3.18803500e-05  1.33378046e-05
    7  1.52087784e-05 -1.15486522e-06
    8 -7.61854335e-06  1.29314470e-05
    9  1.19372102e-04  4.47536996e-05
   10  2.81338828e-05  1.05394054e-06
   11 -4.57163365e-05  5.80550462e-05
   12 -2.69726076e-04 -1.78247615e-05
   13 -4.72500070e-04 -6.48315272e-05
   14 -2.95913807e-04 -5.16568829e-05
   15  6.51814464e-05 -8.47033347e-05
   16  1.31945012e-03  2.63650571e-04
   17  1.18035348e-03  1.99540705e-04
   18  1.50700959e-03  6.03924771e-04
   19 -3.15369471e-04 -2.85431972e-04
   20 -1.42039515e-03  3.89750475e-04
   21 -1.98766957e-03 -6.06322777e-04
   22 -3.92012431e-03 -8.55749542e-04
   23 -1.94155175e-03 -5.93580439e-04
   24 -2.35297698e-04 -4.44715590e-05
   25  2.13403651e-03  3.71078927e-04
   26  2.77782544e-03  5.76772060e-04
   27  2.61677173e-03  4.90597431e-04
   28  1.99254155e-03  3.14681151e-04
   29  1.25329611e-03  1.88312567e-04
   30  8.07717273e-04  7.41418465e-05
   31  4.84334401e-04 -2.40603357e-06
   32  3.05415248e-04 -2.85102695e-05
   33  1.87661168e-04 -3.16263091e-05
   34  1.00792821e-04 -3.44112362e-05
   35  5.34327343e-05 -2.81503177e-05
   36  2.47022811e-05 -3.03266992e-05
   37  1.17153133e-05 -2.15428408e-05
