  -10  4.89841432e-05 -3.25910586e-05
   -9  1.35185483e-04 -3.63539503e-05
   -8 -1.07528882e-04  3.72513534e-05
   -7 -1.90896613e-04  1.96163699e-05
   -6 -2.32270844e-05 -2.26859631e-05
   -5  2.59649126e-04 -3.08869490e-05
   -4  2.35536199e-04  3.32040548e-05
   -3 -6.48450439e-05  2.68447802e-05
   -2 -4.08083960e-04  3.13444442e-05
   -1 -4.87732227e-04 -2.87381990e-05
    0 -1.93313924e-04 -6.29982449e-05
    1  2.77027754e-04 -5.97493388e-05
    2  6.79020458e-04 -7.87058734e-06
    3  8.57044133e-04  5.76956852e-05
    4  7.91276720e-04  1.16177555e-04
    5  5.32676251e-04  1.44664309e-04
    6  1.64079731e-04  1.26916296e-04
    7 -2.07697418e-04  5.57512812e-05
    8 -4.66946763e-04 -4.90374297e-05
    9 -5.20351732e-04 -1.44517213e-04
   10 -3.35004070e-04 -1.83850389e-04
   11  4.70699302e-05 -1.41304391e-04
   12  5.24116404e-04 -2.68730182e-05
   13  9.74392317e-04  1.18302037e-04
   14  1.29775360e-03  2.41594152e-04
   15  1.44253920e-03  3.02095704e-04
   16  1.41077015e-03  2.85837812e-04
   17  1.24460764e-03  2.08035126e-04
   18  1.00375989e-03  1.02927914e-04
   19  7.44659120e-04  7.51054886e-06
   20  5.07162846e-04 -5.20791217e-05
   21  3.11893346e-04 -6.84366349e-05
   22  1.62592714e-04 -5.13014773e-05
   23  5.60250906e-05 -1.95504161e-05
   24 -1.46507542e-05  5.95862217e-06
   25 -5.35872375e-05  1.60271043e-05
   26 -6.26239092e-05  8.37310461e-06
   27 -4.98145271e-05 -5.11883062e-06
   28 -2.60839636e-05 -1.24130627e-05
   29 -9.91627734e-06 -8.61552188e-06
   30 -1.64103670e-05 -1.81189114e-06
   31 -3.23605544e-05 -2.90606389e-06
   32 -3.54507763e-05 -7.65114196e-06
