  -10  5.70413995e-05 -3.96690613e-05
   -9  1.57832092e-04 -5.24966157e-05
   -8 -1.33267041e-04  4.19768259e-05
   -7 -2.03438186e-04  4.19662064e-05
   -6 -3.34480331e-05 -2.69867136e-05
   -5  3.10894340e-04 -4.06260637e-05
   -4  2.61612504e-04  1.54862318e-05
   -3 -7.58894563e-05  9.59055019e-06
   -2 -4.81943829e-04  5.97677157e-05
   -1 -5.58794738e-04  1.03302848e-05
    0 -1.91649583e-04 -3.52657663e-05
    1  3.62825137e-04 -7.61351147e-05
    2  8.25754461e-04 -6.67797682e-05
    3  9.92251065e-04 -1.13638062e-05
    4  8.12652207e-04  5.70902900e-05
    5  3.67707573e-04  8.22897844e-05
    6 -1.66827761e-04  3.96289054e-05
    7 -5.78850688e-04 -4.85006470e-05
    8 -6.99597565e-04 -1.22792984e-04
    9 -4.64681941e-04 -1.28544549e-04
   10  6.56122838e-05 -4.77305123e-05
   11  7.38777226e-04  9.38946771e-05
   12  1.37036425e-03  2.43238903e-04
   13  1.80751393e-03  3.46672422e-04
   14  1.96918250e-03  3.72479441e-04
   15  1.85492856e-03  3.19372609e-04
   16  1.52778677e-03  2.11531378e-04
   17  1.08455172e-03  8.46857712e-05
   18  6.22550059e-04 -2.70977648e-05
   19  2.21248545e-04 -1.01605439e-04
   20 -7.50856146e-05 -1.34134429e-04
   21 -2.48300683e-04 -1.25821419e-04
   22 -3.05426715e-04 -9.93350262e-05
   23 -2.77112730e-04 -5.78086846e-05
   24 -1.76027913e-04 -2.37830726e-05
   25 -7.09373453e-05 -5.58961239e-06
   26  2.54618708e-05  1.35437705e-05
   27  5.51865929e-05  4.57593148e-06
   28  1.45396540e-05 -4.28325169e-06
   29 -6.49286507e-05 -7.51701915e-06
   30 -7.42451014e-05 -1.99718292e-05
   31 -3.01493548e-05 -7.57992752e-06
   32 -1.05565773e-05  4.56017501e-06
