  -10  6.04658111e-05 -5.19441654e-05
   -9  9.15223550e-05 -3.22929055e-06
   -8 -5.21940977e-05  1.21188709e-05
   -7 -2.56191108e-04  8.55888233e-06
   -6 -1.76544068e-05 -8.48109409e-06
   -5  2.09498484e-04 -5.82522174e-06
   -4  2.74485109e-04  2.21659568e-05
   -3 -2.08928118e-05  3.22462270e-05
   -2 -3.49613584e-04 -9.67105052e-06
   -1 -5.25232351e-04 -4.08772934e-05
    0 -3.95064143e-04 -4.09126806e-05
    1  7.34987641e-06 -1.97731454e-05
    2  5.36371096e-04  9.28787807e-06
    3  1.00428154e-03  2.77665083e-05
    4  1.29817256e-03  3.51341830e-05
    5  1.41681646e-03  3.28435895e-05
    6  1.43427191e-03  3.02725136e-05
    7  1.43643211e-03  3.33753921e-05
    8  1.47333082e-03  4.50216216e-05
    9  1.55121780e-03  6.29349149e-05
   10  1.64625495e-03  8.27757333e-05
   11  1.72613045e-03  1.00630402e-04
   12  1.76420984e-03  1.13999503e-04
   13  1.74648007e-03  1.21834596e-04
   14  1.67110568e-03  1.24187365e-04
   15  1.54479691e-03  1.21564107e-04
   16  1.37937524e-03  1.14526567e-04
   17  1.18836671e-03  1.03677459e-04
   18  9.84817175e-04  9.00043444e-05
   19  7.80364640e-04  7.39464585e-05
   20  5.83413065e-04  5.67647830e-05
   21  4.01806962e-04  3.95548370e-05
   22  2.38188380e-04  2.24505998e-05
   23  9.82703947e-05  9.78321297e-06
   24 -1.38176850e-05 -3.01599163e-06
   25 -9.47474119e-05 -7.95841919e-06
   26 -1.28134161e-04 -1.22078378e-05
   27 -1.23500524e-04 -1.46187242e-05
   28 -8.20706285e-05 -1.21493806e-05
   29 -4.13595642e-05 -1.00016756e-05
   30 -4.00679915e-05 -1.09068330e-05
   31 -7.27456812e-05 -1.29364377e-05
   32 -8.89786310e-05 -1.81991693e-05
