  -10 -1.76565648e-07 -4.49187629e-07
   -9 -9.90763062e-08 -2.23362385e-08
   -8 -2.36233816e-07 -5.15406603e-07
   -7  2.30101340e-07 -2.24279677e-07
   -6 -1.74971857e-07 -6.04967401e-07
   -5  3.59412100e-07 -1.22414214e-07
   -4  1.82878939e-07 -5.43109161e-08
   -3  2.32204404e-07 -1.64824981e-07
   -2  1.55926728e-07 -5.21108923e-07
   -1  7.15009055e-08 -5.30716002e-07
    0  1.98814565e-07  1.69917123e-07
    1  2.93931306e-07  2.53390664e-07
    2  5.33465811e-07 -4.18135516e-07
    3  7.22717316e-07 -9.84001248e-07
    4  9.70593013e-07 -8.38184265e-07
    5  8.60836270e-07 -8.62719248e-07
    6  4.69613442e-07 -8.31487315e-08
    7  6.01960560e-07 -1.50137603e-07
    8  5.69774897e-07 -2.50406463e-08
    9  1.89251538e-06 -3.13310607e-07
   10  1.40939965e-06 -1.03395002e-06
   11  2.53956734e-06 -4.43836527e-07
   12  1.12988869e-06 -1.92300380e-06
   13  1.61600023e-06 -2.30217247e-06
   14  3.58020323e-06 -2.55558068e-07
   15  2.54812775e-06 -7.09786405e-06
   16 -6.83731635e-07  1.18040193e-05
   17  1.52405532e-06 -1.31798094e-05
   18 -2.32339303e-05  4.69867011e-06
   19  1.10962944e-05 -3.33736484e-05
   20  2.28440590e-05  1.79903133e-07
   21  1.52343347e-04 -3.30406490e-05
   22 -8.99833970e-05  4.32150413e-05
   23 -1.72085616e-04  2.57614174e-06
   24 -7.81446239e-04 -1.01861508e-04
   25 -1.11004872e-03  2.58996496e-05
   26 -1.39900446e-03 -2.22394047e-04
   27 -2.31392821e-03 -3.76179578e-04
   28 -1.96069223e-03 -2.66599490e-04
   29 -1.49374264e-03 -1.48881068e-04
   30 -7.07272232e-04 -4.21065698e-05
   31 -2.69421203e-04  2.14166607e-05
   32 -7.61742641e-05  1.82961094e-05
   33 -1.32230196e-05  2.16744255e-06
   34 -3.65172898e-05  1.06348853e-05
   35 -2.23544388e-05  1.00664728e-06
   36 -1.83683793e-05 -2.28533118e-07
   37 -3.97554183e-06  1.32442167e-06
   38  2.21703072e-06  2.08558642e-06
   39  2.29971612e-06  3.47916676e-06
   40  3.47152477e-06  1.69193630e-06
   41  2.00833020e-06  1.77394516e-06
   42  3.35953946e-06  3.13251627e-07
   43  1.87633523e-06  1.09182823e-07
