  -10  5.97473169e-07 -4.03231795e-07
   -9  1.43080410e-07 -1.42636178e-07
   -8  2.23000569e-07 -1.32640594e-07
   -7  5.56029683e-07  1.54996191e-07
   -6 -3.80220725e-08 -5.68394647e-07
   -5  1.85663093e-07  1.40309028e-06
   -4  1.35096869e-06 -2.02760886e-06
   -3 -2.66469240e-06  2.55787805e-06
   -2  3.11877803e-06 -1.65261392e-06
   -1 -2.16744056e-06  6.03046785e-07
    0 -2.04507318e-07  9.23266714e-08
    1 -9.28372430e-07  6.71585438e-07
    2  1.82541821e-06 -1.30836094e-06
    3  2.65824951e-07  3.35433112e-07
    4 -1.49019269e-06 -2.93207659e-06
    5 -3.95256642e-06  4.70774597e-07
    6  2.21710756e-06 -1.59045838e-06
    7  7.97430693e-06 -3.14079487e-06
    8  2.10070428e-06 -7.07610219e-07
    9  7.53941235e-06  1.40720998e-06
   10 -2.43042994e-05 -7.57893688e-06
   11 -1.35246057e-05  8.11098029e-06
   12 -1.26643524e-05 -1.94366749e-05
   13  3.86508107e-05  1.05122413e-05
   14  9.83885283e-05 -2.13024080e-05
   15  1.12257743e-04  5.93275884e-06
   16  7.99699473e-05 -1.42578563e-05
   17 -7.74966280e-05 -3.68146179e-06
   18 -2.62115806e-04 -6.35879083e-06
   19 -4.72688640e-04 -2.86149487e-06
   20 -5.80748138e-04  8.96314163e-06
   21 -6.10573287e-04  1.36509904e-05
   22 -7.13438866e-04  3.64800539e-05
   23 -9.20531591e-04 -2.36489667e-05
   24 -1.57059128e-03 -9.55789708e-05
   25 -1.75158654e-03 -4.34527472e-05
   26 -1.80066913e-03 -7.24486930e-05
   27 -1.57635735e-03 -2.82374870e-05
   28 -1.30133339e-03 -2.29968743e-05
   29 -1.01808777e-03 -4.52532750e-06
   30 -7.45989035e-04 -4.57328751e-07
   31 -5.23850938e-04  1.57989956e-05
   32 -3.46025685e-04  2.19646490e-05
   33 -2.20524546e-04  2.68202290e-05
   34 -1.34529870e-04  2.77507110e-05
   35 -8.05172748e-05  2.46913712e-05
   36 -4.67492945e-05  2.11705846e-05
   37 -2.61995930e-05  1.59353646e-05
   38 -1.32663065e-05  1.33715555e-05
   39 -5.35300836e-06  9.46185527e-06
