  -10 -3.84761136e-07 -3.55642374e-07
   -9 -2.87277369e-07 -3.04495630e-07
   -8 -6.53069957e-08 -2.67352556e-07
   -7 -2.75789902e-07 -1.48816039e-07
   -6 -3.22859170e-07 -1.76165738e-07
   -5 -2.46692932e-08 -8.71793467e-08
   -4 -4.68750877e-07 -5.21225853e-07
   -3 -1.18837192e-07 -2.07006047e-07
   -2  7.44344475e-08  2.16213408e-07
   -1  9.31492122e-08 -2.73167839e-07
    0  2.07793928e-07 -4.27194057e-07
    1 -1.26712148e-07 -8.97521054e-07
    2  1.17192685e-08 -3.95675357e-07
    3  5.30758523e-08 -6.69695333e-08
    4  7.43962248e-07 -1.36495348e-07
    5  1.14748526e-06 -7.93989644e-07
    6  1.27469969e-06 -1.09026698e-06
    7  1.62921914e-06 -1.20884631e-06
    8  9.26713295e-07 -4.35515406e-07
    9  9.78997776e-07  2.19046391e-07
   10  8.09164972e-07  6.58251883e-07
   11  6.43958771e-07  4.95251957e-07
   12  1.72037260e-06  5.32865000e-07
   13  1.35445745e-06 -1.12266692e-07
   14  4.22618515e-07 -1.10047877e-06
   15  1.45602116e-07  1.44795405e-06
   16  2.50122808e-06 -5.91718536e-06
   17 -4.94479753e-06  3.78145161e-06
   18  8.77769914e-06 -1.05230084e-06
   19 -2.06098185e-05 -1.36715283e-06
   20 -2.21342889e-06  6.57170955e-06
   21 -2.05051520e-05 -3.33652625e-05
   22  6.95158683e-07 -8.99250813e-09
   23  1.29894699e-04 -2.06305923e-05
   24  1.38702503e-05 -2.11832470e-05
   25 -3.37886791e-05  8.93208602e-05
   26 -5.12388277e-04 -1.41963854e-04
   27 -9.09461947e-04  1.19610817e-05
   28 -1.26562804e-03 -1.53837486e-04
   29 -1.45137880e-03 -1.84937183e-04
   30 -2.17365300e-03 -5.67674843e-04
   31 -2.08190252e-03 -2.69809840e-04
   32 -1.58252492e-03 -2.39298913e-04
   33 -9.37100679e-04 -4.51888940e-05
   34 -3.52121617e-04  1.61500260e-05
   35 -1.11302247e-04  3.01131212e-05
   36 -5.57836735e-06  1.73503637e-05
   37 -2.00807990e-05  2.04450734e-05
   38 -2.25110714e-05  1.52740340e-06
   39 -2.10009253e-05  3.24783631e-06
   40 -8.97809781e-06  4.73953216e-08
   41 -4.36470017e-08  1.77250176e-06
   42  2.58659081e-06  3.57161516e-06
   43  3.55279731e-06  1.99967767e-06
   44  4.16751794e-06  2.19177457e-06
   45  4.02614567e-06  2.88463579e-07
