  -10 -1.17692427e-06 -1.24668224e-07
   -9  1.19622584e-06 -7.33751281e-07
   -8 -1.10258943e-06 -5.79668095e-07
   -7 -6.24708919e-07 -9.75628324e-07
   -6 -8.33429241e-07  1.23071907e-06
   -5  1.21832723e-06 -7.22923729e-06
   -4 -5.45318633e-06  5.15512090e-06
   -3  1.05806185e-05 -8.53267175e-06
   -2 -8.25590247e-06  3.73710944e-06
   -1  1.04422804e-05 -2.13274202e-06
    0  3.58054481e-06 -3.51988575e-06
    1  7.69509767e-06 -3.01304395e-06
    2 -1.14940351e-06  3.43275455e-07
    3  3.79291670e-06 -3.87822491e-07
    4  7.47191426e-06  9.91242673e-06
    5  1.63090194e-05  3.11040200e-06
    6 -9.69968339e-07  7.69746026e-06
    7 -1.92602787e-05  6.60078854e-06
    8 -2.79332642e-06  4.16336467e-06
    9 -1.32066942e-05 -1.18197905e-05
   10  8.03092520e-05  3.14449041e-05
   11  5.39128907e-05 -3.32431117e-05
   12  6.05354933e-05  7.38181319e-05
   13 -1.17330781e-04 -8.67806102e-05
   14 -2.96354542e-04  1.02439192e-04
   15 -3.77638841e-04 -1.96194703e-04
   16 -2.79116234e-04  4.75800399e-05
   17  3.88039139e-04 -1.55465334e-04
   18  1.40276169e-03  2.45242779e-04
   19  1.42843776e-03  2.36699822e-04
   20  1.37368659e-03  5.89432074e-04
   21 -5.51067810e-04 -1.35273809e-04
   22 -1.88497333e-03  4.54117398e-04
   23 -2.43771909e-03 -5.61418199e-04
   24 -4.55723520e-03 -9.56130206e-04
   25 -2.29606498e-03 -6.32229133e-04
   26 -3.07587029e-04 -1.02557520e-04
   27  2.35627589e-03  3.56482520e-04
   28  3.12997716e-03  5.44204375e-04
   29  2.94053030e-03  4.72856054e-04
   30  2.27286930e-03  2.86998024e-04
   31  1.46334159e-03  1.82541534e-04
   32  9.86215162e-04  6.70994164e-05
   33  6.27760652e-04 -2.39251010e-06
   34  4.19730920e-04 -2.77356214e-05
   35  2.71659364e-04 -3.21160811e-05
   36  1.60174531e-04 -3.62394765e-05
   37  9.48998330e-05 -3.17625790e-05
   38  5.57289922e-05 -3.49897995e-05
   39  3.18799362e-05 -2.58395193e-05
