  -10  2.11679232e-07 -2.73420731e-07
   -9  4.07827924e-07 -2.68116802e-07
   -8 -8.09784298e-08 -2.15687052e-07
   -7  2.55199809e-07 -5.89448869e-08
   -6 -1.69557220e-07 -1.39694707e-07
   -5  2.87831716e-07 -6.45193963e-07
   -4 -7.34666204e-08 -1.64548133e-07
   -3  2.49886469e-07 -3.74131215e-07
   -2  5.55192397e-07 -3.94066864e-08
   -1  7.91547181e-07 -2.73839046e-07
    0  6.89915903e-07 -7.90408881e-07
    1  1.06532299e-06 -3.05786112e-07
    2  1.23784267e-06 -7.20385167e-07
    3  1.07101877e-06  1.87936683e-07
    4  9.54806643e-07 -2.64684065e-09
    5  8.55700434e-07  6.94671088e-07
    6  1.60518636e-06  8.60043873e-07
    7  1.74996569e-06  1.39905161e-08
    8  9.92579737e-07  6.72268359e-07
    9  2.40177548e-06 -9.87737043e-07
   10  1.56545671e-06 -7.01388768e-07
   11  1.81478234e-06 -3.17831113e-06
   12  6.84928433e-06  1.63226438e-06
   13  1.43406016e-07 -8.81677004e-06
   14  5.81315598e-06  1.83581721e-05
   15 -5.86791464e-06 -3.08684521e-05
   16 -4.70466364e-06  8.72168597e-06
   17  3.43722115e-05 -4.77436933e-05
   18  1.37168512e-04  2.69795656e-05
   19 -1.61023130e-05  6.13771813e-06
   20 -1.11974864e-04  8.81713069e-05
   21 -5.93932581e-04 -8.41306871e-05
   22 -9.92015419e-04  6.31740228e-05
   23 -1.27410147e-03 -2.45483502e-04
   24 -2.26313432e-03 -4.60134195e-04
   25 -1.86596916e-03 -3.61965482e-04
   26 -1.42593676e-03 -2.62564501e-04
   27 -6.25832223e-04 -9.68708080e-05
   28 -2.34163800e-04 -2.01405212e-05
   29 -6.72945197e-05  5.64503686e-06
   30 -2.14064585e-05 -7.88774463e-06
   31 -4.83208544e-05  2.10655466e-06
   32 -2.84146823e-05 -2.65284142e-06
   33 -1.95962218e-05 -2.77397466e-06
   34 -4.34707606e-06  6.44034453e-07
   35  1.45059135e-06  2.78993370e-06
   36  7.29370033e-07  2.58676946e-06
   37  1.21826418e-06  1.79325095e-06
   38  1.90713915e-06  4.04598350e-07
   39  2.59515139e-06  4.39574695e-07
