  -10 -8.86752994e-07 -1.42802824e-06
   -9  4.24861785e-06 -3.81425433e-08
   -8 -3.98285492e-06 -5.20560766e-07
   -7  5.02806469e-06  8.40403522e-07
   -6 -2.94685678e-06 -1.09475392e-06
   -5  3.79884252e-07  7.05382937e-07
   -4  2.43481820e-06 -1.12228498e-06
   -3 -9.42259362e-06 -1.71914157e-06
   -2  1.14057535e-05  1.15436405e-05
   -1 -2.74671102e-06 -2.50379442e-05
    0 -2.30449047e-05  4.01099740e-05
    1  3.97728574e-05 -3.45752787e-05
    2 -1.71737742e-05  2.03554422e-05
    3 -4.48252482e-07 -1.92074632e-05
    4 -2.34269972e-05  1.40612324e-05
    5 -2.15492098e-05 -3.51029479e-05
    6  1.76908901e-04  1.10183453e-04
    7  1.30014956e-05 -1.29724825e-04
    8 -2.22499157e-04  6.86238961e-05
    9 -3.20069216e-04 -1.11898866e-04
   10 -3.18330451e-04 -1.13497704e-04
   11  8.11772569e-04  3.94316561e-04
   12  1.32319905e-03 -1.40414199e-04
   13  1.90247921e-03  6.92277897e-04
   14 -5.09192649e-04 -6.06232699e-04
   15 -1.20223020e-03  1.90682730e-04
   16 -4.18653285e-03 -1.70630901e-03
   17 -1.34932518e-03  1.07092987e-03
   18  1.35464640e-03 -4.04232706e-04
   19  2.54420431e-03  5.58976549e-04
   20  2.47594775e-03  7.78702643e-05
   21  1.20360717e-03  1.50378606e-04
   22  5.06871107e-04  5.64466727e-05
   23  1.13527730e-04  2.25156663e-05
   24  8.39193734e-05  5.08649266e-05
   25  8.48807623e-06  1.52560625e-05
   26  1.33053655e-05  3.29474593e-06
   27 -1.17513656e-05 -1.02726532e-05
   28 -1.78306485e-06 -8.01337010e-06
   29 -7.75614916e-06  2.00955957e-07
   30 -9.69702767e-06 -2.27191916e-06
   31 -4.65417582e-06 -3.17843368e-06
   32 -3.33642530e-06 -9.64358606e-07
