  -10  1.02215789e-04 -9.83367125e-05
   -9  1.28161470e-04  1.13917239e-05
   -8 -2.55753257e-05  7.66124162e-06
   -7 -4.53613521e-04  9.85622388e-06
   -6 -3.26249404e-05 -2.79648993e-06
   -5  2.96467825e-04 -1.11099959e-05
   -4  4.86717647e-04  2.35864169e-05
   -3  2.62586316e-05  7.17597486e-05
   -2 -4.94714442e-04 -2.18157890e-05
   -1 -8.59781646e-04 -7.03520802e-05
    0 -7.66883335e-04 -7.63926504e-05
    1 -1.59361197e-04 -4.16990705e-05
    2  7.77947209e-04  4.16189360e-06
    3  1.73386972e-03  3.01154352e-05
    4  2.48825697e-03  4.19333941e-05
    5  2.99103584e-03  4.93987707e-05
    6  3.30923872e-03  6.76837845e-05
    7  3.52566600e-03  9.91732248e-05
    8  3.67430477e-03  1.38545929e-04
    9  3.74052534e-03  1.74522963e-04
   10  3.69164737e-03  1.97413987e-04
   11  3.50884747e-03  2.02733332e-04
   12  3.19954941e-03  1.91599643e-04
   13  2.79490637e-03  1.68414951e-04
   14  2.33801480e-03  1.38885753e-04
   15  1.87147066e-03  1.07719149e-04
   16  1.43006262e-03  7.83054405e-05
   17  1.03754050e-03  5.20171652e-05
   18  7.05409044e-04  3.02119140e-05
   19  4.38664209e-04  1.26832786e-05
   20  2.31147082e-04 -1.71443659e-06
   21  7.99546915e-05 -9.13350635e-06
   22 -2.58661596e-05 -1.90806345e-05
   23 -9.75640814e-05 -1.68792672e-05
   24 -1.27402687e-04 -2.12205109e-05
   25 -1.52936244e-04 -2.10211195e-05
   26 -1.39973994e-04 -1.32808661e-05
   27 -1.33845325e-04 -2.25837500e-05
   28 -1.19190972e-04 -2.11186411e-05
   29 -1.18349235e-04 -1.73261785e-05
   30 -1.10859497e-04 -2.90861795e-05
   31 -1.20277321e-04 -2.36052005e-05
   32 -1.33349191e-04 -2.38652632e-05
