  -10  8.65502379e-08  3.71468051e-09
   -9  1.83854898e-07 -1.55983519e-08
   -8  9.26345666e-08 -4.79174948e-08
   -7  1.17898698e-07 -5.67118089e-08
   -6 -6.89138307e-10  2.77013987e-08
   -5  8.50587424e-08  1.60997409e-08
   -4  6.69082016e-08  1.02086007e-07
   -3  1.24605158e-07  1.02600233e-07
   -2  1.58768549e-07  1.66701309e-07
   -1  1.57179719e-07  1.49816348e-07
    0  1.46393379e-07  4.31249423e-08
    1  1.50668005e-07 -2.02459672e-08
    2  9.04034232e-08 -1.07009491e-07
    3 -4.63479881e-08 -2.25881420e-07
    4 -2.25250486e-08 -1.96741289e-07
    5 -8.69238035e-08 -5.42015018e-08
    6  8.29764834e-07  1.30624913e-07
    7  9.34058701e-07 -1.05057347e-06
    8  2.96960227e-06 -1.16931921e-08
    9  5.11475949e-06 -8.42579011e-07
   10  2.51724814e-07 -6.92721114e-06
   11  4.54423887e-06  1.35738329e-05
   12 -2.58640640e-06 -3.08929400e-05
   13 -6.04616624e-06  3.06005484e-05
   14  8.53133241e-05 -1.46825107e-05
   15  2.18192994e-05  1.51593104e-05
   16  1.73139477e-04  5.67192895e-05
   17 -6.56048794e-04 -1.25116317e-04
   18 -8.94800539e-04 -1.45482500e-05
   19 -2.35366514e-03 -5.09792243e-04
   20 -1.55207992e-03  2.06041353e-04
   21 -8.97288102e-04 -2.07984662e-04
   22 -1.80948763e-04  9.22363437e-05
   23  2.29244764e-05 -3.33698996e-05
   24 -5.14550930e-06  2.43615195e-05
   25 -3.03263941e-05 -1.82820695e-05
   26 -2.59731651e-05 -2.82035078e-06
   27  1.01704771e-05  1.94667663e-06
   28  1.59786937e-07  4.44754593e-07
   29  6.35015116e-06  1.12012839e-06
   30 -1.46468354e-06 -1.40298807e-06
   31  1.45827445e-06  2.21702543e-07
   32  6.08818249e-07  5.02107772e-07
   33 -2.50164566e-07  1.93681131e-07
   34  1.15040649e-06 -4.94683969e-07
   35  2.40560985e-07  4.93748779e-07
