  -10  5.10572743e-07  3.14938126e-07
   -9 -1.12686957e-06  2.66458402e-07
   -8  1.53017997e-06 -6.79455969e-08
   -7 -1.43683404e-06 -3.01559126e-08
   -6  1.08144340e-06  1.16426251e-07
   -5 -5.07421605e-08 -3.21654811e-07
   -4 -1.05953263e-06  3.27383604e-07
   -3  3.07105837e-06  2.34275124e-07
   -2 -4.53359320e-06 -3.09732124e-06
   -1  2.03704103e-06  8.82752317e-06
    0  6.50562872e-06 -1.44730944e-05
    1 -1.16613874e-05  1.33543089e-05
    2  5.52734934e-06 -7.96062466e-06
    3  8.94474529e-07  6.10063086e-06
    4  9.87559218e-06 -6.83411816e-06
    5  7.64824102e-06  1.00650785e-05
    6 -5.81354838e-05 -3.08241865e-05
    7  2.81707844e-06  4.38259535e-05
    8  5.83324984e-05 -3.86303207e-05
    9  1.31644475e-04  5.15290492e-05
   10  6.67486710e-05 -5.21242898e-05
   11 -1.82001247e-04  2.54329555e-05
   12 -3.92969180e-04 -3.22808506e-05
   13 -5.52623747e-04  2.16986951e-05
   14 -6.17658550e-04  3.58075192e-05
   15 -7.75804393e-04  6.97268483e-06
   16 -1.41994966e-03 -4.25346690e-05
   17 -1.54076216e-03  3.06491752e-05
   18 -1.49254087e-03  2.03802529e-05
   19 -1.16202901e-03  4.46401019e-05
   20 -7.81469058e-04  4.09821195e-05
   21 -4.58285300e-04  9.91599217e-06
   22 -2.16361635e-04 -4.01335845e-06
   23 -8.10880816e-05 -1.20507414e-05
   24 -1.98865459e-05 -6.79772374e-06
   25  1.03047868e-06 -5.46181868e-06
   26  1.94982183e-06  2.68001225e-07
   27  3.07248128e-06  7.93850152e-07
   28  2.09913052e-06  1.67061431e-06
   29  3.33226188e-06  9.88761690e-07
   30  3.03896404e-06  6.65453053e-07
   31  2.51280261e-06  3.90005200e-07
   32  1.59512437e-06  2.51053643e-07
