    9    1  269    1.00
   8.2440e+00   3.0496e+00  -5.9000e-01
   8.2300e+00   3.0873e+00  -5.9000e-01
   8.2158e+00   3.1249e+00  -5.9000e-01
   8.2014e+00   3.1624e+00  -5.9000e-01
   8.1869e+00   3.1999e+00  -5.9000e-01
   8.1721e+00   3.2374e+00  -5.9000e-01
   8.1572e+00   3.2747e+00  -5.9000e-01
   8.1422e+00   3.3120e+00  -5.9000e-01
   8.1269e+00   3.3492e+00  -5.9000e-01
   8.1115e+00   3.3864e+00  -5.9000e-01
   8.0959e+00   3.4235e+00  -5.9000e-01
   8.0802e+00   3.4605e+00  -5.9000e-01
   8.0643e+00   3.4974e+00  -5.9000e-01
   8.0482e+00   3.5343e+00  -5.9000e-01
   8.0319e+00   3.5710e+00  -5.9000e-01
   8.0155e+00   3.6078e+00  -5.9000e-01
   7.9989e+00   3.6444e+00  -5.9000e-01
   7.9821e+00   3.6810e+00  -5.9000e-01
   7.9652e+00   3.7174e+00  -5.9000e-01
   7.9481e+00   3.7539e+00  -5.9000e-01
   7.9309e+00   3.7902e+00  -5.9000e-01
   7.9134e+00   3.8264e+00  -5.9000e-01
   7.8959e+00   3.8626e+00  -5.9000e-01
   7.8781e+00   3.8987e+00  -5.9000e-01
   7.8602e+00   3.9347e+00  -5.9000e-01
   7.8421e+00   3.9706e+00  -5.9000e-01
   7.8238e+00   4.0065e+00  -5.9000e-01
   7.8054e+00   4.0422e+00  -5.9000e-01
   7.7868e+00   4.0779e+00  -5.9000e-01
   7.7681e+00   4.1135e+00  -5.9000e-01
   7.7492e+00   4.1490e+00  -5.9000e-01
   7.7301e+00   4.1844e+00  -5.9000e-01
   7.7109e+00   4.2197e+00  -5.9000e-01
   7.6915e+00   4.2549e+00  -5.9000e-01
   7.6720e+00   4.2901e+00  -5.9000e-01
   7.6523e+00   4.3252e+00  -5.9000e-01
   7.6324e+00   4.3601e+00  -5.9000e-01
   7.6124e+00   4.3950e+00  -5.9000e-01
   7.5922e+00   4.4298e+00  -5.9000e-01
   7.5718e+00   4.4645e+00  -5.9000e-01
   7.5513e+00   4.4991e+00  -5.9000e-01
   7.5307e+00   4.5336e+00  -5.9000e-01
   7.5098e+00   4.5680e+00  -5.9000e-01
   7.4889e+00   4.6023e+00  -5.9000e-01
   7.4677e+00   4.6365e+00  -5.9000e-01
   7.4464e+00   4.6706e+00  -5.9000e-01
   7.4250e+00   4.7047e+00  -5.9000e-01
   7.4034e+00   4.7386e+00  -5.9000e-01
   7.3816e+00   4.7724e+00  -5.9000e-01
   7.3597e+00   4.8061e+00  -5.9000e-01
   7.3376e+00   4.8398e+00  -5.9000e-01
   7.3154e+00   4.8733e+00  -5.9000e-01
   7.2930e+00   4.9067e+00  -5.9000e-01
   7.2705e+00   4.9400e+00  -5.9000e-01
   7.2478e+00   4.9732e+00  -5.9000e-01
   7.2250e+00   5.0064e+00  -5.9000e-01
   7.2020e+00   5.0394e+00  -5.9000e-01
   7.1789e+00   5.0723e+00  -5.9000e-01
   7.1556e+00   5.1051e+00  -5.9000e-01
   7.1322e+00   5.1377e+00  -5.9000e-01
   7.1086e+00   5.1703e+00  -5.9000e-01
   7.0848e+00   5.2028e+00  -5.9000e-01
   7.0610e+00   5.2352e+00  -5.9000e-01
   7.0369e+00   5.2674e+00  -5.9000e-01
   7.0128e+00   5.2996e+00  -5.9000e-01
   6.9884e+00   5.3316e+00  -5.9000e-01
   6.9640e+00   5.3635e+00  -5.9000e-01
   6.9394e+00   5.3953e+00  -5.9000e-01
   6.9146e+00   5.4270e+00  -5.9000e-01
   6.8897e+00   5.4586e+00  -5.9000e-01
   6.8646e+00   5.4901e+00  -5.9000e-01
   6.8395e+00   5.5214e+00  -5.9000e-01
   6.8141e+00   5.5526e+00  -5.9000e-01
   6.7886e+00   5.5838e+00  -5.9000e-01
   6.7630e+00   5.6148e+00  -5.9000e-01
   6.7646e+00   5.6160e+00  -5.5000e-01
   6.7661e+00   5.6173e+00  -5.1000e-01
   6.7676e+00   5.6186e+00  -4.7000e-01
   6.7692e+00   5.6199e+00  -4.3000e-01
   6.7707e+00   5.6212e+00  -3.9000e-01
   6.7723e+00   5.6224e+00  -3.5000e-01
   6.7738e+00   5.6237e+00  -3.1000e-01
   6.7753e+00   5.6250e+00  -2.7000e-01
   6.7769e+00   5.6263e+00  -2.3000e-01
   6.7784e+00   5.6275e+00  -1.9000e-01
   6.7799e+00   5.6288e+00  -1.5000e-01
   6.7815e+00   5.6301e+00  -1.1000e-01
   6.7830e+00   5.6314e+00  -7.0000e-02
   6.7846e+00   5.6327e+00  -3.0000e-02
   6.7861e+00   5.6339e+00   1.0000e-02
   6.7876e+00   5.6352e+00   5.0000e-02
   6.7892e+00   5.6365e+00   9.0000e-02
   6.7907e+00   5.6378e+00   1.3000e-01
   6.7923e+00   5.6390e+00   1.7000e-01
   6.7938e+00   5.6403e+00   2.1000e-01
   6.7953e+00   5.6416e+00   2.5000e-01
   6.7969e+00   5.6429e+00   2.9000e-01
   6.7984e+00   5.6442e+00   3.3000e-01
   6.8000e+00   5.6454e+00   3.7000e-01
   6.8015e+00   5.6467e+00   4.1000e-01
   6.8030e+00   5.6480e+00   4.5000e-01
   6.8046e+00   5.6493e+00   4.9000e-01
   6.8061e+00   5.6505e+00   5.3000e-01
   6.8076e+00   5.6518e+00   5.7000e-01
   6.8092e+00   5.6531e+00   6.1000e-01
   6.8066e+00   5.6510e+00   6.5067e-01
   6.8041e+00   5.6488e+00   6.9133e-01
   6.8015e+00   5.6467e+00   7.3200e-01
   6.7989e+00   5.6446e+00   7.7267e-01
   6.7964e+00   5.6424e+00   8.1333e-01
   6.7938e+00   5.6403e+00   8.5400e-01
   6.7912e+00   5.6382e+00   8.9467e-01
   6.7887e+00   5.6361e+00   9.3533e-01
   6.7861e+00   5.6339e+00   9.7600e-01
   6.7835e+00   5.6318e+00   1.0167e+00
   6.7810e+00   5.6297e+00   1.0573e+00
   6.7784e+00   5.6275e+00   1.0980e+00
   6.7758e+00   5.6254e+00   1.1387e+00
   6.7733e+00   5.6233e+00   1.1793e+00
   6.7707e+00   5.6212e+00   1.2200e+00
   6.7682e+00   5.6190e+00   1.2607e+00
   6.7656e+00   5.6169e+00   1.3013e+00
   6.7630e+00   5.6148e+00   1.3420e+00
   6.7605e+00   5.6126e+00   1.3827e+00
   6.7579e+00   5.6105e+00   1.4233e+00
   6.7553e+00   5.6084e+00   1.4640e+00
   6.7528e+00   5.6063e+00   1.5047e+00
   6.7502e+00   5.6041e+00   1.5453e+00
   6.7476e+00   5.6020e+00   1.5860e+00
   6.7451e+00   5.5999e+00   1.6267e+00
   6.7425e+00   5.5977e+00   1.6673e+00
   6.7399e+00   5.5956e+00   1.7080e+00
   6.7374e+00   5.5935e+00   1.7487e+00
   6.7348e+00   5.5913e+00   1.7893e+00
   6.7322e+00   5.5892e+00   1.8300e+00
   6.7577e+00   5.5584e+00   1.8300e+00
   6.7831e+00   5.5274e+00   1.8300e+00
   6.8083e+00   5.4963e+00   1.8300e+00
   6.8334e+00   5.4651e+00   1.8300e+00
   6.8583e+00   5.4337e+00   1.8300e+00
   6.8831e+00   5.4023e+00   1.8300e+00
   6.9078e+00   5.3708e+00   1.8300e+00
   6.9323e+00   5.3391e+00   1.8300e+00
   6.9566e+00   5.3073e+00   1.8300e+00
   6.9809e+00   5.2754e+00   1.8300e+00
   7.0049e+00   5.2434e+00   1.8300e+00
   7.0288e+00   5.2113e+00   1.8300e+00
   7.0526e+00   5.1791e+00   1.8300e+00
   7.0762e+00   5.1468e+00   1.8300e+00
   7.0997e+00   5.1144e+00   1.8300e+00
   7.1230e+00   5.0818e+00   1.8300e+00
   7.1462e+00   5.0492e+00   1.8300e+00
   7.1692e+00   5.0164e+00   1.8300e+00
   7.1921e+00   4.9836e+00   1.8300e+00
   7.2148e+00   4.9506e+00   1.8300e+00
   7.2374e+00   4.9175e+00   1.8300e+00
   7.2598e+00   4.8844e+00   1.8300e+00
   7.2821e+00   4.8511e+00   1.8300e+00
   7.3042e+00   4.8177e+00   1.8300e+00
   7.3262e+00   4.7843e+00   1.8300e+00
   7.3480e+00   4.7507e+00   1.8300e+00
   7.3697e+00   4.7170e+00   1.8300e+00
   7.3912e+00   4.6833e+00   1.8300e+00
   7.4125e+00   4.6494e+00   1.8300e+00
   7.4337e+00   4.6154e+00   1.8300e+00
   7.4548e+00   4.5814e+00   1.8300e+00
   7.4757e+00   4.5472e+00   1.8300e+00
   7.4964e+00   4.5129e+00   1.8300e+00
   7.5170e+00   4.4786e+00   1.8300e+00
   7.5374e+00   4.4442e+00   1.8300e+00
   7.5576e+00   4.4096e+00   1.8300e+00
   7.5777e+00   4.3750e+00   1.8300e+00
   7.5977e+00   4.3403e+00   1.8300e+00
   7.6174e+00   4.3055e+00   1.8300e+00
   7.6371e+00   4.2706e+00   1.8300e+00
   7.6565e+00   4.2356e+00   1.8300e+00
   7.6758e+00   4.2005e+00   1.8300e+00
   7.6950e+00   4.1653e+00   1.8300e+00
   7.7139e+00   4.1301e+00   1.8300e+00
   7.7328e+00   4.0948e+00   1.8300e+00
   7.7514e+00   4.0593e+00   1.8300e+00
   7.7699e+00   4.0238e+00   1.8300e+00
   7.7882e+00   3.9882e+00   1.8300e+00
   7.8064e+00   3.9525e+00   1.8300e+00
   7.8244e+00   3.9168e+00   1.8300e+00
   7.8422e+00   3.8809e+00   1.8300e+00
   7.8599e+00   3.8450e+00   1.8300e+00
   7.8774e+00   3.8090e+00   1.8300e+00
   7.8948e+00   3.7729e+00   1.8300e+00
   7.9120e+00   3.7368e+00   1.8300e+00
   7.9290e+00   3.7005e+00   1.8300e+00
   7.9458e+00   3.6642e+00   1.8300e+00
   7.9625e+00   3.6278e+00   1.8300e+00
   7.9790e+00   3.5913e+00   1.8300e+00
   7.9954e+00   3.5548e+00   1.8300e+00
   8.0115e+00   3.5182e+00   1.8300e+00
   8.0276e+00   3.4815e+00   1.8300e+00
   8.0434e+00   3.4447e+00   1.8300e+00
   8.0591e+00   3.4079e+00   1.8300e+00
   8.0746e+00   3.3710e+00   1.8300e+00
   8.0899e+00   3.3340e+00   1.8300e+00
   8.1051e+00   3.2969e+00   1.8300e+00
   8.1201e+00   3.2598e+00   1.8300e+00
   8.1349e+00   3.2226e+00   1.8300e+00
   8.1496e+00   3.1854e+00   1.8300e+00
   8.1641e+00   3.1480e+00   1.8300e+00
   8.1784e+00   3.1107e+00   1.8300e+00
   8.1926e+00   3.0732e+00   1.8300e+00
   8.2065e+00   3.0357e+00   1.8300e+00
   8.2097e+00   3.0368e+00   1.7893e+00
   8.2128e+00   3.0380e+00   1.7487e+00
   8.2159e+00   3.0392e+00   1.7080e+00
   8.2190e+00   3.0403e+00   1.6673e+00
   8.2222e+00   3.0415e+00   1.6267e+00
   8.2253e+00   3.0426e+00   1.5860e+00
   8.2284e+00   3.0438e+00   1.5453e+00
   8.2315e+00   3.0449e+00   1.5047e+00
   8.2347e+00   3.0461e+00   1.4640e+00
   8.2378e+00   3.0473e+00   1.4233e+00
   8.2409e+00   3.0484e+00   1.3827e+00
   8.2440e+00   3.0496e+00   1.3420e+00
   8.2472e+00   3.0507e+00   1.3013e+00
   8.2503e+00   3.0519e+00   1.2607e+00
   8.2534e+00   3.0530e+00   1.2200e+00
   8.2565e+00   3.0542e+00   1.1793e+00
   8.2597e+00   3.0553e+00   1.1387e+00
   8.2628e+00   3.0565e+00   1.0980e+00
   8.2659e+00   3.0577e+00   1.0573e+00
   8.2691e+00   3.0588e+00   1.0167e+00
   8.2722e+00   3.0600e+00   9.7600e-01
   8.2753e+00   3.0611e+00   9.3533e-01
   8.2784e+00   3.0623e+00   8.9467e-01
   8.2816e+00   3.0634e+00   8.5400e-01
   8.2847e+00   3.0646e+00   8.1333e-01
   8.2878e+00   3.0658e+00   7.7267e-01
   8.2909e+00   3.0669e+00   7.3200e-01
   8.2941e+00   3.0681e+00   6.9133e-01
   8.2972e+00   3.0692e+00   6.5067e-01
   8.3003e+00   3.0704e+00   6.1000e-01
   8.2984e+00   3.0697e+00   5.7000e-01
   8.2966e+00   3.0690e+00   5.3000e-01
   8.2947e+00   3.0683e+00   4.9000e-01
   8.2928e+00   3.0676e+00   4.5000e-01
   8.2909e+00   3.0669e+00   4.1000e-01
   8.2891e+00   3.0662e+00   3.7000e-01
   8.2872e+00   3.0655e+00   3.3000e-01
   8.2853e+00   3.0648e+00   2.9000e-01
   8.2834e+00   3.0641e+00   2.5000e-01
   8.2816e+00   3.0634e+00   2.1000e-01
   8.2797e+00   3.0627e+00   1.7000e-01
   8.2778e+00   3.0621e+00   1.3000e-01
   8.2759e+00   3.0614e+00   9.0000e-02
   8.2741e+00   3.0607e+00   5.0000e-02
   8.2722e+00   3.0600e+00   1.0000e-02
   8.2703e+00   3.0593e+00  -3.0000e-02
   8.2684e+00   3.0586e+00  -7.0000e-02
   8.2666e+00   3.0579e+00  -1.1000e-01
   8.2647e+00   3.0572e+00  -1.5000e-01
   8.2628e+00   3.0565e+00  -1.9000e-01
   8.2609e+00   3.0558e+00  -2.3000e-01
   8.2591e+00   3.0551e+00  -2.7000e-01
   8.2572e+00   3.0544e+00  -3.1000e-01
   8.2553e+00   3.0537e+00  -3.5000e-01
   8.2534e+00   3.0530e+00  -3.9000e-01
   8.2515e+00   3.0523e+00  -4.3000e-01
   8.2497e+00   3.0516e+00  -4.7000e-01
   8.2478e+00   3.0510e+00  -5.1000e-01
   8.2459e+00   3.0503e+00  -5.5000e-01
   8.2440e+00   3.0496e+00  -5.9000e-01
   4.3551e+00   7.6353e+00  -5.9000e-01
   4.3201e+00   7.6551e+00  -5.9000e-01
   4.2850e+00   7.6748e+00  -5.9000e-01
   4.2499e+00   7.6943e+00  -5.9000e-01
   4.2146e+00   7.7137e+00  -5.9000e-01
   4.1793e+00   7.7329e+00  -5.9000e-01
   4.1439e+00   7.7519e+00  -5.9000e-01
   4.1083e+00   7.7708e+00  -5.9000e-01
   4.0727e+00   7.7895e+00  -5.9000e-01
   4.0371e+00   7.8081e+00  -5.9000e-01
   4.0013e+00   7.8265e+00  -5.9000e-01
   3.9654e+00   7.8447e+00  -5.9000e-01
   3.9295e+00   7.8628e+00  -5.9000e-01
   3.8935e+00   7.8807e+00  -5.9000e-01
   3.8574e+00   7.8984e+00  -5.9000e-01
   3.8212e+00   7.9160e+00  -5.9000e-01
   3.7849e+00   7.9334e+00  -5.9000e-01
   3.7486e+00   7.9506e+00  -5.9000e-01
   3.7122e+00   7.9677e+00  -5.9000e-01
   3.6757e+00   7.9846e+00  -5.9000e-01
   3.6391e+00   8.0013e+00  -5.9000e-01
   3.6025e+00   8.0179e+00  -5.9000e-01
   3.5657e+00   8.0343e+00  -5.9000e-01
   3.5289e+00   8.0505e+00  -5.9000e-01
   3.4921e+00   8.0666e+00  -5.9000e-01
   3.4551e+00   8.0825e+00  -5.9000e-01
   3.4181e+00   8.0982e+00  -5.9000e-01
   3.3810e+00   8.1137e+00  -5.9000e-01
   3.3439e+00   8.1291e+00  -5.9000e-01
   3.3066e+00   8.1443e+00  -5.9000e-01
   3.2693e+00   8.1594e+00  -5.9000e-01
   3.2320e+00   8.1743e+00  -5.9000e-01
   3.1945e+00   8.1890e+00  -5.9000e-01
   3.1570e+00   8.2035e+00  -5.9000e-01
   3.1195e+00   8.2179e+00  -5.9000e-01
   3.0818e+00   8.2320e+00  -5.9000e-01
   3.0441e+00   8.2461e+00  -5.9000e-01
   3.0064e+00   8.2599e+00  -5.9000e-01
   2.9685e+00   8.2736e+00  -5.9000e-01
   2.9306e+00   8.2871e+00  -5.9000e-01
   2.8927e+00   8.3004e+00  -5.9000e-01
   2.8547e+00   8.3135e+00  -5.9000e-01
   2.8166e+00   8.3265e+00  -5.9000e-01
   2.7785e+00   8.3393e+00  -5.9000e-01
   2.7403e+00   8.3519e+00  -5.9000e-01
   2.7021e+00   8.3644e+00  -5.9000e-01
   2.6638e+00   8.3767e+00  -5.9000e-01
   2.6254e+00   8.3888e+00  -5.9000e-01
   2.5870e+00   8.4007e+00  -5.9000e-01
   2.5485e+00   8.4124e+00  -5.9000e-01
   2.5100e+00   8.4240e+00  -5.9000e-01
   2.4714e+00   8.4354e+00  -5.9000e-01
   2.4328e+00   8.4466e+00  -5.9000e-01
   2.3941e+00   8.4577e+00  -5.9000e-01
   2.3554e+00   8.4685e+00  -5.9000e-01
   2.3166e+00   8.4792e+00  -5.9000e-01
   2.2778e+00   8.4897e+00  -5.9000e-01
   2.2390e+00   8.5001e+00  -5.9000e-01
   2.2000e+00   8.5102e+00  -5.9000e-01
   2.1611e+00   8.5202e+00  -5.9000e-01
   2.1221e+00   8.5300e+00  -5.9000e-01
   2.0830e+00   8.5396e+00  -5.9000e-01
   2.0439e+00   8.5491e+00  -5.9000e-01
   2.0048e+00   8.5583e+00  -5.9000e-01
   1.9656e+00   8.5674e+00  -5.9000e-01
   1.9264e+00   8.5763e+00  -5.9000e-01
   1.8871e+00   8.5850e+00  -5.9000e-01
   1.8478e+00   8.5936e+00  -5.9000e-01
   1.8085e+00   8.6019e+00  -5.9000e-01
   1.7691e+00   8.6101e+00  -5.9000e-01
   1.7297e+00   8.6181e+00  -5.9000e-01
   1.6902e+00   8.6260e+00  -5.9000e-01
   1.6507e+00   8.6336e+00  -5.9000e-01
   1.6112e+00   8.6411e+00  -5.9000e-01
   1.5717e+00   8.6483e+00  -5.9000e-01
   1.5720e+00   8.6503e+00  -5.5000e-01
   1.5724e+00   8.6523e+00  -5.1000e-01
   1.5727e+00   8.6543e+00  -4.7000e-01
   1.5731e+00   8.6562e+00  -4.3000e-01
   1.5735e+00   8.6582e+00  -3.9000e-01
   1.5738e+00   8.6602e+00  -3.5000e-01
   1.5742e+00   8.6621e+00  -3.1000e-01
   1.5745e+00   8.6641e+00  -2.7000e-01
   1.5749e+00   8.6661e+00  -2.3000e-01
   1.5752e+00   8.6680e+00  -1.9000e-01
   1.5756e+00   8.6700e+00  -1.5000e-01
   1.5760e+00   8.6720e+00  -1.1000e-01
   1.5763e+00   8.6739e+00  -7.0000e-02
   1.5767e+00   8.6759e+00  -3.0000e-02
   1.5770e+00   8.6779e+00   1.0000e-02
   1.5774e+00   8.6798e+00   5.0000e-02
   1.5778e+00   8.6818e+00   9.0000e-02
   1.5781e+00   8.6838e+00   1.3000e-01
   1.5785e+00   8.6857e+00   1.7000e-01
   1.5788e+00   8.6877e+00   2.1000e-01
   1.5792e+00   8.6897e+00   2.5000e-01
   1.5795e+00   8.6916e+00   2.9000e-01
   1.5799e+00   8.6936e+00   3.3000e-01
   1.5803e+00   8.6956e+00   3.7000e-01
   1.5806e+00   8.6975e+00   4.1000e-01
   1.5810e+00   8.6995e+00   4.5000e-01
   1.5813e+00   8.7015e+00   4.9000e-01
   1.5817e+00   8.7034e+00   5.3000e-01
   1.5820e+00   8.7054e+00   5.7000e-01
   1.5824e+00   8.7074e+00   6.1000e-01
   1.5818e+00   8.7041e+00   6.5067e-01
   1.5812e+00   8.7008e+00   6.9133e-01
   1.5806e+00   8.6975e+00   7.3200e-01
   1.5800e+00   8.6943e+00   7.7267e-01
   1.5794e+00   8.6910e+00   8.1333e-01
   1.5788e+00   8.6877e+00   8.5400e-01
   1.5782e+00   8.6844e+00   8.9467e-01
   1.5776e+00   8.6811e+00   9.3533e-01
   1.5770e+00   8.6779e+00   9.7600e-01
   1.5764e+00   8.6746e+00   1.0167e+00
   1.5758e+00   8.6713e+00   1.0573e+00
   1.5752e+00   8.6680e+00   1.0980e+00
   1.5747e+00   8.6647e+00   1.1387e+00
   1.5741e+00   8.6615e+00   1.1793e+00
   1.5735e+00   8.6582e+00   1.2200e+00
   1.5729e+00   8.6549e+00   1.2607e+00
   1.5723e+00   8.6516e+00   1.3013e+00
   1.5717e+00   8.6483e+00   1.3420e+00
   1.5711e+00   8.6451e+00   1.3827e+00
   1.5705e+00   8.6418e+00   1.4233e+00
   1.5699e+00   8.6385e+00   1.4640e+00
   1.5693e+00   8.6352e+00   1.5047e+00
   1.5687e+00   8.6320e+00   1.5453e+00
   1.5681e+00   8.6287e+00   1.5860e+00
   1.5675e+00   8.6254e+00   1.6267e+00
   1.5669e+00   8.6221e+00   1.6673e+00
   1.5663e+00   8.6188e+00   1.7080e+00
   1.5657e+00   8.6156e+00   1.7487e+00
   1.5651e+00   8.6123e+00   1.7893e+00
   1.5645e+00   8.6090e+00   1.8300e+00
   1.6039e+00   8.6017e+00   1.8300e+00
   1.6432e+00   8.5943e+00   1.8300e+00
   1.6825e+00   8.5867e+00   1.8300e+00
   1.7218e+00   8.5789e+00   1.8300e+00
   1.7610e+00   8.5710e+00   1.8300e+00
   1.8002e+00   8.5628e+00   1.8300e+00
   1.8394e+00   8.5545e+00   1.8300e+00
   1.8785e+00   8.5460e+00   1.8300e+00
   1.9176e+00   8.5373e+00   1.8300e+00
   1.9567e+00   8.5284e+00   1.8300e+00
   1.9957e+00   8.5194e+00   1.8300e+00
   2.0346e+00   8.5102e+00   1.8300e+00
   2.0735e+00   8.5008e+00   1.8300e+00
   2.1124e+00   8.4912e+00   1.8300e+00
   2.1512e+00   8.4814e+00   1.8300e+00
   2.1900e+00   8.4715e+00   1.8300e+00
   2.2288e+00   8.4614e+00   1.8300e+00
   2.2675e+00   8.4511e+00   1.8300e+00
   2.3061e+00   8.4406e+00   1.8300e+00
   2.3447e+00   8.4300e+00   1.8300e+00
   2.3832e+00   8.4192e+00   1.8300e+00
   2.4217e+00   8.4082e+00   1.8300e+00
   2.4602e+00   8.3970e+00   1.8300e+00
   2.4986e+00   8.3857e+00   1.8300e+00
   2.5369e+00   8.3742e+00   1.8300e+00
   2.5752e+00   8.3625e+00   1.8300e+00
   2.6135e+00   8.3506e+00   1.8300e+00
   2.6516e+00   8.3385e+00   1.8300e+00
   2.6898e+00   8.3263e+00   1.8300e+00
   2.7278e+00   8.3139e+00   1.8300e+00
   2.7658e+00   8.3014e+00   1.8300e+00
   2.8038e+00   8.2886e+00   1.8300e+00
   2.8417e+00   8.2757e+00   1.8300e+00
   2.8795e+00   8.2626e+00   1.8300e+00
   2.9173e+00   8.2494e+00   1.8300e+00
   2.9550e+00   8.2359e+00   1.8300e+00
   2.9927e+00   8.2223e+00   1.8300e+00
   3.0303e+00   8.2085e+00   1.8300e+00
   3.0678e+00   8.1946e+00   1.8300e+00
   3.1053e+00   8.1805e+00   1.8300e+00
   3.1427e+00   8.1662e+00   1.8300e+00
   3.1800e+00   8.1517e+00   1.8300e+00
   3.2173e+00   8.1371e+00   1.8300e+00
   3.2544e+00   8.1223e+00   1.8300e+00
   3.2916e+00   8.1073e+00   1.8300e+00
   3.3286e+00   8.0921e+00   1.8300e+00
   3.3656e+00   8.0768e+00   1.8300e+00
   3.4026e+00   8.0613e+00   1.8300e+00
   3.4394e+00   8.0457e+00   1.8300e+00
   3.4762e+00   8.0299e+00   1.8300e+00
   3.5129e+00   8.0139e+00   1.8300e+00
   3.5495e+00   7.9977e+00   1.8300e+00
   3.5861e+00   7.9814e+00   1.8300e+00
   3.6226e+00   7.9649e+00   1.8300e+00
   3.6590e+00   7.9482e+00   1.8300e+00
   3.6953e+00   7.9314e+00   1.8300e+00
   3.7315e+00   7.9144e+00   1.8300e+00
   3.7677e+00   7.8973e+00   1.8300e+00
   3.8038e+00   7.8799e+00   1.8300e+00
   3.8398e+00   7.8625e+00   1.8300e+00
   3.8758e+00   7.8448e+00   1.8300e+00
   3.9116e+00   7.8270e+00   1.8300e+00
   3.9474e+00   7.8090e+00   1.8300e+00
   3.9831e+00   7.7909e+00   1.8300e+00
   4.0187e+00   7.7726e+00   1.8300e+00
   4.0542e+00   7.7541e+00   1.8300e+00
   4.0896e+00   7.7355e+00   1.8300e+00
   4.1250e+00   7.7167e+00   1.8300e+00
   4.1603e+00   7.6977e+00   1.8300e+00
   4.1954e+00   7.6786e+00   1.8300e+00
   4.2305e+00   7.6593e+00   1.8300e+00
   4.2655e+00   7.6399e+00   1.8300e+00
   4.3004e+00   7.6203e+00   1.8300e+00
   4.3353e+00   7.6005e+00   1.8300e+00
   4.3369e+00   7.6034e+00   1.7893e+00
   4.3386e+00   7.6063e+00   1.7487e+00
   4.3402e+00   7.6092e+00   1.7080e+00
   4.3419e+00   7.6121e+00   1.6673e+00
   4.3435e+00   7.6150e+00   1.6267e+00
   4.3452e+00   7.6179e+00   1.5860e+00
   4.3468e+00   7.6208e+00   1.5453e+00
   4.3485e+00   7.6237e+00   1.5047e+00
   4.3501e+00   7.6266e+00   1.4640e+00
   4.3518e+00   7.6295e+00   1.4233e+00
   4.3534e+00   7.6324e+00   1.3827e+00
   4.3551e+00   7.6353e+00   1.3420e+00
   4.3567e+00   7.6382e+00   1.3013e+00
   4.3584e+00   7.6411e+00   1.2607e+00
   4.3600e+00   7.6440e+00   1.2200e+00
   4.3617e+00   7.6469e+00   1.1793e+00
   4.3633e+00   7.6497e+00   1.1387e+00
   4.3650e+00   7.6526e+00   1.0980e+00
   4.3666e+00   7.6555e+00   1.0573e+00
   4.3683e+00   7.6584e+00   1.0167e+00
   4.3699e+00   7.6613e+00   9.7600e-01
   4.3716e+00   7.6642e+00   9.3533e-01
   4.3732e+00   7.6671e+00   8.9467e-01
   4.3749e+00   7.6700e+00   8.5400e-01
   4.3766e+00   7.6729e+00   8.1333e-01
   4.3782e+00   7.6758e+00   7.7267e-01
   4.3799e+00   7.6787e+00   7.3200e-01
   4.3815e+00   7.6816e+00   6.9133e-01
   4.3832e+00   7.6845e+00   6.5067e-01
   4.3848e+00   7.6874e+00   6.1000e-01
   4.3838e+00   7.6857e+00   5.7000e-01
   4.3828e+00   7.6839e+00   5.3000e-01
   4.3818e+00   7.6822e+00   4.9000e-01
   4.3808e+00   7.6804e+00   4.5000e-01
   4.3799e+00   7.6787e+00   4.1000e-01
   4.3789e+00   7.6770e+00   3.7000e-01
   4.3779e+00   7.6752e+00   3.3000e-01
   4.3769e+00   7.6735e+00   2.9000e-01
   4.3759e+00   7.6718e+00   2.5000e-01
   4.3749e+00   7.6700e+00   2.1000e-01
   4.3739e+00   7.6683e+00   1.7000e-01
   4.3729e+00   7.6665e+00   1.3000e-01
   4.3719e+00   7.6648e+00   9.0000e-02
   4.3709e+00   7.6631e+00   5.0000e-02
   4.3699e+00   7.6613e+00   1.0000e-02
   4.3690e+00   7.6596e+00  -3.0000e-02
   4.3680e+00   7.6579e+00  -7.0000e-02
   4.3670e+00   7.6561e+00  -1.1000e-01
   4.3660e+00   7.6544e+00  -1.5000e-01
   4.3650e+00   7.6526e+00  -1.9000e-01
   4.3640e+00   7.6509e+00  -2.3000e-01
   4.3630e+00   7.6492e+00  -2.7000e-01
   4.3620e+00   7.6474e+00  -3.1000e-01
   4.3610e+00   7.6457e+00  -3.5000e-01
   4.3600e+00   7.6440e+00  -3.9000e-01
   4.3590e+00   7.6422e+00  -4.3000e-01
   4.3581e+00   7.6405e+00  -4.7000e-01
   4.3571e+00   7.6387e+00  -5.1000e-01
   4.3561e+00   7.6370e+00  -5.5000e-01
   4.3551e+00   7.6353e+00  -5.9000e-01
  -1.5717e+00   8.6483e+00  -5.9000e-01
  -1.6112e+00   8.6411e+00  -5.9000e-01
  -1.6507e+00   8.6336e+00  -5.9000e-01
  -1.6902e+00   8.6260e+00  -5.9000e-01
  -1.7297e+00   8.6181e+00  -5.9000e-01
  -1.7691e+00   8.6101e+00  -5.9000e-01
  -1.8085e+00   8.6019e+00  -5.9000e-01
  -1.8478e+00   8.5936e+00  -5.9000e-01
  -1.8871e+00   8.5850e+00  -5.9000e-01
  -1.9264e+00   8.5763e+00  -5.9000e-01
  -1.9656e+00   8.5674e+00  -5.9000e-01
  -2.0048e+00   8.5583e+00  -5.9000e-01
  -2.0439e+00   8.5491e+00  -5.9000e-01
  -2.0830e+00   8.5396e+00  -5.9000e-01
  -2.1221e+00   8.5300e+00  -5.9000e-01
  -2.1611e+00   8.5202e+00  -5.9000e-01
  -2.2000e+00   8.5102e+00  -5.9000e-01
  -2.2390e+00   8.5001e+00  -5.9000e-01
  -2.2778e+00   8.4897e+00  -5.9000e-01
  -2.3166e+00   8.4792e+00  -5.9000e-01
  -2.3554e+00   8.4685e+00  -5.9000e-01
  -2.3941e+00   8.4577e+00  -5.9000e-01
  -2.4328e+00   8.4466e+00  -5.9000e-01
  -2.4714e+00   8.4354e+00  -5.9000e-01
  -2.5100e+00   8.4240e+00  -5.9000e-01
  -2.5485e+00   8.4124e+00  -5.9000e-01
  -2.5870e+00   8.4007e+00  -5.9000e-01
  -2.6254e+00   8.3888e+00  -5.9000e-01
  -2.6638e+00   8.3767e+00  -5.9000e-01
  -2.7021e+00   8.3644e+00  -5.9000e-01
  -2.7403e+00   8.3519e+00  -5.9000e-01
  -2.7785e+00   8.3393e+00  -5.9000e-01
  -2.8166e+00   8.3265e+00  -5.9000e-01
  -2.8547e+00   8.3135e+00  -5.9000e-01
  -2.8927e+00   8.3004e+00  -5.9000e-01
  -2.9306e+00   8.2871e+00  -5.9000e-01
  -2.9685e+00   8.2736e+00  -5.9000e-01
  -3.0064e+00   8.2599e+00  -5.9000e-01
  -3.0441e+00   8.2461e+00  -5.9000e-01
  -3.0818e+00   8.2320e+00  -5.9000e-01
  -3.1195e+00   8.2179e+00  -5.9000e-01
  -3.1570e+00   8.2035e+00  -5.9000e-01
  -3.1945e+00   8.1890e+00  -5.9000e-01
  -3.2320e+00   8.1743e+00  -5.9000e-01
  -3.2693e+00   8.1594e+00  -5.9000e-01
  -3.3066e+00   8.1443e+00  -5.9000e-01
  -3.3439e+00   8.1291e+00  -5.9000e-01
  -3.3810e+00   8.1137e+00  -5.9000e-01
  -3.4181e+00   8.0982e+00  -5.9000e-01
  -3.4551e+00   8.0825e+00  -5.9000e-01
  -3.4921e+00   8.0666e+00  -5.9000e-01
  -3.5289e+00   8.0505e+00  -5.9000e-01
  -3.5657e+00   8.0343e+00  -5.9000e-01
  -3.6025e+00   8.0179e+00  -5.9000e-01
  -3.6391e+00   8.0013e+00  -5.9000e-01
  -3.6757e+00   7.9846e+00  -5.9000e-01
  -3.7122e+00   7.9677e+00  -5.9000e-01
  -3.7486e+00   7.9506e+00  -5.9000e-01
  -3.7849e+00   7.9334e+00  -5.9000e-01
  -3.8212e+00   7.9160e+00  -5.9000e-01
  -3.8574e+00   7.8984e+00  -5.9000e-01
  -3.8935e+00   7.8807e+00  -5.9000e-01
  -3.9295e+00   7.8628e+00  -5.9000e-01
  -3.9654e+00   7.8447e+00  -5.9000e-01
  -4.0013e+00   7.8265e+00  -5.9000e-01
  -4.0371e+00   7.8081e+00  -5.9000e-01
  -4.0727e+00   7.7895e+00  -5.9000e-01
  -4.1083e+00   7.7708e+00  -5.9000e-01
  -4.1439e+00   7.7519e+00  -5.9000e-01
  -4.1793e+00   7.7329e+00  -5.9000e-01
  -4.2146e+00   7.7137e+00  -5.9000e-01
  -4.2499e+00   7.6943e+00  -5.9000e-01
  -4.2850e+00   7.6748e+00  -5.9000e-01
  -4.3201e+00   7.6551e+00  -5.9000e-01
  -4.3551e+00   7.6353e+00  -5.9000e-01
  -4.3561e+00   7.6370e+00  -5.5000e-01
  -4.3571e+00   7.6387e+00  -5.1000e-01
  -4.3581e+00   7.6405e+00  -4.7000e-01
  -4.3590e+00   7.6422e+00  -4.3000e-01
  -4.3600e+00   7.6440e+00  -3.9000e-01
  -4.3610e+00   7.6457e+00  -3.5000e-01
  -4.3620e+00   7.6474e+00  -3.1000e-01
  -4.3630e+00   7.6492e+00  -2.7000e-01
  -4.3640e+00   7.6509e+00  -2.3000e-01
  -4.3650e+00   7.6526e+00  -1.9000e-01
  -4.3660e+00   7.6544e+00  -1.5000e-01
  -4.3670e+00   7.6561e+00  -1.1000e-01
  -4.3680e+00   7.6579e+00  -7.0000e-02
  -4.3690e+00   7.6596e+00  -3.0000e-02
  -4.3699e+00   7.6613e+00   1.0000e-02
  -4.3709e+00   7.6631e+00   5.0000e-02
  -4.3719e+00   7.6648e+00   9.0000e-02
  -4.3729e+00   7.6665e+00   1.3000e-01
  -4.3739e+00   7.6683e+00   1.7000e-01
  -4.3749e+00   7.6700e+00   2.1000e-01
  -4.3759e+00   7.6718e+00   2.5000e-01
  -4.3769e+00   7.6735e+00   2.9000e-01
  -4.3779e+00   7.6752e+00   3.3000e-01
  -4.3789e+00   7.6770e+00   3.7000e-01
  -4.3799e+00   7.6787e+00   4.1000e-01
  -4.3808e+00   7.6804e+00   4.5000e-01
  -4.3818e+00   7.6822e+00   4.9000e-01
  -4.3828e+00   7.6839e+00   5.3000e-01
  -4.3838e+00   7.6857e+00   5.7000e-01
  -4.3848e+00   7.6874e+00   6.1000e-01
  -4.3832e+00   7.6845e+00   6.5067e-01
  -4.3815e+00   7.6816e+00   6.9133e-01
  -4.3799e+00   7.6787e+00   7.3200e-01
  -4.3782e+00   7.6758e+00   7.7267e-01
  -4.3766e+00   7.6729e+00   8.1333e-01
  -4.3749e+00   7.6700e+00   8.5400e-01
  -4.3732e+00   7.6671e+00   8.9467e-01
  -4.3716e+00   7.6642e+00   9.3533e-01
  -4.3699e+00   7.6613e+00   9.7600e-01
  -4.3683e+00   7.6584e+00   1.0167e+00
  -4.3666e+00   7.6555e+00   1.0573e+00
  -4.3650e+00   7.6526e+00   1.0980e+00
  -4.3633e+00   7.6497e+00   1.1387e+00
  -4.3617e+00   7.6469e+00   1.1793e+00
  -4.3600e+00   7.6440e+00   1.2200e+00
  -4.3584e+00   7.6411e+00   1.2607e+00
  -4.3567e+00   7.6382e+00   1.3013e+00
  -4.3551e+00   7.6353e+00   1.3420e+00
  -4.3534e+00   7.6324e+00   1.3827e+00
  -4.3518e+00   7.6295e+00   1.4233e+00
  -4.3501e+00   7.6266e+00   1.4640e+00
  -4.3485e+00   7.6237e+00   1.5047e+00
  -4.3468e+00   7.6208e+00   1.5453e+00
  -4.3452e+00   7.6179e+00   1.5860e+00
  -4.3435e+00   7.6150e+00   1.6267e+00
  -4.3419e+00   7.6121e+00   1.6673e+00
  -4.3402e+00   7.6092e+00   1.7080e+00
  -4.3386e+00   7.6063e+00   1.7487e+00
  -4.3369e+00   7.6034e+00   1.7893e+00
  -4.3353e+00   7.6005e+00   1.8300e+00
  -4.3004e+00   7.6203e+00   1.8300e+00
  -4.2655e+00   7.6399e+00   1.8300e+00
  -4.2305e+00   7.6593e+00   1.8300e+00
  -4.1954e+00   7.6786e+00   1.8300e+00
  -4.1603e+00   7.6977e+00   1.8300e+00
  -4.1250e+00   7.7167e+00   1.8300e+00
  -4.0896e+00   7.7355e+00   1.8300e+00
  -4.0542e+00   7.7541e+00   1.8300e+00
  -4.0187e+00   7.7726e+00   1.8300e+00
  -3.9831e+00   7.7909e+00   1.8300e+00
  -3.9474e+00   7.8090e+00   1.8300e+00
  -3.9116e+00   7.8270e+00   1.8300e+00
  -3.8758e+00   7.8448e+00   1.8300e+00
  -3.8398e+00   7.8625e+00   1.8300e+00
  -3.8038e+00   7.8799e+00   1.8300e+00
  -3.7677e+00   7.8973e+00   1.8300e+00
  -3.7315e+00   7.9144e+00   1.8300e+00
  -3.6953e+00   7.9314e+00   1.8300e+00
  -3.6590e+00   7.9482e+00   1.8300e+00
  -3.6226e+00   7.9649e+00   1.8300e+00
  -3.5861e+00   7.9814e+00   1.8300e+00
  -3.5495e+00   7.9977e+00   1.8300e+00
  -3.5129e+00   8.0139e+00   1.8300e+00
  -3.4762e+00   8.0299e+00   1.8300e+00
  -3.4394e+00   8.0457e+00   1.8300e+00
  -3.4026e+00   8.0613e+00   1.8300e+00
  -3.3656e+00   8.0768e+00   1.8300e+00
  -3.3286e+00   8.0921e+00   1.8300e+00
  -3.2916e+00   8.1073e+00   1.8300e+00
  -3.2544e+00   8.1223e+00   1.8300e+00
  -3.2173e+00   8.1371e+00   1.8300e+00
  -3.1800e+00   8.1517e+00   1.8300e+00
  -3.1427e+00   8.1662e+00   1.8300e+00
  -3.1053e+00   8.1805e+00   1.8300e+00
  -3.0678e+00   8.1946e+00   1.8300e+00
  -3.0303e+00   8.2085e+00   1.8300e+00
  -2.9927e+00   8.2223e+00   1.8300e+00
  -2.9550e+00   8.2359e+00   1.8300e+00
  -2.9173e+00   8.2494e+00   1.8300e+00
  -2.8795e+00   8.2626e+00   1.8300e+00
  -2.8417e+00   8.2757e+00   1.8300e+00
  -2.8038e+00   8.2886e+00   1.8300e+00
  -2.7658e+00   8.3014e+00   1.8300e+00
  -2.7278e+00   8.3139e+00   1.8300e+00
  -2.6898e+00   8.3263e+00   1.8300e+00
  -2.6516e+00   8.3385e+00   1.8300e+00
  -2.6135e+00   8.3506e+00   1.8300e+00
  -2.5752e+00   8.3625e+00   1.8300e+00
  -2.5369e+00   8.3742e+00   1.8300e+00
  -2.4986e+00   8.3857e+00   1.8300e+00
  -2.4602e+00   8.3970e+00   1.8300e+00
  -2.4217e+00   8.4082e+00   1.8300e+00
  -2.3832e+00   8.4192e+00   1.8300e+00
  -2.3447e+00   8.4300e+00   1.8300e+00
  -2.3061e+00   8.4406e+00   1.8300e+00
  -2.2675e+00   8.4511e+00   1.8300e+00
  -2.2288e+00   8.4614e+00   1.8300e+00
  -2.1900e+00   8.4715e+00   1.8300e+00
  -2.1512e+00   8.4814e+00   1.8300e+00
  -2.1124e+00   8.4912e+00   1.8300e+00
  -2.0735e+00   8.5008e+00   1.8300e+00
  -2.0346e+00   8.5102e+00   1.8300e+00
  -1.9957e+00   8.5194e+00   1.8300e+00
  -1.9567e+00   8.5284e+00   1.8300e+00
  -1.9176e+00   8.5373e+00   1.8300e+00
  -1.8785e+00   8.5460e+00   1.8300e+00
  -1.8394e+00   8.5545e+00   1.8300e+00
  -1.8002e+00   8.5628e+00   1.8300e+00
  -1.7610e+00   8.5710e+00   1.8300e+00
  -1.7218e+00   8.5789e+00   1.8300e+00
  -1.6825e+00   8.5867e+00   1.8300e+00
  -1.6432e+00   8.5943e+00   1.8300e+00
  -1.6039e+00   8.6017e+00   1.8300e+00
  -1.5645e+00   8.6090e+00   1.8300e+00
  -1.5651e+00   8.6123e+00   1.7893e+00
  -1.5657e+00   8.6156e+00   1.7487e+00
  -1.5663e+00   8.6188e+00   1.7080e+00
  -1.5669e+00   8.6221e+00   1.6673e+00
  -1.5675e+00   8.6254e+00   1.6267e+00
  -1.5681e+00   8.6287e+00   1.5860e+00
  -1.5687e+00   8.6320e+00   1.5453e+00
  -1.5693e+00   8.6352e+00   1.5047e+00
  -1.5699e+00   8.6385e+00   1.4640e+00
  -1.5705e+00   8.6418e+00   1.4233e+00
  -1.5711e+00   8.6451e+00   1.3827e+00
  -1.5717e+00   8.6483e+00   1.3420e+00
  -1.5723e+00   8.6516e+00   1.3013e+00
  -1.5729e+00   8.6549e+00   1.2607e+00
  -1.5735e+00   8.6582e+00   1.2200e+00
  -1.5741e+00   8.6615e+00   1.1793e+00
  -1.5747e+00   8.6647e+00   1.1387e+00
  -1.5752e+00   8.6680e+00   1.0980e+00
  -1.5758e+00   8.6713e+00   1.0573e+00
  -1.5764e+00   8.6746e+00   1.0167e+00
  -1.5770e+00   8.6779e+00   9.7600e-01
  -1.5776e+00   8.6811e+00   9.3533e-01
  -1.5782e+00   8.6844e+00   8.9467e-01
  -1.5788e+00   8.6877e+00   8.5400e-01
  -1.5794e+00   8.6910e+00   8.1333e-01
  -1.5800e+00   8.6943e+00   7.7267e-01
  -1.5806e+00   8.6975e+00   7.3200e-01
  -1.5812e+00   8.7008e+00   6.9133e-01
  -1.5818e+00   8.7041e+00   6.5067e-01
  -1.5824e+00   8.7074e+00   6.1000e-01
  -1.5820e+00   8.7054e+00   5.7000e-01
  -1.5817e+00   8.7034e+00   5.3000e-01
  -1.5813e+00   8.7015e+00   4.9000e-01
  -1.5810e+00   8.6995e+00   4.5000e-01
  -1.5806e+00   8.6975e+00   4.1000e-01
  -1.5803e+00   8.6956e+00   3.7000e-01
  -1.5799e+00   8.6936e+00   3.3000e-01
  -1.5795e+00   8.6916e+00   2.9000e-01
  -1.5792e+00   8.6897e+00   2.5000e-01
  -1.5788e+00   8.6877e+00   2.1000e-01
  -1.5785e+00   8.6857e+00   1.7000e-01
  -1.5781e+00   8.6838e+00   1.3000e-01
  -1.5778e+00   8.6818e+00   9.0000e-02
  -1.5774e+00   8.6798e+00   5.0000e-02
  -1.5770e+00   8.6779e+00   1.0000e-02
  -1.5767e+00   8.6759e+00  -3.0000e-02
  -1.5763e+00   8.6739e+00  -7.0000e-02
  -1.5760e+00   8.6720e+00  -1.1000e-01
  -1.5756e+00   8.6700e+00  -1.5000e-01
  -1.5752e+00   8.6680e+00  -1.9000e-01
  -1.5749e+00   8.6661e+00  -2.3000e-01
  -1.5745e+00   8.6641e+00  -2.7000e-01
  -1.5742e+00   8.6621e+00  -3.1000e-01
  -1.5738e+00   8.6602e+00  -3.5000e-01
  -1.5735e+00   8.6582e+00  -3.9000e-01
  -1.5731e+00   8.6562e+00  -4.3000e-01
  -1.5727e+00   8.6543e+00  -4.7000e-01
  -1.5724e+00   8.6523e+00  -5.1000e-01
  -1.5720e+00   8.6503e+00  -5.5000e-01
  -1.5717e+00   8.6483e+00  -5.9000e-01
  -6.7630e+00   5.6148e+00  -5.9000e-01
  -6.7886e+00   5.5838e+00  -5.9000e-01
  -6.8141e+00   5.5526e+00  -5.9000e-01
  -6.8395e+00   5.5214e+00  -5.9000e-01
  -6.8646e+00   5.4901e+00  -5.9000e-01
  -6.8897e+00   5.4586e+00  -5.9000e-01
  -6.9146e+00   5.4270e+00  -5.9000e-01
  -6.9394e+00   5.3953e+00  -5.9000e-01
  -6.9640e+00   5.3635e+00  -5.9000e-01
  -6.9884e+00   5.3316e+00  -5.9000e-01
  -7.0128e+00   5.2996e+00  -5.9000e-01
  -7.0369e+00   5.2674e+00  -5.9000e-01
  -7.0610e+00   5.2352e+00  -5.9000e-01
  -7.0848e+00   5.2028e+00  -5.9000e-01
  -7.1086e+00   5.1703e+00  -5.9000e-01
  -7.1322e+00   5.1377e+00  -5.9000e-01
  -7.1556e+00   5.1051e+00  -5.9000e-01
  -7.1789e+00   5.0723e+00  -5.9000e-01
  -7.2020e+00   5.0394e+00  -5.9000e-01
  -7.2250e+00   5.0064e+00  -5.9000e-01
  -7.2478e+00   4.9732e+00  -5.9000e-01
  -7.2705e+00   4.9400e+00  -5.9000e-01
  -7.2930e+00   4.9067e+00  -5.9000e-01
  -7.3154e+00   4.8733e+00  -5.9000e-01
  -7.3376e+00   4.8398e+00  -5.9000e-01
  -7.3597e+00   4.8061e+00  -5.9000e-01
  -7.3816e+00   4.7724e+00  -5.9000e-01
  -7.4034e+00   4.7386e+00  -5.9000e-01
  -7.4250e+00   4.7047e+00  -5.9000e-01
  -7.4464e+00   4.6706e+00  -5.9000e-01
  -7.4677e+00   4.6365e+00  -5.9000e-01
  -7.4889e+00   4.6023e+00  -5.9000e-01
  -7.5098e+00   4.5680e+00  -5.9000e-01
  -7.5307e+00   4.5336e+00  -5.9000e-01
  -7.5513e+00   4.4991e+00  -5.9000e-01
  -7.5718e+00   4.4645e+00  -5.9000e-01
  -7.5922e+00   4.4298e+00  -5.9000e-01
  -7.6124e+00   4.3950e+00  -5.9000e-01
  -7.6324e+00   4.3601e+00  -5.9000e-01
  -7.6523e+00   4.3252e+00  -5.9000e-01
  -7.6720e+00   4.2901e+00  -5.9000e-01
  -7.6915e+00   4.2549e+00  -5.9000e-01
  -7.7109e+00   4.2197e+00  -5.9000e-01
  -7.7301e+00   4.1844e+00  -5.9000e-01
  -7.7492e+00   4.1490e+00  -5.9000e-01
  -7.7681e+00   4.1135e+00  -5.9000e-01
  -7.7868e+00   4.0779e+00  -5.9000e-01
  -7.8054e+00   4.0422e+00  -5.9000e-01
  -7.8238e+00   4.0065e+00  -5.9000e-01
  -7.8421e+00   3.9706e+00  -5.9000e-01
  -7.8602e+00   3.9347e+00  -5.9000e-01
  -7.8781e+00   3.8987e+00  -5.9000e-01
  -7.8959e+00   3.8626e+00  -5.9000e-01
  -7.9134e+00   3.8264e+00  -5.9000e-01
  -7.9309e+00   3.7902e+00  -5.9000e-01
  -7.9481e+00   3.7539e+00  -5.9000e-01
  -7.9652e+00   3.7174e+00  -5.9000e-01
  -7.9821e+00   3.6810e+00  -5.9000e-01
  -7.9989e+00   3.6444e+00  -5.9000e-01
  -8.0155e+00   3.6078e+00  -5.9000e-01
  -8.0319e+00   3.5710e+00  -5.9000e-01
  -8.0482e+00   3.5343e+00  -5.9000e-01
  -8.0643e+00   3.4974e+00  -5.9000e-01
  -8.0802e+00   3.4605e+00  -5.9000e-01
  -8.0959e+00   3.4235e+00  -5.9000e-01
  -8.1115e+00   3.3864e+00  -5.9000e-01
  -8.1269e+00   3.3492e+00  -5.9000e-01
  -8.1422e+00   3.3120e+00  -5.9000e-01
  -8.1572e+00   3.2747e+00  -5.9000e-01
  -8.1721e+00   3.2374e+00  -5.9000e-01
  -8.1869e+00   3.1999e+00  -5.9000e-01
  -8.2014e+00   3.1624e+00  -5.9000e-01
  -8.2158e+00   3.1249e+00  -5.9000e-01
  -8.2300e+00   3.0873e+00  -5.9000e-01
  -8.2440e+00   3.0496e+00  -5.9000e-01
  -8.2459e+00   3.0503e+00  -5.5000e-01
  -8.2478e+00   3.0510e+00  -5.1000e-01
  -8.2497e+00   3.0516e+00  -4.7000e-01
  -8.2515e+00   3.0523e+00  -4.3000e-01
  -8.2534e+00   3.0530e+00  -3.9000e-01
  -8.2553e+00   3.0537e+00  -3.5000e-01
  -8.2572e+00   3.0544e+00  -3.1000e-01
  -8.2591e+00   3.0551e+00  -2.7000e-01
  -8.2609e+00   3.0558e+00  -2.3000e-01
  -8.2628e+00   3.0565e+00  -1.9000e-01
  -8.2647e+00   3.0572e+00  -1.5000e-01
  -8.2666e+00   3.0579e+00  -1.1000e-01
  -8.2684e+00   3.0586e+00  -7.0000e-02
  -8.2703e+00   3.0593e+00  -3.0000e-02
  -8.2722e+00   3.0600e+00   1.0000e-02
  -8.2741e+00   3.0607e+00   5.0000e-02
  -8.2759e+00   3.0614e+00   9.0000e-02
  -8.2778e+00   3.0621e+00   1.3000e-01
  -8.2797e+00   3.0627e+00   1.7000e-01
  -8.2816e+00   3.0634e+00   2.1000e-01
  -8.2834e+00   3.0641e+00   2.5000e-01
  -8.2853e+00   3.0648e+00   2.9000e-01
  -8.2872e+00   3.0655e+00   3.3000e-01
  -8.2891e+00   3.0662e+00   3.7000e-01
  -8.2909e+00   3.0669e+00   4.1000e-01
  -8.2928e+00   3.0676e+00   4.5000e-01
  -8.2947e+00   3.0683e+00   4.9000e-01
  -8.2966e+00   3.0690e+00   5.3000e-01
  -8.2984e+00   3.0697e+00   5.7000e-01
  -8.3003e+00   3.0704e+00   6.1000e-01
  -8.2972e+00   3.0692e+00   6.5067e-01
  -8.2941e+00   3.0681e+00   6.9133e-01
  -8.2909e+00   3.0669e+00   7.3200e-01
  -8.2878e+00   3.0658e+00   7.7267e-01
  -8.2847e+00   3.0646e+00   8.1333e-01
  -8.2816e+00   3.0634e+00   8.5400e-01
  -8.2784e+00   3.0623e+00   8.9467e-01
  -8.2753e+00   3.0611e+00   9.3533e-01
  -8.2722e+00   3.0600e+00   9.7600e-01
  -8.2691e+00   3.0588e+00   1.0167e+00
  -8.2659e+00   3.0577e+00   1.0573e+00
  -8.2628e+00   3.0565e+00   1.0980e+00
  -8.2597e+00   3.0553e+00   1.1387e+00
  -8.2565e+00   3.0542e+00   1.1793e+00
  -8.2534e+00   3.0530e+00   1.2200e+00
  -8.2503e+00   3.0519e+00   1.2607e+00
  -8.2472e+00   3.0507e+00   1.3013e+00
  -8.2440e+00   3.0496e+00   1.3420e+00
  -8.2409e+00   3.0484e+00   1.3827e+00
  -8.2378e+00   3.0473e+00   1.4233e+00
  -8.2347e+00   3.0461e+00   1.4640e+00
  -8.2315e+00   3.0449e+00   1.5047e+00
  -8.2284e+00   3.0438e+00   1.5453e+00
  -8.2253e+00   3.0426e+00   1.5860e+00
  -8.2222e+00   3.0415e+00   1.6267e+00
  -8.2190e+00   3.0403e+00   1.6673e+00
  -8.2159e+00   3.0392e+00   1.7080e+00
  -8.2128e+00   3.0380e+00   1.7487e+00
  -8.2097e+00   3.0368e+00   1.7893e+00
  -8.2065e+00   3.0357e+00   1.8300e+00
  -8.1926e+00   3.0732e+00   1.8300e+00
  -8.1784e+00   3.1107e+00   1.8300e+00
  -8.1641e+00   3.1480e+00   1.8300e+00
  -8.1496e+00   3.1854e+00   1.8300e+00
  -8.1349e+00   3.2226e+00   1.8300e+00
  -8.1201e+00   3.2598e+00   1.8300e+00
  -8.1051e+00   3.2969e+00   1.8300e+00
  -8.0899e+00   3.3340e+00   1.8300e+00
  -8.0746e+00   3.3710e+00   1.8300e+00
  -8.0591e+00   3.4079e+00   1.8300e+00
  -8.0434e+00   3.4447e+00   1.8300e+00
  -8.0276e+00   3.4815e+00   1.8300e+00
  -8.0115e+00   3.5182e+00   1.8300e+00
  -7.9954e+00   3.5548e+00   1.8300e+00
  -7.9790e+00   3.5913e+00   1.8300e+00
  -7.9625e+00   3.6278e+00   1.8300e+00
  -7.9458e+00   3.6642e+00   1.8300e+00
  -7.9290e+00   3.7005e+00   1.8300e+00
  -7.9120e+00   3.7368e+00   1.8300e+00
  -7.8948e+00   3.7729e+00   1.8300e+00
  -7.8774e+00   3.8090e+00   1.8300e+00
  -7.8599e+00   3.8450e+00   1.8300e+00
  -7.8422e+00   3.8809e+00   1.8300e+00
  -7.8244e+00   3.9168e+00   1.8300e+00
  -7.8064e+00   3.9525e+00   1.8300e+00
  -7.7882e+00   3.9882e+00   1.8300e+00
  -7.7699e+00   4.0238e+00   1.8300e+00
  -7.7514e+00   4.0593e+00   1.8300e+00
  -7.7328e+00   4.0948e+00   1.8300e+00
  -7.7139e+00   4.1301e+00   1.8300e+00
  -7.6950e+00   4.1653e+00   1.8300e+00
  -7.6758e+00   4.2005e+00   1.8300e+00
  -7.6565e+00   4.2356e+00   1.8300e+00
  -7.6371e+00   4.2706e+00   1.8300e+00
  -7.6174e+00   4.3055e+00   1.8300e+00
  -7.5977e+00   4.3403e+00   1.8300e+00
  -7.5777e+00   4.3750e+00   1.8300e+00
  -7.5576e+00   4.4096e+00   1.8300e+00
  -7.5374e+00   4.4442e+00   1.8300e+00
  -7.5170e+00   4.4786e+00   1.8300e+00
  -7.4964e+00   4.5129e+00   1.8300e+00
  -7.4757e+00   4.5472e+00   1.8300e+00
  -7.4548e+00   4.5814e+00   1.8300e+00
  -7.4337e+00   4.6154e+00   1.8300e+00
  -7.4125e+00   4.6494e+00   1.8300e+00
  -7.3912e+00   4.6833e+00   1.8300e+00
  -7.3697e+00   4.7170e+00   1.8300e+00
  -7.3480e+00   4.7507e+00   1.8300e+00
  -7.3262e+00   4.7843e+00   1.8300e+00
  -7.3042e+00   4.8177e+00   1.8300e+00
  -7.2821e+00   4.8511e+00   1.8300e+00
  -7.2598e+00   4.8844e+00   1.8300e+00
  -7.2374e+00   4.9175e+00   1.8300e+00
  -7.2148e+00   4.9506e+00   1.8300e+00
  -7.1921e+00   4.9836e+00   1.8300e+00
  -7.1692e+00   5.0164e+00   1.8300e+00
  -7.1462e+00   5.0492e+00   1.8300e+00
  -7.1230e+00   5.0818e+00   1.8300e+00
  -7.0997e+00   5.1144e+00   1.8300e+00
  -7.0762e+00   5.1468e+00   1.8300e+00
  -7.0526e+00   5.1791e+00   1.8300e+00
  -7.0288e+00   5.2113e+00   1.8300e+00
  -7.0049e+00   5.2434e+00   1.8300e+00
  -6.9809e+00   5.2754e+00   1.8300e+00
  -6.9566e+00   5.3073e+00   1.8300e+00
  -6.9323e+00   5.3391e+00   1.8300e+00
  -6.9078e+00   5.3708e+00   1.8300e+00
  -6.8831e+00   5.4023e+00   1.8300e+00
  -6.8583e+00   5.4337e+00   1.8300e+00
  -6.8334e+00   5.4651e+00   1.8300e+00
  -6.8083e+00   5.4963e+00   1.8300e+00
  -6.7831e+00   5.5274e+00   1.8300e+00
  -6.7577e+00   5.5584e+00   1.8300e+00
  -6.7322e+00   5.5892e+00   1.8300e+00
  -6.7348e+00   5.5913e+00   1.7893e+00
  -6.7374e+00   5.5935e+00   1.7487e+00
  -6.7399e+00   5.5956e+00   1.7080e+00
  -6.7425e+00   5.5977e+00   1.6673e+00
  -6.7451e+00   5.5999e+00   1.6267e+00
  -6.7476e+00   5.6020e+00   1.5860e+00
  -6.7502e+00   5.6041e+00   1.5453e+00
  -6.7528e+00   5.6063e+00   1.5047e+00
  -6.7553e+00   5.6084e+00   1.4640e+00
  -6.7579e+00   5.6105e+00   1.4233e+00
  -6.7605e+00   5.6126e+00   1.3827e+00
  -6.7630e+00   5.6148e+00   1.3420e+00
  -6.7656e+00   5.6169e+00   1.3013e+00
  -6.7682e+00   5.6190e+00   1.2607e+00
  -6.7707e+00   5.6212e+00   1.2200e+00
  -6.7733e+00   5.6233e+00   1.1793e+00
  -6.7758e+00   5.6254e+00   1.1387e+00
  -6.7784e+00   5.6275e+00   1.0980e+00
  -6.7810e+00   5.6297e+00   1.0573e+00
  -6.7835e+00   5.6318e+00   1.0167e+00
  -6.7861e+00   5.6339e+00   9.7600e-01
  -6.7887e+00   5.6361e+00   9.3533e-01
  -6.7912e+00   5.6382e+00   8.9467e-01
  -6.7938e+00   5.6403e+00   8.5400e-01
  -6.7964e+00   5.6424e+00   8.1333e-01
  -6.7989e+00   5.6446e+00   7.7267e-01
  -6.8015e+00   5.6467e+00   7.3200e-01
  -6.8041e+00   5.6488e+00   6.9133e-01
  -6.8066e+00   5.6510e+00   6.5067e-01
  -6.8092e+00   5.6531e+00   6.1000e-01
  -6.8076e+00   5.6518e+00   5.7000e-01
  -6.8061e+00   5.6505e+00   5.3000e-01
  -6.8046e+00   5.6493e+00   4.9000e-01
  -6.8030e+00   5.6480e+00   4.5000e-01
  -6.8015e+00   5.6467e+00   4.1000e-01
  -6.8000e+00   5.6454e+00   3.7000e-01
  -6.7984e+00   5.6442e+00   3.3000e-01
  -6.7969e+00   5.6429e+00   2.9000e-01
  -6.7953e+00   5.6416e+00   2.5000e-01
  -6.7938e+00   5.6403e+00   2.1000e-01
  -6.7923e+00   5.6390e+00   1.7000e-01
  -6.7907e+00   5.6378e+00   1.3000e-01
  -6.7892e+00   5.6365e+00   9.0000e-02
  -6.7876e+00   5.6352e+00   5.0000e-02
  -6.7861e+00   5.6339e+00   1.0000e-02
  -6.7846e+00   5.6327e+00  -3.0000e-02
  -6.7830e+00   5.6314e+00  -7.0000e-02
  -6.7815e+00   5.6301e+00  -1.1000e-01
  -6.7799e+00   5.6288e+00  -1.5000e-01
  -6.7784e+00   5.6275e+00  -1.9000e-01
  -6.7769e+00   5.6263e+00  -2.3000e-01
  -6.7753e+00   5.6250e+00  -2.7000e-01
  -6.7738e+00   5.6237e+00  -3.1000e-01
  -6.7723e+00   5.6224e+00  -3.5000e-01
  -6.7707e+00   5.6212e+00  -3.9000e-01
  -6.7692e+00   5.6199e+00  -4.3000e-01
  -6.7676e+00   5.6186e+00  -4.7000e-01
  -6.7661e+00   5.6173e+00  -5.1000e-01
  -6.7646e+00   5.6160e+00  -5.5000e-01
  -6.7630e+00   5.6148e+00  -5.9000e-01
  -8.7899e+00  -4.6024e-02  -5.9000e-01
  -8.7896e+00  -8.6242e-02  -5.9000e-01
  -8.7891e+00  -1.2646e-01  -5.9000e-01
  -8.7884e+00  -1.6667e-01  -5.9000e-01
  -8.7876e+00  -2.0688e-01  -5.9000e-01
  -8.7865e+00  -2.4709e-01  -5.9000e-01
  -8.7853e+00  -2.8729e-01  -5.9000e-01
  -8.7839e+00  -3.2748e-01  -5.9000e-01
  -8.7823e+00  -3.6767e-01  -5.9000e-01
  -8.7805e+00  -4.0785e-01  -5.9000e-01
  -8.7786e+00  -4.4802e-01  -5.9000e-01
  -8.7764e+00  -4.8819e-01  -5.9000e-01
  -8.7741e+00  -5.2834e-01  -5.9000e-01
  -8.7716e+00  -5.6848e-01  -5.9000e-01
  -8.7689e+00  -6.0861e-01  -5.9000e-01
  -8.7660e+00  -6.4873e-01  -5.9000e-01
  -8.7630e+00  -6.8883e-01  -5.9000e-01
  -8.7597e+00  -7.2892e-01  -5.9000e-01
  -8.7563e+00  -7.6899e-01  -5.9000e-01
  -8.7527e+00  -8.0905e-01  -5.9000e-01
  -8.7489e+00  -8.4909e-01  -5.9000e-01
  -8.7449e+00  -8.8911e-01  -5.9000e-01
  -8.7408e+00  -9.2911e-01  -5.9000e-01
  -8.7364e+00  -9.6910e-01  -5.9000e-01
  -8.7319e+00  -1.0091e+00  -5.9000e-01
  -8.7272e+00  -1.0490e+00  -5.9000e-01
  -8.7223e+00  -1.0889e+00  -5.9000e-01
  -8.7172e+00  -1.1288e+00  -5.9000e-01
  -8.7120e+00  -1.1687e+00  -5.9000e-01
  -8.7065e+00  -1.2085e+00  -5.9000e-01
  -8.7009e+00  -1.2484e+00  -5.9000e-01
  -8.6951e+00  -1.2882e+00  -5.9000e-01
  -8.6891e+00  -1.3279e+00  -5.9000e-01
  -8.6829e+00  -1.3677e+00  -5.9000e-01
  -8.6766e+00  -1.4074e+00  -5.9000e-01
  -8.6701e+00  -1.4471e+00  -5.9000e-01
  -8.6634e+00  -1.4867e+00  -5.9000e-01
  -8.6565e+00  -1.5264e+00  -5.9000e-01
  -8.6494e+00  -1.5660e+00  -5.9000e-01
  -8.6421e+00  -1.6055e+00  -5.9000e-01
  -8.6347e+00  -1.6450e+00  -5.9000e-01
  -8.6271e+00  -1.6845e+00  -5.9000e-01
  -8.6193e+00  -1.7240e+00  -5.9000e-01
  -8.6113e+00  -1.7634e+00  -5.9000e-01
  -8.6031e+00  -1.8028e+00  -5.9000e-01
  -8.5948e+00  -1.8421e+00  -5.9000e-01
  -8.5863e+00  -1.8814e+00  -5.9000e-01
  -8.5776e+00  -1.9207e+00  -5.9000e-01
  -8.5687e+00  -1.9599e+00  -5.9000e-01
  -8.5596e+00  -1.9991e+00  -5.9000e-01
  -8.5504e+00  -2.0383e+00  -5.9000e-01
  -8.5410e+00  -2.0774e+00  -5.9000e-01
  -8.5314e+00  -2.1164e+00  -5.9000e-01
  -8.5216e+00  -2.1554e+00  -5.9000e-01
  -8.5117e+00  -2.1944e+00  -5.9000e-01
  -8.5015e+00  -2.2333e+00  -5.9000e-01
  -8.4912e+00  -2.2722e+00  -5.9000e-01
  -8.4808e+00  -2.3110e+00  -5.9000e-01
  -8.4701e+00  -2.3498e+00  -5.9000e-01
  -8.4592e+00  -2.3886e+00  -5.9000e-01
  -8.4482e+00  -2.4272e+00  -5.9000e-01
  -8.4370e+00  -2.4659e+00  -5.9000e-01
  -8.4257e+00  -2.5044e+00  -5.9000e-01
  -8.4141e+00  -2.5430e+00  -5.9000e-01
  -8.4024e+00  -2.5814e+00  -5.9000e-01
  -8.3905e+00  -2.6199e+00  -5.9000e-01
  -8.3784e+00  -2.6582e+00  -5.9000e-01
  -8.3662e+00  -2.6965e+00  -5.9000e-01
  -8.3537e+00  -2.7348e+00  -5.9000e-01
  -8.3411e+00  -2.7730e+00  -5.9000e-01
  -8.3284e+00  -2.8111e+00  -5.9000e-01
  -8.3154e+00  -2.8492e+00  -5.9000e-01
  -8.3023e+00  -2.8872e+00  -5.9000e-01
  -8.2890e+00  -2.9252e+00  -5.9000e-01
  -8.2755e+00  -2.9631e+00  -5.9000e-01
  -8.2774e+00  -2.9637e+00  -5.5000e-01
  -8.2793e+00  -2.9644e+00  -5.1000e-01
  -8.2812e+00  -2.9651e+00  -4.7000e-01
  -8.2831e+00  -2.9658e+00  -4.3000e-01
  -8.2849e+00  -2.9664e+00  -3.9000e-01
  -8.2868e+00  -2.9671e+00  -3.5000e-01
  -8.2887e+00  -2.9678e+00  -3.1000e-01
  -8.2906e+00  -2.9685e+00  -2.7000e-01
  -8.2925e+00  -2.9691e+00  -2.3000e-01
  -8.2944e+00  -2.9698e+00  -1.9000e-01
  -8.2962e+00  -2.9705e+00  -1.5000e-01
  -8.2981e+00  -2.9712e+00  -1.1000e-01
  -8.3000e+00  -2.9718e+00  -7.0000e-02
  -8.3019e+00  -2.9725e+00  -3.0000e-02
  -8.3038e+00  -2.9732e+00   1.0000e-02
  -8.3057e+00  -2.9739e+00   5.0000e-02
  -8.3075e+00  -2.9745e+00   9.0000e-02
  -8.3094e+00  -2.9752e+00   1.3000e-01
  -8.3113e+00  -2.9759e+00   1.7000e-01
  -8.3132e+00  -2.9766e+00   2.1000e-01
  -8.3151e+00  -2.9772e+00   2.5000e-01
  -8.3170e+00  -2.9779e+00   2.9000e-01
  -8.3188e+00  -2.9786e+00   3.3000e-01
  -8.3207e+00  -2.9792e+00   3.7000e-01
  -8.3226e+00  -2.9799e+00   4.1000e-01
  -8.3245e+00  -2.9806e+00   4.5000e-01
  -8.3264e+00  -2.9813e+00   4.9000e-01
  -8.3282e+00  -2.9819e+00   5.3000e-01
  -8.3301e+00  -2.9826e+00   5.7000e-01
  -8.3320e+00  -2.9833e+00   6.1000e-01
  -8.3289e+00  -2.9822e+00   6.5067e-01
  -8.3257e+00  -2.9810e+00   6.9133e-01
  -8.3226e+00  -2.9799e+00   7.3200e-01
  -8.3195e+00  -2.9788e+00   7.7267e-01
  -8.3163e+00  -2.9777e+00   8.1333e-01
  -8.3132e+00  -2.9766e+00   8.5400e-01
  -8.3100e+00  -2.9754e+00   8.9467e-01
  -8.3069e+00  -2.9743e+00   9.3533e-01
  -8.3038e+00  -2.9732e+00   9.7600e-01
  -8.3006e+00  -2.9721e+00   1.0167e+00
  -8.2975e+00  -2.9709e+00   1.0573e+00
  -8.2944e+00  -2.9698e+00   1.0980e+00
  -8.2912e+00  -2.9687e+00   1.1387e+00
  -8.2881e+00  -2.9676e+00   1.1793e+00
  -8.2849e+00  -2.9664e+00   1.2200e+00
  -8.2818e+00  -2.9653e+00   1.2607e+00
  -8.2787e+00  -2.9642e+00   1.3013e+00
  -8.2755e+00  -2.9631e+00   1.3420e+00
  -8.2724e+00  -2.9619e+00   1.3827e+00
  -8.2692e+00  -2.9608e+00   1.4233e+00
  -8.2661e+00  -2.9597e+00   1.4640e+00
  -8.2630e+00  -2.9586e+00   1.5047e+00
  -8.2598e+00  -2.9574e+00   1.5453e+00
  -8.2567e+00  -2.9563e+00   1.5860e+00
  -8.2536e+00  -2.9552e+00   1.6267e+00
  -8.2504e+00  -2.9541e+00   1.6673e+00
  -8.2473e+00  -2.9530e+00   1.7080e+00
  -8.2441e+00  -2.9518e+00   1.7487e+00
  -8.2410e+00  -2.9507e+00   1.7893e+00
  -8.2379e+00  -2.9496e+00   1.8300e+00
  -8.2513e+00  -2.9119e+00   1.8300e+00
  -8.2645e+00  -2.8741e+00   1.8300e+00
  -8.2776e+00  -2.8362e+00   1.8300e+00
  -8.2905e+00  -2.7983e+00   1.8300e+00
  -8.3032e+00  -2.7604e+00   1.8300e+00
  -8.3157e+00  -2.7223e+00   1.8300e+00
  -8.3281e+00  -2.6843e+00   1.8300e+00
  -8.3403e+00  -2.6461e+00   1.8300e+00
  -8.3523e+00  -2.6079e+00   1.8300e+00
  -8.3642e+00  -2.5697e+00   1.8300e+00
  -8.3758e+00  -2.5314e+00   1.8300e+00
  -8.3873e+00  -2.4930e+00   1.8300e+00
  -8.3986e+00  -2.4546e+00   1.8300e+00
  -8.4098e+00  -2.4162e+00   1.8300e+00
  -8.4208e+00  -2.3777e+00   1.8300e+00
  -8.4315e+00  -2.3391e+00   1.8300e+00
  -8.4422e+00  -2.3005e+00   1.8300e+00
  -8.4526e+00  -2.2619e+00   1.8300e+00
  -8.4629e+00  -2.2232e+00   1.8300e+00
  -8.4729e+00  -2.1844e+00   1.8300e+00
  -8.4828e+00  -2.1456e+00   1.8300e+00
  -8.4926e+00  -2.1068e+00   1.8300e+00
  -8.5021e+00  -2.0679e+00   1.8300e+00
  -8.5115e+00  -2.0290e+00   1.8300e+00
  -8.5207e+00  -1.9900e+00   1.8300e+00
  -8.5297e+00  -1.9510e+00   1.8300e+00
  -8.5386e+00  -1.9120e+00   1.8300e+00
  -8.5472e+00  -1.8729e+00   1.8300e+00
  -8.5557e+00  -1.8338e+00   1.8300e+00
  -8.5640e+00  -1.7946e+00   1.8300e+00
  -8.5721e+00  -1.7554e+00   1.8300e+00
  -8.5801e+00  -1.7161e+00   1.8300e+00
  -8.5878e+00  -1.6769e+00   1.8300e+00
  -8.5954e+00  -1.6376e+00   1.8300e+00
  -8.6028e+00  -1.5982e+00   1.8300e+00
  -8.6100e+00  -1.5588e+00   1.8300e+00
  -8.6171e+00  -1.5194e+00   1.8300e+00
  -8.6239e+00  -1.4800e+00   1.8300e+00
  -8.6306e+00  -1.4405e+00   1.8300e+00
  -8.6371e+00  -1.4010e+00   1.8300e+00
  -8.6434e+00  -1.3615e+00   1.8300e+00
  -8.6496e+00  -1.3219e+00   1.8300e+00
  -8.6555e+00  -1.2823e+00   1.8300e+00
  -8.6613e+00  -1.2427e+00   1.8300e+00
  -8.6669e+00  -1.2030e+00   1.8300e+00
  -8.6723e+00  -1.1634e+00   1.8300e+00
  -8.6775e+00  -1.1237e+00   1.8300e+00
  -8.6826e+00  -1.0840e+00   1.8300e+00
  -8.6875e+00  -1.0442e+00   1.8300e+00
  -8.6922e+00  -1.0045e+00   1.8300e+00
  -8.6967e+00  -9.6469e-01   1.8300e+00
  -8.7010e+00  -9.2489e-01   1.8300e+00
  -8.7051e+00  -8.8506e-01   1.8300e+00
  -8.7091e+00  -8.4522e-01   1.8300e+00
  -8.7129e+00  -8.0537e-01   1.8300e+00
  -8.7165e+00  -7.6549e-01   1.8300e+00
  -8.7199e+00  -7.2560e-01   1.8300e+00
  -8.7231e+00  -6.8569e-01   1.8300e+00
  -8.7261e+00  -6.4577e-01   1.8300e+00
  -8.7290e+00  -6.0584e-01   1.8300e+00
  -8.7317e+00  -5.6589e-01   1.8300e+00
  -8.7342e+00  -5.2593e-01   1.8300e+00
  -8.7365e+00  -4.8597e-01   1.8300e+00
  -8.7386e+00  -4.4599e-01   1.8300e+00
  -8.7406e+00  -4.0600e-01   1.8300e+00
  -8.7423e+00  -3.6600e-01   1.8300e+00
  -8.7439e+00  -3.2599e-01   1.8300e+00
  -8.7453e+00  -2.8598e-01   1.8300e+00
  -8.7465e+00  -2.4596e-01   1.8300e+00
  -8.7476e+00  -2.0594e-01   1.8300e+00
  -8.7484e+00  -1.6591e-01   1.8300e+00
  -8.7491e+00  -1.2588e-01   1.8300e+00
  -8.7496e+00  -8.5850e-02   1.8300e+00
  -8.7499e+00  -4.5815e-02   1.8300e+00
  -8.7532e+00  -4.5832e-02   1.7893e+00
  -8.7565e+00  -4.5850e-02   1.7487e+00
  -8.7599e+00  -4.5867e-02   1.7080e+00
  -8.7632e+00  -4.5884e-02   1.6673e+00
  -8.7665e+00  -4.5902e-02   1.6267e+00
  -8.7699e+00  -4.5919e-02   1.5860e+00
  -8.7732e+00  -4.5937e-02   1.5453e+00
  -8.7765e+00  -4.5954e-02   1.5047e+00
  -8.7799e+00  -4.5972e-02   1.4640e+00
  -8.7832e+00  -4.5989e-02   1.4233e+00
  -8.7865e+00  -4.6007e-02   1.3827e+00
  -8.7899e+00  -4.6024e-02   1.3420e+00
  -8.7932e+00  -4.6042e-02   1.3013e+00
  -8.7965e+00  -4.6059e-02   1.2607e+00
  -8.7999e+00  -4.6076e-02   1.2200e+00
  -8.8032e+00  -4.6094e-02   1.1793e+00
  -8.8065e+00  -4.6111e-02   1.1387e+00
  -8.8099e+00  -4.6129e-02   1.0980e+00
  -8.8132e+00  -4.6146e-02   1.0573e+00
  -8.8165e+00  -4.6164e-02   1.0167e+00
  -8.8199e+00  -4.6181e-02   9.7600e-01
  -8.8232e+00  -4.6199e-02   9.3533e-01
  -8.8265e+00  -4.6216e-02   8.9467e-01
  -8.8299e+00  -4.6234e-02   8.5400e-01
  -8.8332e+00  -4.6251e-02   8.1333e-01
  -8.8365e+00  -4.6268e-02   7.7267e-01
  -8.8399e+00  -4.6286e-02   7.3200e-01
  -8.8432e+00  -4.6303e-02   6.9133e-01
  -8.8465e+00  -4.6321e-02   6.5067e-01
  -8.8499e+00  -4.6338e-02   6.1000e-01
  -8.8479e+00  -4.6328e-02   5.7000e-01
  -8.8459e+00  -4.6317e-02   5.3000e-01
  -8.8439e+00  -4.6307e-02   4.9000e-01
  -8.8419e+00  -4.6296e-02   4.5000e-01
  -8.8399e+00  -4.6286e-02   4.1000e-01
  -8.8379e+00  -4.6275e-02   3.7000e-01
  -8.8359e+00  -4.6265e-02   3.3000e-01
  -8.8339e+00  -4.6255e-02   2.9000e-01
  -8.8319e+00  -4.6244e-02   2.5000e-01
  -8.8299e+00  -4.6234e-02   2.1000e-01
  -8.8279e+00  -4.6223e-02   1.7000e-01
  -8.8259e+00  -4.6213e-02   1.3000e-01
  -8.8239e+00  -4.6202e-02   9.0000e-02
  -8.8219e+00  -4.6192e-02   5.0000e-02
  -8.8199e+00  -4.6181e-02   1.0000e-02
  -8.8179e+00  -4.6171e-02  -3.0000e-02
  -8.8159e+00  -4.6160e-02  -7.0000e-02
  -8.8139e+00  -4.6150e-02  -1.1000e-01
  -8.8119e+00  -4.6139e-02  -1.5000e-01
  -8.8099e+00  -4.6129e-02  -1.9000e-01
  -8.8079e+00  -4.6118e-02  -2.3000e-01
  -8.8059e+00  -4.6108e-02  -2.7000e-01
  -8.8039e+00  -4.6097e-02  -3.1000e-01
  -8.8019e+00  -4.6087e-02  -3.5000e-01
  -8.7999e+00  -4.6076e-02  -3.9000e-01
  -8.7979e+00  -4.6066e-02  -4.3000e-01
  -8.7959e+00  -4.6056e-02  -4.7000e-01
  -8.7939e+00  -4.6045e-02  -5.1000e-01
  -8.7919e+00  -4.6035e-02  -5.5000e-01
  -8.7899e+00  -4.6024e-02  -5.9000e-01
  -6.7039e+00  -5.6853e+00  -5.9000e-01
  -6.6778e+00  -5.7159e+00  -5.9000e-01
  -6.6515e+00  -5.7464e+00  -5.9000e-01
  -6.6252e+00  -5.7768e+00  -5.9000e-01
  -6.5987e+00  -5.8070e+00  -5.9000e-01
  -6.5720e+00  -5.8372e+00  -5.9000e-01
  -6.5453e+00  -5.8672e+00  -5.9000e-01
  -6.5184e+00  -5.8970e+00  -5.9000e-01
  -6.4913e+00  -5.9268e+00  -5.9000e-01
  -6.4641e+00  -5.9565e+00  -5.9000e-01
  -6.4368e+00  -5.9860e+00  -5.9000e-01
  -6.4093e+00  -6.0154e+00  -5.9000e-01
  -6.3817e+00  -6.0446e+00  -5.9000e-01
  -6.3540e+00  -6.0738e+00  -5.9000e-01
  -6.3262e+00  -6.1028e+00  -5.9000e-01
  -6.2982e+00  -6.1316e+00  -5.9000e-01
  -6.2701e+00  -6.1604e+00  -5.9000e-01
  -6.2418e+00  -6.1890e+00  -5.9000e-01
  -6.2134e+00  -6.2175e+00  -5.9000e-01
  -6.1849e+00  -6.2459e+00  -5.9000e-01
  -6.1563e+00  -6.2741e+00  -5.9000e-01
  -6.1275e+00  -6.3022e+00  -5.9000e-01
  -6.0986e+00  -6.3302e+00  -5.9000e-01
  -6.0696e+00  -6.3580e+00  -5.9000e-01
  -6.0404e+00  -6.3857e+00  -5.9000e-01
  -6.0111e+00  -6.4133e+00  -5.9000e-01
  -5.9817e+00  -6.4407e+00  -5.9000e-01
  -5.9522e+00  -6.4680e+00  -5.9000e-01
  -5.9225e+00  -6.4952e+00  -5.9000e-01
  -5.8927e+00  -6.5222e+00  -5.9000e-01
  -5.8628e+00  -6.5491e+00  -5.9000e-01
  -5.8328e+00  -6.5759e+00  -5.9000e-01
  -5.8027e+00  -6.6025e+00  -5.9000e-01
  -5.7724e+00  -6.6290e+00  -5.9000e-01
  -5.7420e+00  -6.6553e+00  -5.9000e-01
  -5.7115e+00  -6.6815e+00  -5.9000e-01
  -5.6809e+00  -6.7076e+00  -5.9000e-01
  -5.6501e+00  -6.7335e+00  -5.9000e-01
  -5.6192e+00  -6.7593e+00  -5.9000e-01
  -5.5882e+00  -6.7850e+00  -5.9000e-01
  -5.5571e+00  -6.8105e+00  -5.9000e-01
  -5.5259e+00  -6.8358e+00  -5.9000e-01
  -5.4946e+00  -6.8610e+00  -5.9000e-01
  -5.4631e+00  -6.8861e+00  -5.9000e-01
  -5.4316e+00  -6.9110e+00  -5.9000e-01
  -5.3999e+00  -6.9358e+00  -5.9000e-01
  -5.3681e+00  -6.9604e+00  -5.9000e-01
  -5.3362e+00  -6.9849e+00  -5.9000e-01
  -5.3042e+00  -7.0093e+00  -5.9000e-01
  -5.2721e+00  -7.0335e+00  -5.9000e-01
  -5.2398e+00  -7.0575e+00  -5.9000e-01
  -5.2075e+00  -7.0814e+00  -5.9000e-01
  -5.1750e+00  -7.1052e+00  -5.9000e-01
  -5.1425e+00  -7.1288e+00  -5.9000e-01
  -5.1098e+00  -7.1522e+00  -5.9000e-01
  -5.0770e+00  -7.1755e+00  -5.9000e-01
  -5.0441e+00  -7.1987e+00  -5.9000e-01
  -5.0111e+00  -7.2217e+00  -5.9000e-01
  -4.9780e+00  -7.2445e+00  -5.9000e-01
  -4.9448e+00  -7.2672e+00  -5.9000e-01
  -4.9115e+00  -7.2898e+00  -5.9000e-01
  -4.8781e+00  -7.3122e+00  -5.9000e-01
  -4.8446e+00  -7.3344e+00  -5.9000e-01
  -4.8110e+00  -7.3565e+00  -5.9000e-01
  -4.7773e+00  -7.3785e+00  -5.9000e-01
  -4.7435e+00  -7.4002e+00  -5.9000e-01
  -4.7096e+00  -7.4219e+00  -5.9000e-01
  -4.6756e+00  -7.4433e+00  -5.9000e-01
  -4.6415e+00  -7.4647e+00  -5.9000e-01
  -4.6072e+00  -7.4858e+00  -5.9000e-01
  -4.5729e+00  -7.5068e+00  -5.9000e-01
  -4.5386e+00  -7.5277e+00  -5.9000e-01
  -4.5041e+00  -7.5483e+00  -5.9000e-01
  -4.4695e+00  -7.5689e+00  -5.9000e-01
  -4.4348e+00  -7.5892e+00  -5.9000e-01
  -4.4358e+00  -7.5910e+00  -5.5000e-01
  -4.4368e+00  -7.5927e+00  -5.1000e-01
  -4.4378e+00  -7.5944e+00  -4.7000e-01
  -4.4388e+00  -7.5962e+00  -4.3000e-01
  -4.4398e+00  -7.5979e+00  -3.9000e-01
  -4.4409e+00  -7.5996e+00  -3.5000e-01
  -4.4419e+00  -7.6013e+00  -3.1000e-01
  -4.4429e+00  -7.6031e+00  -2.7000e-01
  -4.4439e+00  -7.6048e+00  -2.3000e-01
  -4.4449e+00  -7.6065e+00  -1.9000e-01
  -4.4459e+00  -7.6082e+00  -1.5000e-01
  -4.4469e+00  -7.6100e+00  -1.1000e-01
  -4.4479e+00  -7.6117e+00  -7.0000e-02
  -4.4489e+00  -7.6134e+00  -3.0000e-02
  -4.4499e+00  -7.6151e+00   1.0000e-02
  -4.4509e+00  -7.6169e+00   5.0000e-02
  -4.4520e+00  -7.6186e+00   9.0000e-02
  -4.4530e+00  -7.6203e+00   1.3000e-01
  -4.4540e+00  -7.6221e+00   1.7000e-01
  -4.4550e+00  -7.6238e+00   2.1000e-01
  -4.4560e+00  -7.6255e+00   2.5000e-01
  -4.4570e+00  -7.6272e+00   2.9000e-01
  -4.4580e+00  -7.6290e+00   3.3000e-01
  -4.4590e+00  -7.6307e+00   3.7000e-01
  -4.4600e+00  -7.6324e+00   4.1000e-01
  -4.4610e+00  -7.6341e+00   4.5000e-01
  -4.4620e+00  -7.6359e+00   4.9000e-01
  -4.4631e+00  -7.6376e+00   5.3000e-01
  -4.4641e+00  -7.6393e+00   5.7000e-01
  -4.4651e+00  -7.6411e+00   6.1000e-01
  -4.4634e+00  -7.6382e+00   6.5067e-01
  -4.4617e+00  -7.6353e+00   6.9133e-01
  -4.4600e+00  -7.6324e+00   7.3200e-01
  -4.4583e+00  -7.6295e+00   7.7267e-01
  -4.4567e+00  -7.6267e+00   8.1333e-01
  -4.4550e+00  -7.6238e+00   8.5400e-01
  -4.4533e+00  -7.6209e+00   8.9467e-01
  -4.4516e+00  -7.6180e+00   9.3533e-01
  -4.4499e+00  -7.6151e+00   9.7600e-01
  -4.4483e+00  -7.6123e+00   1.0167e+00
  -4.4466e+00  -7.6094e+00   1.0573e+00
  -4.4449e+00  -7.6065e+00   1.0980e+00
  -4.4432e+00  -7.6036e+00   1.1387e+00
  -4.4415e+00  -7.6008e+00   1.1793e+00
  -4.4398e+00  -7.5979e+00   1.2200e+00
  -4.4382e+00  -7.5950e+00   1.2607e+00
  -4.4365e+00  -7.5921e+00   1.3013e+00
  -4.4348e+00  -7.5892e+00   1.3420e+00
  -4.4331e+00  -7.5864e+00   1.3827e+00
  -4.4314e+00  -7.5835e+00   1.4233e+00
  -4.4298e+00  -7.5806e+00   1.4640e+00
  -4.4281e+00  -7.5777e+00   1.5047e+00
  -4.4264e+00  -7.5749e+00   1.5453e+00
  -4.4247e+00  -7.5720e+00   1.5860e+00
  -4.4230e+00  -7.5691e+00   1.6267e+00
  -4.4213e+00  -7.5662e+00   1.6673e+00
  -4.4197e+00  -7.5633e+00   1.7080e+00
  -4.4180e+00  -7.5605e+00   1.7487e+00
  -4.4163e+00  -7.5576e+00   1.7893e+00
  -4.4146e+00  -7.5547e+00   1.8300e+00
  -4.4491e+00  -7.5344e+00   1.8300e+00
  -4.4836e+00  -7.5140e+00   1.8300e+00
  -4.5179e+00  -7.4934e+00   1.8300e+00
  -4.5521e+00  -7.4727e+00   1.8300e+00
  -4.5863e+00  -7.4517e+00   1.8300e+00
  -4.6203e+00  -7.4307e+00   1.8300e+00
  -4.6543e+00  -7.4095e+00   1.8300e+00
  -4.6881e+00  -7.3881e+00   1.8300e+00
  -4.7219e+00  -7.3666e+00   1.8300e+00
  -4.7555e+00  -7.3449e+00   1.8300e+00
  -4.7891e+00  -7.3230e+00   1.8300e+00
  -4.8226e+00  -7.3011e+00   1.8300e+00
  -4.8559e+00  -7.2789e+00   1.8300e+00
  -4.8892e+00  -7.2566e+00   1.8300e+00
  -4.9223e+00  -7.2342e+00   1.8300e+00
  -4.9554e+00  -7.2116e+00   1.8300e+00
  -4.9883e+00  -7.1888e+00   1.8300e+00
  -5.0212e+00  -7.1659e+00   1.8300e+00
  -5.0539e+00  -7.1429e+00   1.8300e+00
  -5.0865e+00  -7.1197e+00   1.8300e+00
  -5.1190e+00  -7.0963e+00   1.8300e+00
  -5.1515e+00  -7.0728e+00   1.8300e+00
  -5.1838e+00  -7.0492e+00   1.8300e+00
  -5.2160e+00  -7.0254e+00   1.8300e+00
  -5.2481e+00  -7.0015e+00   1.8300e+00
  -5.2800e+00  -6.9774e+00   1.8300e+00
  -5.3119e+00  -6.9531e+00   1.8300e+00
  -5.3437e+00  -6.9288e+00   1.8300e+00
  -5.3753e+00  -6.9042e+00   1.8300e+00
  -5.4069e+00  -6.8796e+00   1.8300e+00
  -5.4383e+00  -6.8548e+00   1.8300e+00
  -5.4696e+00  -6.8298e+00   1.8300e+00
  -5.5008e+00  -6.8047e+00   1.8300e+00
  -5.5319e+00  -6.7795e+00   1.8300e+00
  -5.5628e+00  -6.7541e+00   1.8300e+00
  -5.5937e+00  -6.7286e+00   1.8300e+00
  -5.6244e+00  -6.7029e+00   1.8300e+00
  -5.6550e+00  -6.6771e+00   1.8300e+00
  -5.6855e+00  -6.6511e+00   1.8300e+00
  -5.7159e+00  -6.6251e+00   1.8300e+00
  -5.7461e+00  -6.5988e+00   1.8300e+00
  -5.7763e+00  -6.5725e+00   1.8300e+00
  -5.8063e+00  -6.5460e+00   1.8300e+00
  -5.8362e+00  -6.5193e+00   1.8300e+00
  -5.8659e+00  -6.4926e+00   1.8300e+00
  -5.8956e+00  -6.4657e+00   1.8300e+00
  -5.9251e+00  -6.4386e+00   1.8300e+00
  -5.9545e+00  -6.4114e+00   1.8300e+00
  -5.9838e+00  -6.3841e+00   1.8300e+00
  -6.0129e+00  -6.3567e+00   1.8300e+00
  -6.0419e+00  -6.3291e+00   1.8300e+00
  -6.0708e+00  -6.3014e+00   1.8300e+00
  -6.0996e+00  -6.2735e+00   1.8300e+00
  -6.1282e+00  -6.2456e+00   1.8300e+00
  -6.1568e+00  -6.2175e+00   1.8300e+00
  -6.1851e+00  -6.1892e+00   1.8300e+00
  -6.2134e+00  -6.1609e+00   1.8300e+00
  -6.2415e+00  -6.1324e+00   1.8300e+00
  -6.2695e+00  -6.1037e+00   1.8300e+00
  -6.2974e+00  -6.0750e+00   1.8300e+00
  -6.3251e+00  -6.0461e+00   1.8300e+00
  -6.3527e+00  -6.0171e+00   1.8300e+00
  -6.3802e+00  -5.9880e+00   1.8300e+00
  -6.4075e+00  -5.9587e+00   1.8300e+00
  -6.4347e+00  -5.9293e+00   1.8300e+00
  -6.4618e+00  -5.8998e+00   1.8300e+00
  -6.4887e+00  -5.8702e+00   1.8300e+00
  -6.5155e+00  -5.8405e+00   1.8300e+00
  -6.5421e+00  -5.8106e+00   1.8300e+00
  -6.5687e+00  -5.7806e+00   1.8300e+00
  -6.5950e+00  -5.7505e+00   1.8300e+00
  -6.6213e+00  -5.7202e+00   1.8300e+00
  -6.6474e+00  -5.6899e+00   1.8300e+00
  -6.6733e+00  -5.6594e+00   1.8300e+00
  -6.6759e+00  -5.6616e+00   1.7893e+00
  -6.6784e+00  -5.6637e+00   1.7487e+00
  -6.6810e+00  -5.6659e+00   1.7080e+00
  -6.6835e+00  -5.6680e+00   1.6673e+00
  -6.6861e+00  -5.6702e+00   1.6267e+00
  -6.6886e+00  -5.6723e+00   1.5860e+00
  -6.6911e+00  -5.6745e+00   1.5453e+00
  -6.6937e+00  -5.6767e+00   1.5047e+00
  -6.6962e+00  -5.6788e+00   1.4640e+00
  -6.6988e+00  -5.6810e+00   1.4233e+00
  -6.7013e+00  -5.6831e+00   1.3827e+00
  -6.7039e+00  -5.6853e+00   1.3420e+00
  -6.7064e+00  -5.6874e+00   1.3013e+00
  -6.7089e+00  -5.6896e+00   1.2607e+00
  -6.7115e+00  -5.6918e+00   1.2200e+00
  -6.7140e+00  -5.6939e+00   1.1793e+00
  -6.7166e+00  -5.6961e+00   1.1387e+00
  -6.7191e+00  -5.6982e+00   1.0980e+00
  -6.7217e+00  -5.7004e+00   1.0573e+00
  -6.7242e+00  -5.7025e+00   1.0167e+00
  -6.7267e+00  -5.7047e+00   9.7600e-01
  -6.7293e+00  -5.7068e+00   9.3533e-01
  -6.7318e+00  -5.7090e+00   8.9467e-01
  -6.7344e+00  -5.7112e+00   8.5400e-01
  -6.7369e+00  -5.7133e+00   8.1333e-01
  -6.7394e+00  -5.7155e+00   7.7267e-01
  -6.7420e+00  -5.7176e+00   7.3200e-01
  -6.7445e+00  -5.7198e+00   6.9133e-01
  -6.7471e+00  -5.7219e+00   6.5067e-01
  -6.7496e+00  -5.7241e+00   6.1000e-01
  -6.7481e+00  -5.7228e+00   5.7000e-01
  -6.7466e+00  -5.7215e+00   5.3000e-01
  -6.7450e+00  -5.7202e+00   4.9000e-01
  -6.7435e+00  -5.7189e+00   4.5000e-01
  -6.7420e+00  -5.7176e+00   4.1000e-01
  -6.7405e+00  -5.7163e+00   3.7000e-01
  -6.7389e+00  -5.7150e+00   3.3000e-01
  -6.7374e+00  -5.7137e+00   2.9000e-01
  -6.7359e+00  -5.7124e+00   2.5000e-01
  -6.7344e+00  -5.7112e+00   2.1000e-01
  -6.7328e+00  -5.7099e+00   1.7000e-01
  -6.7313e+00  -5.7086e+00   1.3000e-01
  -6.7298e+00  -5.7073e+00   9.0000e-02
  -6.7283e+00  -5.7060e+00   5.0000e-02
  -6.7267e+00  -5.7047e+00   1.0000e-02
  -6.7252e+00  -5.7034e+00  -3.0000e-02
  -6.7237e+00  -5.7021e+00  -7.0000e-02
  -6.7222e+00  -5.7008e+00  -1.1000e-01
  -6.7206e+00  -5.6995e+00  -1.5000e-01
  -6.7191e+00  -5.6982e+00  -1.9000e-01
  -6.7176e+00  -5.6969e+00  -2.3000e-01
  -6.7161e+00  -5.6956e+00  -2.7000e-01
  -6.7145e+00  -5.6943e+00  -3.1000e-01
  -6.7130e+00  -5.6930e+00  -3.5000e-01
  -6.7115e+00  -5.6918e+00  -3.9000e-01
  -6.7100e+00  -5.6905e+00  -4.3000e-01
  -6.7084e+00  -5.6892e+00  -4.7000e-01
  -6.7069e+00  -5.6879e+00  -5.1000e-01
  -6.7054e+00  -5.6866e+00  -5.5000e-01
  -6.7039e+00  -5.6853e+00  -5.9000e-01
  -1.4810e+00  -8.6643e+00  -5.9000e-01
  -1.4414e+00  -8.6710e+00  -5.9000e-01
  -1.4017e+00  -8.6775e+00  -5.9000e-01
  -1.3620e+00  -8.6838e+00  -5.9000e-01
  -1.3222e+00  -8.6900e+00  -5.9000e-01
  -1.2824e+00  -8.6959e+00  -5.9000e-01
  -1.2426e+00  -8.7017e+00  -5.9000e-01
  -1.2028e+00  -8.7073e+00  -5.9000e-01
  -1.1629e+00  -8.7127e+00  -5.9000e-01
  -1.1231e+00  -8.7180e+00  -5.9000e-01
  -1.0832e+00  -8.7230e+00  -5.9000e-01
  -1.0432e+00  -8.7279e+00  -5.9000e-01
  -1.0033e+00  -8.7326e+00  -5.9000e-01
  -9.6333e-01  -8.7371e+00  -5.9000e-01
  -9.2334e-01  -8.7414e+00  -5.9000e-01
  -8.8333e-01  -8.7455e+00  -5.9000e-01
  -8.4331e-01  -8.7495e+00  -5.9000e-01
  -8.0327e-01  -8.7532e+00  -5.9000e-01
  -7.6321e-01  -8.7568e+00  -5.9000e-01
  -7.2313e-01  -8.7602e+00  -5.9000e-01
  -6.8304e-01  -8.7634e+00  -5.9000e-01
  -6.4294e-01  -8.7665e+00  -5.9000e-01
  -6.0282e-01  -8.7693e+00  -5.9000e-01
  -5.6269e-01  -8.7720e+00  -5.9000e-01
  -5.2254e-01  -8.7745e+00  -5.9000e-01
  -4.8239e-01  -8.7768e+00  -5.9000e-01
  -4.4223e-01  -8.7789e+00  -5.9000e-01
  -4.0205e-01  -8.7808e+00  -5.9000e-01
  -3.6187e-01  -8.7825e+00  -5.9000e-01
  -3.2168e-01  -8.7841e+00  -5.9000e-01
  -2.8149e-01  -8.7855e+00  -5.9000e-01
  -2.4129e-01  -8.7867e+00  -5.9000e-01
  -2.0108e-01  -8.7877e+00  -5.9000e-01
  -1.6087e-01  -8.7885e+00  -5.9000e-01
  -1.2065e-01  -8.7892e+00  -5.9000e-01
  -8.0438e-02  -8.7896e+00  -5.9000e-01
  -4.0219e-02  -8.7899e+00  -5.9000e-01
   2.1807e-14  -8.7900e+00  -5.9000e-01
   4.0219e-02  -8.7899e+00  -5.9000e-01
   8.0438e-02  -8.7896e+00  -5.9000e-01
   1.2065e-01  -8.7892e+00  -5.9000e-01
   1.6087e-01  -8.7885e+00  -5.9000e-01
   2.0108e-01  -8.7877e+00  -5.9000e-01
   2.4129e-01  -8.7867e+00  -5.9000e-01
   2.8149e-01  -8.7855e+00  -5.9000e-01
   3.2168e-01  -8.7841e+00  -5.9000e-01
   3.6187e-01  -8.7825e+00  -5.9000e-01
   4.0205e-01  -8.7808e+00  -5.9000e-01
   4.4223e-01  -8.7789e+00  -5.9000e-01
   4.8239e-01  -8.7768e+00  -5.9000e-01
   5.2254e-01  -8.7745e+00  -5.9000e-01
   5.6269e-01  -8.7720e+00  -5.9000e-01
   6.0282e-01  -8.7693e+00  -5.9000e-01
   6.4294e-01  -8.7665e+00  -5.9000e-01
   6.8304e-01  -8.7634e+00  -5.9000e-01
   7.2313e-01  -8.7602e+00  -5.9000e-01
   7.6321e-01  -8.7568e+00  -5.9000e-01
   8.0327e-01  -8.7532e+00  -5.9000e-01
   8.4331e-01  -8.7495e+00  -5.9000e-01
   8.8333e-01  -8.7455e+00  -5.9000e-01
   9.2334e-01  -8.7414e+00  -5.9000e-01
   9.6333e-01  -8.7371e+00  -5.9000e-01
   1.0033e+00  -8.7326e+00  -5.9000e-01
   1.0432e+00  -8.7279e+00  -5.9000e-01
   1.0832e+00  -8.7230e+00  -5.9000e-01
   1.1231e+00  -8.7180e+00  -5.9000e-01
   1.1629e+00  -8.7127e+00  -5.9000e-01
   1.2028e+00  -8.7073e+00  -5.9000e-01
   1.2426e+00  -8.7017e+00  -5.9000e-01
   1.2824e+00  -8.6959e+00  -5.9000e-01
   1.3222e+00  -8.6900e+00  -5.9000e-01
   1.3620e+00  -8.6838e+00  -5.9000e-01
   1.4017e+00  -8.6775e+00  -5.9000e-01
   1.4414e+00  -8.6710e+00  -5.9000e-01
   1.4810e+00  -8.6643e+00  -5.9000e-01
   1.4814e+00  -8.6663e+00  -5.5000e-01
   1.4817e+00  -8.6683e+00  -5.1000e-01
   1.4820e+00  -8.6702e+00  -4.7000e-01
   1.4824e+00  -8.6722e+00  -4.3000e-01
   1.4827e+00  -8.6742e+00  -3.9000e-01
   1.4830e+00  -8.6762e+00  -3.5000e-01
   1.4834e+00  -8.6781e+00  -3.1000e-01
   1.4837e+00  -8.6801e+00  -2.7000e-01
   1.4841e+00  -8.6821e+00  -2.3000e-01
   1.4844e+00  -8.6840e+00  -1.9000e-01
   1.4847e+00  -8.6860e+00  -1.5000e-01
   1.4851e+00  -8.6880e+00  -1.1000e-01
   1.4854e+00  -8.6900e+00  -7.0000e-02
   1.4857e+00  -8.6919e+00  -3.0000e-02
   1.4861e+00  -8.6939e+00   1.0000e-02
   1.4864e+00  -8.6959e+00   5.0000e-02
   1.4868e+00  -8.6978e+00   9.0000e-02
   1.4871e+00  -8.6998e+00   1.3000e-01
   1.4874e+00  -8.7018e+00   1.7000e-01
   1.4878e+00  -8.7038e+00   2.1000e-01
   1.4881e+00  -8.7057e+00   2.5000e-01
   1.4884e+00  -8.7077e+00   2.9000e-01
   1.4888e+00  -8.7097e+00   3.3000e-01
   1.4891e+00  -8.7116e+00   3.7000e-01
   1.4894e+00  -8.7136e+00   4.1000e-01
   1.4898e+00  -8.7156e+00   4.5000e-01
   1.4901e+00  -8.7176e+00   4.9000e-01
   1.4905e+00  -8.7195e+00   5.3000e-01
   1.4908e+00  -8.7215e+00   5.7000e-01
   1.4911e+00  -8.7235e+00   6.1000e-01
   1.4906e+00  -8.7202e+00   6.5067e-01
   1.4900e+00  -8.7169e+00   6.9133e-01
   1.4894e+00  -8.7136e+00   7.3200e-01
   1.4889e+00  -8.7103e+00   7.7267e-01
   1.4883e+00  -8.7070e+00   8.1333e-01
   1.4878e+00  -8.7038e+00   8.5400e-01
   1.4872e+00  -8.7005e+00   8.9467e-01
   1.4866e+00  -8.6972e+00   9.3533e-01
   1.4861e+00  -8.6939e+00   9.7600e-01
   1.4855e+00  -8.6906e+00   1.0167e+00
   1.4850e+00  -8.6873e+00   1.0573e+00
   1.4844e+00  -8.6840e+00   1.0980e+00
   1.4838e+00  -8.6808e+00   1.1387e+00
   1.4833e+00  -8.6775e+00   1.1793e+00
   1.4827e+00  -8.6742e+00   1.2200e+00
   1.4821e+00  -8.6709e+00   1.2607e+00
   1.4816e+00  -8.6676e+00   1.3013e+00
   1.4810e+00  -8.6643e+00   1.3420e+00
   1.4805e+00  -8.6610e+00   1.3827e+00
   1.4799e+00  -8.6578e+00   1.4233e+00
   1.4793e+00  -8.6545e+00   1.4640e+00
   1.4788e+00  -8.6512e+00   1.5047e+00
   1.4782e+00  -8.6479e+00   1.5453e+00
   1.4777e+00  -8.6446e+00   1.5860e+00
   1.4771e+00  -8.6413e+00   1.6267e+00
   1.4765e+00  -8.6380e+00   1.6673e+00
   1.4760e+00  -8.6348e+00   1.7080e+00
   1.4754e+00  -8.6315e+00   1.7487e+00
   1.4748e+00  -8.6282e+00   1.7893e+00
   1.4743e+00  -8.6249e+00   1.8300e+00
   1.4348e+00  -8.6316e+00   1.8300e+00
   1.3953e+00  -8.6380e+00   1.8300e+00
   1.3558e+00  -8.6443e+00   1.8300e+00
   1.3162e+00  -8.6504e+00   1.8300e+00
   1.2766e+00  -8.6564e+00   1.8300e+00
   1.2370e+00  -8.6621e+00   1.8300e+00
   1.1973e+00  -8.6677e+00   1.8300e+00
   1.1577e+00  -8.6731e+00   1.8300e+00
   1.1180e+00  -8.6783e+00   1.8300e+00
   1.0782e+00  -8.6833e+00   1.8300e+00
   1.0385e+00  -8.6882e+00   1.8300e+00
   9.9873e-01  -8.6928e+00   1.8300e+00
   9.5894e-01  -8.6973e+00   1.8300e+00
   9.1914e-01  -8.7016e+00   1.8300e+00
   8.7931e-01  -8.7057e+00   1.8300e+00
   8.3947e-01  -8.7096e+00   1.8300e+00
   7.9961e-01  -8.7134e+00   1.8300e+00
   7.5973e-01  -8.7170e+00   1.8300e+00
   7.1984e-01  -8.7203e+00   1.8300e+00
   6.7993e-01  -8.7235e+00   1.8300e+00
   6.4001e-01  -8.7266e+00   1.8300e+00
   6.0008e-01  -8.7294e+00   1.8300e+00
   5.6013e-01  -8.7321e+00   1.8300e+00
   5.2017e-01  -8.7345e+00   1.8300e+00
   4.8020e-01  -8.7368e+00   1.8300e+00
   4.4021e-01  -8.7389e+00   1.8300e+00
   4.0022e-01  -8.7408e+00   1.8300e+00
   3.6023e-01  -8.7426e+00   1.8300e+00
   3.2022e-01  -8.7441e+00   1.8300e+00
   2.8021e-01  -8.7455e+00   1.8300e+00
   2.4019e-01  -8.7467e+00   1.8300e+00
   2.0016e-01  -8.7477e+00   1.8300e+00
   1.6014e-01  -8.7485e+00   1.8300e+00
   1.2011e-01  -8.7492e+00   1.8300e+00
   8.0072e-02  -8.7496e+00   1.8300e+00
   4.0036e-02  -8.7499e+00   1.8300e+00
  -2.4922e-14  -8.7500e+00   1.8300e+00
  -4.0036e-02  -8.7499e+00   1.8300e+00
  -8.0072e-02  -8.7496e+00   1.8300e+00
  -1.2011e-01  -8.7492e+00   1.8300e+00
  -1.6014e-01  -8.7485e+00   1.8300e+00
  -2.0016e-01  -8.7477e+00   1.8300e+00
  -2.4019e-01  -8.7467e+00   1.8300e+00
  -2.8021e-01  -8.7455e+00   1.8300e+00
  -3.2022e-01  -8.7441e+00   1.8300e+00
  -3.6023e-01  -8.7426e+00   1.8300e+00
  -4.0022e-01  -8.7408e+00   1.8300e+00
  -4.4021e-01  -8.7389e+00   1.8300e+00
  -4.8020e-01  -8.7368e+00   1.8300e+00
  -5.2017e-01  -8.7345e+00   1.8300e+00
  -5.6013e-01  -8.7321e+00   1.8300e+00
  -6.0008e-01  -8.7294e+00   1.8300e+00
  -6.4001e-01  -8.7266e+00   1.8300e+00
  -6.7993e-01  -8.7235e+00   1.8300e+00
  -7.1984e-01  -8.7203e+00   1.8300e+00
  -7.5973e-01  -8.7170e+00   1.8300e+00
  -7.9961e-01  -8.7134e+00   1.8300e+00
  -8.3947e-01  -8.7096e+00   1.8300e+00
  -8.7931e-01  -8.7057e+00   1.8300e+00
  -9.1914e-01  -8.7016e+00   1.8300e+00
  -9.5894e-01  -8.6973e+00   1.8300e+00
  -9.9873e-01  -8.6928e+00   1.8300e+00
  -1.0385e+00  -8.6882e+00   1.8300e+00
  -1.0782e+00  -8.6833e+00   1.8300e+00
  -1.1180e+00  -8.6783e+00   1.8300e+00
  -1.1577e+00  -8.6731e+00   1.8300e+00
  -1.1973e+00  -8.6677e+00   1.8300e+00
  -1.2370e+00  -8.6621e+00   1.8300e+00
  -1.2766e+00  -8.6564e+00   1.8300e+00
  -1.3162e+00  -8.6504e+00   1.8300e+00
  -1.3558e+00  -8.6443e+00   1.8300e+00
  -1.3953e+00  -8.6380e+00   1.8300e+00
  -1.4348e+00  -8.6316e+00   1.8300e+00
  -1.4743e+00  -8.6249e+00   1.8300e+00
  -1.4748e+00  -8.6282e+00   1.7893e+00
  -1.4754e+00  -8.6315e+00   1.7487e+00
  -1.4760e+00  -8.6348e+00   1.7080e+00
  -1.4765e+00  -8.6380e+00   1.6673e+00
  -1.4771e+00  -8.6413e+00   1.6267e+00
  -1.4777e+00  -8.6446e+00   1.5860e+00
  -1.4782e+00  -8.6479e+00   1.5453e+00
  -1.4788e+00  -8.6512e+00   1.5047e+00
  -1.4793e+00  -8.6545e+00   1.4640e+00
  -1.4799e+00  -8.6578e+00   1.4233e+00
  -1.4805e+00  -8.6610e+00   1.3827e+00
  -1.4810e+00  -8.6643e+00   1.3420e+00
  -1.4816e+00  -8.6676e+00   1.3013e+00
  -1.4821e+00  -8.6709e+00   1.2607e+00
  -1.4827e+00  -8.6742e+00   1.2200e+00
  -1.4833e+00  -8.6775e+00   1.1793e+00
  -1.4838e+00  -8.6808e+00   1.1387e+00
  -1.4844e+00  -8.6840e+00   1.0980e+00
  -1.4850e+00  -8.6873e+00   1.0573e+00
  -1.4855e+00  -8.6906e+00   1.0167e+00
  -1.4861e+00  -8.6939e+00   9.7600e-01
  -1.4866e+00  -8.6972e+00   9.3533e-01
  -1.4872e+00  -8.7005e+00   8.9467e-01
  -1.4878e+00  -8.7038e+00   8.5400e-01
  -1.4883e+00  -8.7070e+00   8.1333e-01
  -1.4889e+00  -8.7103e+00   7.7267e-01
  -1.4894e+00  -8.7136e+00   7.3200e-01
  -1.4900e+00  -8.7169e+00   6.9133e-01
  -1.4906e+00  -8.7202e+00   6.5067e-01
  -1.4911e+00  -8.7235e+00   6.1000e-01
  -1.4908e+00  -8.7215e+00   5.7000e-01
  -1.4905e+00  -8.7195e+00   5.3000e-01
  -1.4901e+00  -8.7176e+00   4.9000e-01
  -1.4898e+00  -8.7156e+00   4.5000e-01
  -1.4894e+00  -8.7136e+00   4.1000e-01
  -1.4891e+00  -8.7116e+00   3.7000e-01
  -1.4888e+00  -8.7097e+00   3.3000e-01
  -1.4884e+00  -8.7077e+00   2.9000e-01
  -1.4881e+00  -8.7057e+00   2.5000e-01
  -1.4878e+00  -8.7038e+00   2.1000e-01
  -1.4874e+00  -8.7018e+00   1.7000e-01
  -1.4871e+00  -8.6998e+00   1.3000e-01
  -1.4868e+00  -8.6978e+00   9.0000e-02
  -1.4864e+00  -8.6959e+00   5.0000e-02
  -1.4861e+00  -8.6939e+00   1.0000e-02
  -1.4857e+00  -8.6919e+00  -3.0000e-02
  -1.4854e+00  -8.6900e+00  -7.0000e-02
  -1.4851e+00  -8.6880e+00  -1.1000e-01
  -1.4847e+00  -8.6860e+00  -1.5000e-01
  -1.4844e+00  -8.6840e+00  -1.9000e-01
  -1.4841e+00  -8.6821e+00  -2.3000e-01
  -1.4837e+00  -8.6801e+00  -2.7000e-01
  -1.4834e+00  -8.6781e+00  -3.1000e-01
  -1.4830e+00  -8.6762e+00  -3.5000e-01
  -1.4827e+00  -8.6742e+00  -3.9000e-01
  -1.4824e+00  -8.6722e+00  -4.3000e-01
  -1.4820e+00  -8.6702e+00  -4.7000e-01
  -1.4817e+00  -8.6683e+00  -5.1000e-01
  -1.4814e+00  -8.6663e+00  -5.5000e-01
  -1.4810e+00  -8.6643e+00  -5.9000e-01
   4.4348e+00  -7.5892e+00  -5.9000e-01
   4.4695e+00  -7.5689e+00  -5.9000e-01
   4.5041e+00  -7.5483e+00  -5.9000e-01
   4.5386e+00  -7.5277e+00  -5.9000e-01
   4.5729e+00  -7.5068e+00  -5.9000e-01
   4.6072e+00  -7.4858e+00  -5.9000e-01
   4.6415e+00  -7.4647e+00  -5.9000e-01
   4.6756e+00  -7.4433e+00  -5.9000e-01
   4.7096e+00  -7.4219e+00  -5.9000e-01
   4.7435e+00  -7.4002e+00  -5.9000e-01
   4.7773e+00  -7.3785e+00  -5.9000e-01
   4.8110e+00  -7.3565e+00  -5.9000e-01
   4.8446e+00  -7.3344e+00  -5.9000e-01
   4.8781e+00  -7.3122e+00  -5.9000e-01
   4.9115e+00  -7.2898e+00  -5.9000e-01
   4.9448e+00  -7.2672e+00  -5.9000e-01
   4.9780e+00  -7.2445e+00  -5.9000e-01
   5.0111e+00  -7.2217e+00  -5.9000e-01
   5.0441e+00  -7.1987e+00  -5.9000e-01
   5.0770e+00  -7.1755e+00  -5.9000e-01
   5.1098e+00  -7.1522e+00  -5.9000e-01
   5.1425e+00  -7.1288e+00  -5.9000e-01
   5.1750e+00  -7.1052e+00  -5.9000e-01
   5.2075e+00  -7.0814e+00  -5.9000e-01
   5.2398e+00  -7.0575e+00  -5.9000e-01
   5.2721e+00  -7.0335e+00  -5.9000e-01
   5.3042e+00  -7.0093e+00  -5.9000e-01
   5.3362e+00  -6.9849e+00  -5.9000e-01
   5.3681e+00  -6.9604e+00  -5.9000e-01
   5.3999e+00  -6.9358e+00  -5.9000e-01
   5.4316e+00  -6.9110e+00  -5.9000e-01
   5.4631e+00  -6.8861e+00  -5.9000e-01
   5.4946e+00  -6.8610e+00  -5.9000e-01
   5.5259e+00  -6.8358e+00  -5.9000e-01
   5.5571e+00  -6.8105e+00  -5.9000e-01
   5.5882e+00  -6.7850e+00  -5.9000e-01
   5.6192e+00  -6.7593e+00  -5.9000e-01
   5.6501e+00  -6.7335e+00  -5.9000e-01
   5.6809e+00  -6.7076e+00  -5.9000e-01
   5.7115e+00  -6.6815e+00  -5.9000e-01
   5.7420e+00  -6.6553e+00  -5.9000e-01
   5.7724e+00  -6.6290e+00  -5.9000e-01
   5.8027e+00  -6.6025e+00  -5.9000e-01
   5.8328e+00  -6.5759e+00  -5.9000e-01
   5.8628e+00  -6.5491e+00  -5.9000e-01
   5.8927e+00  -6.5222e+00  -5.9000e-01
   5.9225e+00  -6.4952e+00  -5.9000e-01
   5.9522e+00  -6.4680e+00  -5.9000e-01
   5.9817e+00  -6.4407e+00  -5.9000e-01
   6.0111e+00  -6.4133e+00  -5.9000e-01
   6.0404e+00  -6.3857e+00  -5.9000e-01
   6.0696e+00  -6.3580e+00  -5.9000e-01
   6.0986e+00  -6.3302e+00  -5.9000e-01
   6.1275e+00  -6.3022e+00  -5.9000e-01
   6.1563e+00  -6.2741e+00  -5.9000e-01
   6.1849e+00  -6.2459e+00  -5.9000e-01
   6.2134e+00  -6.2175e+00  -5.9000e-01
   6.2418e+00  -6.1890e+00  -5.9000e-01
   6.2701e+00  -6.1604e+00  -5.9000e-01
   6.2982e+00  -6.1316e+00  -5.9000e-01
   6.3262e+00  -6.1028e+00  -5.9000e-01
   6.3540e+00  -6.0738e+00  -5.9000e-01
   6.3817e+00  -6.0446e+00  -5.9000e-01
   6.4093e+00  -6.0154e+00  -5.9000e-01
   6.4368e+00  -5.9860e+00  -5.9000e-01
   6.4641e+00  -5.9565e+00  -5.9000e-01
   6.4913e+00  -5.9268e+00  -5.9000e-01
   6.5184e+00  -5.8970e+00  -5.9000e-01
   6.5453e+00  -5.8672e+00  -5.9000e-01
   6.5720e+00  -5.8372e+00  -5.9000e-01
   6.5987e+00  -5.8070e+00  -5.9000e-01
   6.6252e+00  -5.7768e+00  -5.9000e-01
   6.6515e+00  -5.7464e+00  -5.9000e-01
   6.6778e+00  -5.7159e+00  -5.9000e-01
   6.7039e+00  -5.6853e+00  -5.9000e-01
   6.7054e+00  -5.6866e+00  -5.5000e-01
   6.7069e+00  -5.6879e+00  -5.1000e-01
   6.7084e+00  -5.6892e+00  -4.7000e-01
   6.7100e+00  -5.6905e+00  -4.3000e-01
   6.7115e+00  -5.6918e+00  -3.9000e-01
   6.7130e+00  -5.6930e+00  -3.5000e-01
   6.7145e+00  -5.6943e+00  -3.1000e-01
   6.7161e+00  -5.6956e+00  -2.7000e-01
   6.7176e+00  -5.6969e+00  -2.3000e-01
   6.7191e+00  -5.6982e+00  -1.9000e-01
   6.7206e+00  -5.6995e+00  -1.5000e-01
   6.7222e+00  -5.7008e+00  -1.1000e-01
   6.7237e+00  -5.7021e+00  -7.0000e-02
   6.7252e+00  -5.7034e+00  -3.0000e-02
   6.7267e+00  -5.7047e+00   1.0000e-02
   6.7283e+00  -5.7060e+00   5.0000e-02
   6.7298e+00  -5.7073e+00   9.0000e-02
   6.7313e+00  -5.7086e+00   1.3000e-01
   6.7328e+00  -5.7099e+00   1.7000e-01
   6.7344e+00  -5.7112e+00   2.1000e-01
   6.7359e+00  -5.7124e+00   2.5000e-01
   6.7374e+00  -5.7137e+00   2.9000e-01
   6.7389e+00  -5.7150e+00   3.3000e-01
   6.7405e+00  -5.7163e+00   3.7000e-01
   6.7420e+00  -5.7176e+00   4.1000e-01
   6.7435e+00  -5.7189e+00   4.5000e-01
   6.7450e+00  -5.7202e+00   4.9000e-01
   6.7466e+00  -5.7215e+00   5.3000e-01
   6.7481e+00  -5.7228e+00   5.7000e-01
   6.7496e+00  -5.7241e+00   6.1000e-01
   6.7471e+00  -5.7219e+00   6.5067e-01
   6.7445e+00  -5.7198e+00   6.9133e-01
   6.7420e+00  -5.7176e+00   7.3200e-01
   6.7394e+00  -5.7155e+00   7.7267e-01
   6.7369e+00  -5.7133e+00   8.1333e-01
   6.7344e+00  -5.7112e+00   8.5400e-01
   6.7318e+00  -5.7090e+00   8.9467e-01
   6.7293e+00  -5.7068e+00   9.3533e-01
   6.7267e+00  -5.7047e+00   9.7600e-01
   6.7242e+00  -5.7025e+00   1.0167e+00
   6.7217e+00  -5.7004e+00   1.0573e+00
   6.7191e+00  -5.6982e+00   1.0980e+00
   6.7166e+00  -5.6961e+00   1.1387e+00
   6.7140e+00  -5.6939e+00   1.1793e+00
   6.7115e+00  -5.6918e+00   1.2200e+00
   6.7089e+00  -5.6896e+00   1.2607e+00
   6.7064e+00  -5.6874e+00   1.3013e+00
   6.7039e+00  -5.6853e+00   1.3420e+00
   6.7013e+00  -5.6831e+00   1.3827e+00
   6.6988e+00  -5.6810e+00   1.4233e+00
   6.6962e+00  -5.6788e+00   1.4640e+00
   6.6937e+00  -5.6767e+00   1.5047e+00
   6.6911e+00  -5.6745e+00   1.5453e+00
   6.6886e+00  -5.6723e+00   1.5860e+00
   6.6861e+00  -5.6702e+00   1.6267e+00
   6.6835e+00  -5.6680e+00   1.6673e+00
   6.6810e+00  -5.6659e+00   1.7080e+00
   6.6784e+00  -5.6637e+00   1.7487e+00
   6.6759e+00  -5.6616e+00   1.7893e+00
   6.6733e+00  -5.6594e+00   1.8300e+00
   6.6474e+00  -5.6899e+00   1.8300e+00
   6.6213e+00  -5.7202e+00   1.8300e+00
   6.5950e+00  -5.7505e+00   1.8300e+00
   6.5687e+00  -5.7806e+00   1.8300e+00
   6.5421e+00  -5.8106e+00   1.8300e+00
   6.5155e+00  -5.8405e+00   1.8300e+00
   6.4887e+00  -5.8702e+00   1.8300e+00
   6.4618e+00  -5.8998e+00   1.8300e+00
   6.4347e+00  -5.9293e+00   1.8300e+00
   6.4075e+00  -5.9587e+00   1.8300e+00
   6.3802e+00  -5.9880e+00   1.8300e+00
   6.3527e+00  -6.0171e+00   1.8300e+00
   6.3251e+00  -6.0461e+00   1.8300e+00
   6.2974e+00  -6.0750e+00   1.8300e+00
   6.2695e+00  -6.1037e+00   1.8300e+00
   6.2415e+00  -6.1324e+00   1.8300e+00
   6.2134e+00  -6.1609e+00   1.8300e+00
   6.1851e+00  -6.1892e+00   1.8300e+00
   6.1568e+00  -6.2175e+00   1.8300e+00
   6.1282e+00  -6.2456e+00   1.8300e+00
   6.0996e+00  -6.2735e+00   1.8300e+00
   6.0708e+00  -6.3014e+00   1.8300e+00
   6.0419e+00  -6.3291e+00   1.8300e+00
   6.0129e+00  -6.3567e+00   1.8300e+00
   5.9838e+00  -6.3841e+00   1.8300e+00
   5.9545e+00  -6.4114e+00   1.8300e+00
   5.9251e+00  -6.4386e+00   1.8300e+00
   5.8956e+00  -6.4657e+00   1.8300e+00
   5.8659e+00  -6.4926e+00   1.8300e+00
   5.8362e+00  -6.5193e+00   1.8300e+00
   5.8063e+00  -6.5460e+00   1.8300e+00
   5.7763e+00  -6.5725e+00   1.8300e+00
   5.7461e+00  -6.5988e+00   1.8300e+00
   5.7159e+00  -6.6251e+00   1.8300e+00
   5.6855e+00  -6.6511e+00   1.8300e+00
   5.6550e+00  -6.6771e+00   1.8300e+00
   5.6244e+00  -6.7029e+00   1.8300e+00
   5.5937e+00  -6.7286e+00   1.8300e+00
   5.5628e+00  -6.7541e+00   1.8300e+00
   5.5319e+00  -6.7795e+00   1.8300e+00
   5.5008e+00  -6.8047e+00   1.8300e+00
   5.4696e+00  -6.8298e+00   1.8300e+00
   5.4383e+00  -6.8548e+00   1.8300e+00
   5.4069e+00  -6.8796e+00   1.8300e+00
   5.3753e+00  -6.9042e+00   1.8300e+00
   5.3437e+00  -6.9288e+00   1.8300e+00
   5.3119e+00  -6.9531e+00   1.8300e+00
   5.2800e+00  -6.9774e+00   1.8300e+00
   5.2481e+00  -7.0015e+00   1.8300e+00
   5.2160e+00  -7.0254e+00   1.8300e+00
   5.1838e+00  -7.0492e+00   1.8300e+00
   5.1515e+00  -7.0728e+00   1.8300e+00
   5.1190e+00  -7.0963e+00   1.8300e+00
   5.0865e+00  -7.1197e+00   1.8300e+00
   5.0539e+00  -7.1429e+00   1.8300e+00
   5.0212e+00  -7.1659e+00   1.8300e+00
   4.9883e+00  -7.1888e+00   1.8300e+00
   4.9554e+00  -7.2116e+00   1.8300e+00
   4.9223e+00  -7.2342e+00   1.8300e+00
   4.8892e+00  -7.2566e+00   1.8300e+00
   4.8559e+00  -7.2789e+00   1.8300e+00
   4.8226e+00  -7.3011e+00   1.8300e+00
   4.7891e+00  -7.3230e+00   1.8300e+00
   4.7555e+00  -7.3449e+00   1.8300e+00
   4.7219e+00  -7.3666e+00   1.8300e+00
   4.6881e+00  -7.3881e+00   1.8300e+00
   4.6543e+00  -7.4095e+00   1.8300e+00
   4.6203e+00  -7.4307e+00   1.8300e+00
   4.5863e+00  -7.4517e+00   1.8300e+00
   4.5521e+00  -7.4727e+00   1.8300e+00
   4.5179e+00  -7.4934e+00   1.8300e+00
   4.4836e+00  -7.5140e+00   1.8300e+00
   4.4491e+00  -7.5344e+00   1.8300e+00
   4.4146e+00  -7.5547e+00   1.8300e+00
   4.4163e+00  -7.5576e+00   1.7893e+00
   4.4180e+00  -7.5605e+00   1.7487e+00
   4.4197e+00  -7.5633e+00   1.7080e+00
   4.4213e+00  -7.5662e+00   1.6673e+00
   4.4230e+00  -7.5691e+00   1.6267e+00
   4.4247e+00  -7.5720e+00   1.5860e+00
   4.4264e+00  -7.5749e+00   1.5453e+00
   4.4281e+00  -7.5777e+00   1.5047e+00
   4.4298e+00  -7.5806e+00   1.4640e+00
   4.4314e+00  -7.5835e+00   1.4233e+00
   4.4331e+00  -7.5864e+00   1.3827e+00
   4.4348e+00  -7.5892e+00   1.3420e+00
   4.4365e+00  -7.5921e+00   1.3013e+00
   4.4382e+00  -7.5950e+00   1.2607e+00
   4.4398e+00  -7.5979e+00   1.2200e+00
   4.4415e+00  -7.6008e+00   1.1793e+00
   4.4432e+00  -7.6036e+00   1.1387e+00
   4.4449e+00  -7.6065e+00   1.0980e+00
   4.4466e+00  -7.6094e+00   1.0573e+00
   4.4483e+00  -7.6123e+00   1.0167e+00
   4.4499e+00  -7.6151e+00   9.7600e-01
   4.4516e+00  -7.6180e+00   9.3533e-01
   4.4533e+00  -7.6209e+00   8.9467e-01
   4.4550e+00  -7.6238e+00   8.5400e-01
   4.4567e+00  -7.6267e+00   8.1333e-01
   4.4583e+00  -7.6295e+00   7.7267e-01
   4.4600e+00  -7.6324e+00   7.3200e-01
   4.4617e+00  -7.6353e+00   6.9133e-01
   4.4634e+00  -7.6382e+00   6.5067e-01
   4.4651e+00  -7.6411e+00   6.1000e-01
   4.4641e+00  -7.6393e+00   5.7000e-01
   4.4631e+00  -7.6376e+00   5.3000e-01
   4.4620e+00  -7.6359e+00   4.9000e-01
   4.4610e+00  -7.6341e+00   4.5000e-01
   4.4600e+00  -7.6324e+00   4.1000e-01
   4.4590e+00  -7.6307e+00   3.7000e-01
   4.4580e+00  -7.6290e+00   3.3000e-01
   4.4570e+00  -7.6272e+00   2.9000e-01
   4.4560e+00  -7.6255e+00   2.5000e-01
   4.4550e+00  -7.6238e+00   2.1000e-01
   4.4540e+00  -7.6221e+00   1.7000e-01
   4.4530e+00  -7.6203e+00   1.3000e-01
   4.4520e+00  -7.6186e+00   9.0000e-02
   4.4509e+00  -7.6169e+00   5.0000e-02
   4.4499e+00  -7.6151e+00   1.0000e-02
   4.4489e+00  -7.6134e+00  -3.0000e-02
   4.4479e+00  -7.6117e+00  -7.0000e-02
   4.4469e+00  -7.6100e+00  -1.1000e-01
   4.4459e+00  -7.6082e+00  -1.5000e-01
   4.4449e+00  -7.6065e+00  -1.9000e-01
   4.4439e+00  -7.6048e+00  -2.3000e-01
   4.4429e+00  -7.6031e+00  -2.7000e-01
   4.4419e+00  -7.6013e+00  -3.1000e-01
   4.4409e+00  -7.5996e+00  -3.5000e-01
   4.4398e+00  -7.5979e+00  -3.9000e-01
   4.4388e+00  -7.5962e+00  -4.3000e-01
   4.4378e+00  -7.5944e+00  -4.7000e-01
   4.4368e+00  -7.5927e+00  -5.1000e-01
   4.4358e+00  -7.5910e+00  -5.5000e-01
   4.4348e+00  -7.5892e+00  -5.9000e-01
   8.2755e+00  -2.9631e+00  -5.9000e-01
   8.2890e+00  -2.9252e+00  -5.9000e-01
   8.3023e+00  -2.8872e+00  -5.9000e-01
   8.3154e+00  -2.8492e+00  -5.9000e-01
   8.3284e+00  -2.8111e+00  -5.9000e-01
   8.3411e+00  -2.7730e+00  -5.9000e-01
   8.3537e+00  -2.7348e+00  -5.9000e-01
   8.3662e+00  -2.6965e+00  -5.9000e-01
   8.3784e+00  -2.6582e+00  -5.9000e-01
   8.3905e+00  -2.6199e+00  -5.9000e-01
   8.4024e+00  -2.5814e+00  -5.9000e-01
   8.4141e+00  -2.5430e+00  -5.9000e-01
   8.4257e+00  -2.5044e+00  -5.9000e-01
   8.4370e+00  -2.4659e+00  -5.9000e-01
   8.4482e+00  -2.4272e+00  -5.9000e-01
   8.4592e+00  -2.3886e+00  -5.9000e-01
   8.4701e+00  -2.3498e+00  -5.9000e-01
   8.4808e+00  -2.3110e+00  -5.9000e-01
   8.4912e+00  -2.2722e+00  -5.9000e-01
   8.5015e+00  -2.2333e+00  -5.9000e-01
   8.5117e+00  -2.1944e+00  -5.9000e-01
   8.5216e+00  -2.1554e+00  -5.9000e-01
   8.5314e+00  -2.1164e+00  -5.9000e-01
   8.5410e+00  -2.0774e+00  -5.9000e-01
   8.5504e+00  -2.0383e+00  -5.9000e-01
   8.5596e+00  -1.9991e+00  -5.9000e-01
   8.5687e+00  -1.9599e+00  -5.9000e-01
   8.5776e+00  -1.9207e+00  -5.9000e-01
   8.5863e+00  -1.8814e+00  -5.9000e-01
   8.5948e+00  -1.8421e+00  -5.9000e-01
   8.6031e+00  -1.8028e+00  -5.9000e-01
   8.6113e+00  -1.7634e+00  -5.9000e-01
   8.6193e+00  -1.7240e+00  -5.9000e-01
   8.6271e+00  -1.6845e+00  -5.9000e-01
   8.6347e+00  -1.6450e+00  -5.9000e-01
   8.6421e+00  -1.6055e+00  -5.9000e-01
   8.6494e+00  -1.5660e+00  -5.9000e-01
   8.6565e+00  -1.5264e+00  -5.9000e-01
   8.6634e+00  -1.4867e+00  -5.9000e-01
   8.6701e+00  -1.4471e+00  -5.9000e-01
   8.6766e+00  -1.4074e+00  -5.9000e-01
   8.6829e+00  -1.3677e+00  -5.9000e-01
   8.6891e+00  -1.3279e+00  -5.9000e-01
   8.6951e+00  -1.2882e+00  -5.9000e-01
   8.7009e+00  -1.2484e+00  -5.9000e-01
   8.7065e+00  -1.2085e+00  -5.9000e-01
   8.7120e+00  -1.1687e+00  -5.9000e-01
   8.7172e+00  -1.1288e+00  -5.9000e-01
   8.7223e+00  -1.0889e+00  -5.9000e-01
   8.7272e+00  -1.0490e+00  -5.9000e-01
   8.7319e+00  -1.0091e+00  -5.9000e-01
   8.7364e+00  -9.6910e-01  -5.9000e-01
   8.7408e+00  -9.2911e-01  -5.9000e-01
   8.7449e+00  -8.8911e-01  -5.9000e-01
   8.7489e+00  -8.4909e-01  -5.9000e-01
   8.7527e+00  -8.0905e-01  -5.9000e-01
   8.7563e+00  -7.6899e-01  -5.9000e-01
   8.7597e+00  -7.2892e-01  -5.9000e-01
   8.7630e+00  -6.8883e-01  -5.9000e-01
   8.7660e+00  -6.4873e-01  -5.9000e-01
   8.7689e+00  -6.0861e-01  -5.9000e-01
   8.7716e+00  -5.6848e-01  -5.9000e-01
   8.7741e+00  -5.2834e-01  -5.9000e-01
   8.7764e+00  -4.8819e-01  -5.9000e-01
   8.7786e+00  -4.4802e-01  -5.9000e-01
   8.7805e+00  -4.0785e-01  -5.9000e-01
   8.7823e+00  -3.6767e-01  -5.9000e-01
   8.7839e+00  -3.2748e-01  -5.9000e-01
   8.7853e+00  -2.8729e-01  -5.9000e-01
   8.7865e+00  -2.4709e-01  -5.9000e-01
   8.7876e+00  -2.0688e-01  -5.9000e-01
   8.7884e+00  -1.6667e-01  -5.9000e-01
   8.7891e+00  -1.2646e-01  -5.9000e-01
   8.7896e+00  -8.6242e-02  -5.9000e-01
   8.7899e+00  -4.6024e-02  -5.9000e-01
   8.7919e+00  -4.6035e-02  -5.5000e-01
   8.7939e+00  -4.6045e-02  -5.1000e-01
   8.7959e+00  -4.6056e-02  -4.7000e-01
   8.7979e+00  -4.6066e-02  -4.3000e-01
   8.7999e+00  -4.6076e-02  -3.9000e-01
   8.8019e+00  -4.6087e-02  -3.5000e-01
   8.8039e+00  -4.6097e-02  -3.1000e-01
   8.8059e+00  -4.6108e-02  -2.7000e-01
   8.8079e+00  -4.6118e-02  -2.3000e-01
   8.8099e+00  -4.6129e-02  -1.9000e-01
   8.8119e+00  -4.6139e-02  -1.5000e-01
   8.8139e+00  -4.6150e-02  -1.1000e-01
   8.8159e+00  -4.6160e-02  -7.0000e-02
   8.8179e+00  -4.6171e-02  -3.0000e-02
   8.8199e+00  -4.6181e-02   1.0000e-02
   8.8219e+00  -4.6192e-02   5.0000e-02
   8.8239e+00  -4.6202e-02   9.0000e-02
   8.8259e+00  -4.6213e-02   1.3000e-01
   8.8279e+00  -4.6223e-02   1.7000e-01
   8.8299e+00  -4.6234e-02   2.1000e-01
   8.8319e+00  -4.6244e-02   2.5000e-01
   8.8339e+00  -4.6255e-02   2.9000e-01
   8.8359e+00  -4.6265e-02   3.3000e-01
   8.8379e+00  -4.6275e-02   3.7000e-01
   8.8399e+00  -4.6286e-02   4.1000e-01
   8.8419e+00  -4.6296e-02   4.5000e-01
   8.8439e+00  -4.6307e-02   4.9000e-01
   8.8459e+00  -4.6317e-02   5.3000e-01
   8.8479e+00  -4.6328e-02   5.7000e-01
   8.8499e+00  -4.6338e-02   6.1000e-01
   8.8465e+00  -4.6321e-02   6.5067e-01
   8.8432e+00  -4.6303e-02   6.9133e-01
   8.8399e+00  -4.6286e-02   7.3200e-01
   8.8365e+00  -4.6268e-02   7.7267e-01
   8.8332e+00  -4.6251e-02   8.1333e-01
   8.8299e+00  -4.6234e-02   8.5400e-01
   8.8265e+00  -4.6216e-02   8.9467e-01
   8.8232e+00  -4.6199e-02   9.3533e-01
   8.8199e+00  -4.6181e-02   9.7600e-01
   8.8165e+00  -4.6164e-02   1.0167e+00
   8.8132e+00  -4.6146e-02   1.0573e+00
   8.8099e+00  -4.6129e-02   1.0980e+00
   8.8065e+00  -4.6111e-02   1.1387e+00
   8.8032e+00  -4.6094e-02   1.1793e+00
   8.7999e+00  -4.6076e-02   1.2200e+00
   8.7965e+00  -4.6059e-02   1.2607e+00
   8.7932e+00  -4.6042e-02   1.3013e+00
   8.7899e+00  -4.6024e-02   1.3420e+00
   8.7865e+00  -4.6007e-02   1.3827e+00
   8.7832e+00  -4.5989e-02   1.4233e+00
   8.7799e+00  -4.5972e-02   1.4640e+00
   8.7765e+00  -4.5954e-02   1.5047e+00
   8.7732e+00  -4.5937e-02   1.5453e+00
   8.7699e+00  -4.5919e-02   1.5860e+00
   8.7665e+00  -4.5902e-02   1.6267e+00
   8.7632e+00  -4.5884e-02   1.6673e+00
   8.7599e+00  -4.5867e-02   1.7080e+00
   8.7565e+00  -4.5850e-02   1.7487e+00
   8.7532e+00  -4.5832e-02   1.7893e+00
   8.7499e+00  -4.5815e-02   1.8300e+00
   8.7496e+00  -8.5850e-02   1.8300e+00
   8.7491e+00  -1.2588e-01   1.8300e+00
   8.7484e+00  -1.6591e-01   1.8300e+00
   8.7476e+00  -2.0594e-01   1.8300e+00
   8.7465e+00  -2.4596e-01   1.8300e+00
   8.7453e+00  -2.8598e-01   1.8300e+00
   8.7439e+00  -3.2599e-01   1.8300e+00
   8.7423e+00  -3.6600e-01   1.8300e+00
   8.7406e+00  -4.0600e-01   1.8300e+00
   8.7386e+00  -4.4599e-01   1.8300e+00
   8.7365e+00  -4.8597e-01   1.8300e+00
   8.7342e+00  -5.2593e-01   1.8300e+00
   8.7317e+00  -5.6589e-01   1.8300e+00
   8.7290e+00  -6.0584e-01   1.8300e+00
   8.7261e+00  -6.4577e-01   1.8300e+00
   8.7231e+00  -6.8569e-01   1.8300e+00
   8.7199e+00  -7.2560e-01   1.8300e+00
   8.7165e+00  -7.6549e-01   1.8300e+00
   8.7129e+00  -8.0537e-01   1.8300e+00
   8.7091e+00  -8.4522e-01   1.8300e+00
   8.7051e+00  -8.8506e-01   1.8300e+00
   8.7010e+00  -9.2489e-01   1.8300e+00
   8.6967e+00  -9.6469e-01   1.8300e+00
   8.6922e+00  -1.0045e+00   1.8300e+00
   8.6875e+00  -1.0442e+00   1.8300e+00
   8.6826e+00  -1.0840e+00   1.8300e+00
   8.6775e+00  -1.1237e+00   1.8300e+00
   8.6723e+00  -1.1634e+00   1.8300e+00
   8.6669e+00  -1.2030e+00   1.8300e+00
   8.6613e+00  -1.2427e+00   1.8300e+00
   8.6555e+00  -1.2823e+00   1.8300e+00
   8.6496e+00  -1.3219e+00   1.8300e+00
   8.6434e+00  -1.3615e+00   1.8300e+00
   8.6371e+00  -1.4010e+00   1.8300e+00
   8.6306e+00  -1.4405e+00   1.8300e+00
   8.6239e+00  -1.4800e+00   1.8300e+00
   8.6171e+00  -1.5194e+00   1.8300e+00
   8.6100e+00  -1.5588e+00   1.8300e+00
   8.6028e+00  -1.5982e+00   1.8300e+00
   8.5954e+00  -1.6376e+00   1.8300e+00
   8.5878e+00  -1.6769e+00   1.8300e+00
   8.5801e+00  -1.7161e+00   1.8300e+00
   8.5721e+00  -1.7554e+00   1.8300e+00
   8.5640e+00  -1.7946e+00   1.8300e+00
   8.5557e+00  -1.8338e+00   1.8300e+00
   8.5472e+00  -1.8729e+00   1.8300e+00
   8.5386e+00  -1.9120e+00   1.8300e+00
   8.5297e+00  -1.9510e+00   1.8300e+00
   8.5207e+00  -1.9900e+00   1.8300e+00
   8.5115e+00  -2.0290e+00   1.8300e+00
   8.5021e+00  -2.0679e+00   1.8300e+00
   8.4926e+00  -2.1068e+00   1.8300e+00
   8.4828e+00  -2.1456e+00   1.8300e+00
   8.4729e+00  -2.1844e+00   1.8300e+00
   8.4629e+00  -2.2232e+00   1.8300e+00
   8.4526e+00  -2.2619e+00   1.8300e+00
   8.4422e+00  -2.3005e+00   1.8300e+00
   8.4315e+00  -2.3391e+00   1.8300e+00
   8.4208e+00  -2.3777e+00   1.8300e+00
   8.4098e+00  -2.4162e+00   1.8300e+00
   8.3986e+00  -2.4546e+00   1.8300e+00
   8.3873e+00  -2.4930e+00   1.8300e+00
   8.3758e+00  -2.5314e+00   1.8300e+00
   8.3642e+00  -2.5697e+00   1.8300e+00
   8.3523e+00  -2.6079e+00   1.8300e+00
   8.3403e+00  -2.6461e+00   1.8300e+00
   8.3281e+00  -2.6843e+00   1.8300e+00
   8.3157e+00  -2.7223e+00   1.8300e+00
   8.3032e+00  -2.7604e+00   1.8300e+00
   8.2905e+00  -2.7983e+00   1.8300e+00
   8.2776e+00  -2.8362e+00   1.8300e+00
   8.2645e+00  -2.8741e+00   1.8300e+00
   8.2513e+00  -2.9119e+00   1.8300e+00
   8.2379e+00  -2.9496e+00   1.8300e+00
   8.2410e+00  -2.9507e+00   1.7893e+00
   8.2441e+00  -2.9518e+00   1.7487e+00
   8.2473e+00  -2.9530e+00   1.7080e+00
   8.2504e+00  -2.9541e+00   1.6673e+00
   8.2536e+00  -2.9552e+00   1.6267e+00
   8.2567e+00  -2.9563e+00   1.5860e+00
   8.2598e+00  -2.9574e+00   1.5453e+00
   8.2630e+00  -2.9586e+00   1.5047e+00
   8.2661e+00  -2.9597e+00   1.4640e+00
   8.2692e+00  -2.9608e+00   1.4233e+00
   8.2724e+00  -2.9619e+00   1.3827e+00
   8.2755e+00  -2.9631e+00   1.3420e+00
   8.2787e+00  -2.9642e+00   1.3013e+00
   8.2818e+00  -2.9653e+00   1.2607e+00
   8.2849e+00  -2.9664e+00   1.2200e+00
   8.2881e+00  -2.9676e+00   1.1793e+00
   8.2912e+00  -2.9687e+00   1.1387e+00
   8.2944e+00  -2.9698e+00   1.0980e+00
   8.2975e+00  -2.9709e+00   1.0573e+00
   8.3006e+00  -2.9721e+00   1.0167e+00
   8.3038e+00  -2.9732e+00   9.7600e-01
   8.3069e+00  -2.9743e+00   9.3533e-01
   8.3100e+00  -2.9754e+00   8.9467e-01
   8.3132e+00  -2.9766e+00   8.5400e-01
   8.3163e+00  -2.9777e+00   8.1333e-01
   8.3195e+00  -2.9788e+00   7.7267e-01
   8.3226e+00  -2.9799e+00   7.3200e-01
   8.3257e+00  -2.9810e+00   6.9133e-01
   8.3289e+00  -2.9822e+00   6.5067e-01
   8.3320e+00  -2.9833e+00   6.1000e-01
   8.3301e+00  -2.9826e+00   5.7000e-01
   8.3282e+00  -2.9819e+00   5.3000e-01
   8.3264e+00  -2.9813e+00   4.9000e-01
   8.3245e+00  -2.9806e+00   4.5000e-01
   8.3226e+00  -2.9799e+00   4.1000e-01
   8.3207e+00  -2.9792e+00   3.7000e-01
   8.3188e+00  -2.9786e+00   3.3000e-01
   8.3170e+00  -2.9779e+00   2.9000e-01
   8.3151e+00  -2.9772e+00   2.5000e-01
   8.3132e+00  -2.9766e+00   2.1000e-01
   8.3113e+00  -2.9759e+00   1.7000e-01
   8.3094e+00  -2.9752e+00   1.3000e-01
   8.3075e+00  -2.9745e+00   9.0000e-02
   8.3057e+00  -2.9739e+00   5.0000e-02
   8.3038e+00  -2.9732e+00   1.0000e-02
   8.3019e+00  -2.9725e+00  -3.0000e-02
   8.3000e+00  -2.9718e+00  -7.0000e-02
   8.2981e+00  -2.9712e+00  -1.1000e-01
   8.2962e+00  -2.9705e+00  -1.5000e-01
   8.2944e+00  -2.9698e+00  -1.9000e-01
   8.2925e+00  -2.9691e+00  -2.3000e-01
   8.2906e+00  -2.9685e+00  -2.7000e-01
   8.2887e+00  -2.9678e+00  -3.1000e-01
   8.2868e+00  -2.9671e+00  -3.5000e-01
   8.2849e+00  -2.9664e+00  -3.9000e-01
   8.2831e+00  -2.9658e+00  -4.3000e-01
   8.2812e+00  -2.9651e+00  -4.7000e-01
   8.2793e+00  -2.9644e+00  -5.1000e-01
   8.2774e+00  -2.9637e+00  -5.5000e-01
   8.2755e+00  -2.9631e+00  -5.9000e-01
