  6.77126831e-10  7.54453568e-07 -3.62752687e-08  2.94100927e-08  2.48626178e-08
 -1.26063199e-09 -1.30916443e-06 -1.39800588e-07 -4.18637623e-08  1.85638625e-07
  6.14633972e-10  1.10150638e-06 -3.49908629e-08  4.95088208e-08 -2.44426972e-08
 -1.81083704e-09 -1.32507351e-06 -1.63176516e-07 -9.83999154e-08  1.78355184e-07
  3.42459959e-10  8.31092130e-07 -4.01800968e-08  6.16473883e-08 -4.08596005e-08
 -1.60940842e-09 -1.02052645e-06 -1.76855427e-07 -3.00248930e-08  2.07425382e-07
 -2.89132964e-10  1.09766693e-06 -2.25232706e-08  4.56310296e-08 -9.32332772e-08
 -1.83849298e-09 -1.18745509e-06 -1.82364859e-07 -7.59811164e-08  1.71003526e-07
 -1.37221193e-09  9.00585558e-07 -2.53372284e-08  7.63086975e-08 -1.02248184e-07
 -1.43254650e-09 -4.97335942e-07 -1.83186389e-07 -1.38384881e-08  1.35842995e-07
 -2.53464675e-09  5.70948619e-07 -9.10998340e-09  2.41137895e-08 -1.15897703e-07
 -1.18772506e-09 -6.95134923e-07 -1.69935108e-07 -3.99829555e-08  7.96552675e-08
 -4.04481372e-09  8.68628337e-07 -2.48266348e-08  6.09911692e-08 -1.28964820e-07
 -1.11612221e-09 -4.58044188e-07 -1.54064923e-07 -3.06292844e-09  9.65666992e-09
 -5.68119979e-09  5.55808787e-07 -7.91610821e-09 -5.81090579e-10 -9.39235105e-08
 -8.75850419e-10  6.26471316e-09 -1.69136390e-07 -3.58208788e-09 -6.66315948e-08
 -7.53585239e-09  3.65459643e-07 -8.89836288e-09  2.36627641e-08 -9.32843762e-08
 -7.85338544e-10 -4.96646973e-07 -1.32283283e-07  4.06605892e-09 -1.25179712e-07
 -8.86655741e-09  7.10612366e-08 -1.52466130e-09 -2.64387710e-08 -2.95746594e-08
 -9.13342396e-10 -4.43915590e-07 -1.49694631e-07  1.99621189e-08 -2.13630465e-07
 -1.05850105e-08  2.58425592e-07 -1.74960500e-09 -2.19521188e-08 -8.00868846e-09
 -9.54083395e-10 -1.71353041e-07 -1.02360892e-07  1.16935734e-08 -2.24014834e-07
 -1.16719937e-08  3.89245491e-07 -3.37056191e-09 -4.74613798e-08  5.46130922e-08
 -1.22862935e-09 -2.78042881e-07 -1.28663385e-07  2.57847150e-08 -2.95425431e-07
 -1.23745881e-08  3.08537792e-07  2.80523911e-08 -5.85460756e-08  1.02450553e-07
 -1.48383405e-09 -8.49114127e-08 -7.51700691e-08  2.26517478e-08 -2.59509615e-07
 -1.21882951e-08 -2.06551549e-07 -1.43960361e-08 -6.29599223e-08  1.36267143e-07
 -1.98588975e-09 -6.75563305e-07 -1.00099125e-07  1.31347828e-08 -2.71350705e-07
 -1.13381570e-08  2.10524671e-07  5.21020903e-08 -6.71379059e-08  1.72736937e-07
 -2.19857829e-09 -1.15380943e-07 -5.26383333e-08  3.20272257e-08 -2.12935627e-07
 -9.38287603e-09 -1.75229728e-07 -1.84421557e-08 -6.97804721e-08  1.82628046e-07
 -2.31011944e-09 -5.05187007e-07 -6.15841478e-08  7.69247598e-10 -1.59546566e-07
 -6.76048038e-09  2.33751622e-07  9.79977210e-08 -5.25582807e-08  1.70837390e-07
 -2.07268427e-09 -2.09321553e-07 -4.70256092e-08  3.88730693e-08 -9.63868768e-08
 -3.80974148e-09 -5.66647816e-07 -3.51730972e-08 -7.34287060e-08  1.69378876e-07
 -1.30356631e-09  1.89699054e-07 -5.04735650e-09 -1.99612064e-09 -1.05539115e-08
 -5.41970958e-10  3.52738699e-07  9.02163004e-08 -2.64805250e-08  9.65292948e-08
 -1.48066578e-10  2.31104478e-07 -6.21090981e-08  3.69436828e-08  5.40466917e-08
  2.56983723e-09 -7.53524423e-07 -2.67890925e-08 -6.76243985e-08  9.62515256e-08
  1.38483081e-09 -4.78020524e-08  6.81041985e-08  1.20214278e-08  1.22495595e-07
  4.91506555e-09 -3.39673332e-07  7.40189493e-08 -5.67165506e-09 -7.21439244e-10
  3.20294670e-09 -3.00015965e-08 -1.10148289e-07  2.56791574e-08  2.01813334e-07
  7.43805885e-09 -6.94141796e-07 -2.88164541e-09 -4.99954956e-08 -1.85487608e-08
  4.87715116e-09  6.08094115e-07  1.37761463e-07  2.79131947e-08  2.31768653e-07
  8.56032593e-09 -5.10824418e-07  1.83140493e-08  2.48008727e-09 -9.20951338e-08
  6.27894814e-09  4.93220249e-07 -1.46349447e-07  1.83172714e-08  2.97415695e-07
  1.00815718e-08 -8.29137633e-07  6.18575202e-08 -2.14115096e-08 -1.20946402e-07
  7.24134256e-09  7.40814594e-07  1.89117604e-07  3.59377290e-08  3.12669822e-07
  1.04780496e-08 -7.09219331e-07 -1.03612406e-07  3.40729434e-10 -1.47443742e-07
  7.58318836e-09  9.55090356e-07 -1.77382667e-07  1.66076620e-08  3.34353624e-07
  1.04073838e-08 -6.70324088e-07  1.62475153e-07  1.57852821e-09 -1.66252896e-07
  7.65366478e-09  1.06203211e-06  1.96124108e-07  2.57615740e-08  3.63338272e-07
  9.97296288e-09 -2.65189304e-07 -2.21618827e-07  3.51358405e-09 -1.71319806e-07
  6.78220051e-09  4.85680945e-07 -1.32162386e-07  2.72425020e-08  3.39781360e-07
  8.81375156e-09 -5.36658109e-07  2.94788833e-07  1.30137906e-08 -1.42995366e-07
  6.22582502e-09  6.02555517e-07  1.21749210e-07  5.50243785e-09  3.87600229e-07
  7.90044195e-09 -2.51047440e-07 -3.49787862e-07  1.86098511e-08 -1.54415060e-07
  4.58146204e-09  1.64723609e-07 -7.00457642e-09  3.94929396e-08  3.45828924e-07
  6.83338918e-09 -2.99957269e-07  3.82758631e-07  7.07532011e-09 -9.79018247e-08
  3.95404886e-09  9.22051730e-08 -3.76053744e-08 -3.48049987e-09  3.77695615e-07
  6.09417707e-09  1.71974062e-07 -3.98959638e-07  3.96627718e-08 -1.04093722e-07
  3.45474781e-09 -3.16627220e-07  2.03220197e-07  3.91242279e-08  3.56281489e-07
  5.69538650e-09  4.06919144e-07  3.67915504e-07 -1.42709087e-09 -5.80390750e-08
  3.12845385e-09 -4.67256133e-09 -2.66493381e-07  1.16331995e-09  3.50508995e-07
  5.38366696e-09  9.32434304e-07 -3.16335464e-07  4.94250928e-08 -3.81875270e-08
  3.68376087e-09  1.39630189e-08  4.46797363e-07  2.80128432e-08  3.36107772e-07
  5.25869693e-09  1.47781171e-06  2.24223212e-07  2.40154683e-09 -3.86215834e-08
  4.43426925e-09 -4.42329251e-07 -4.53822503e-07  1.99849884e-08  3.21210393e-07
  4.59646012e-09  1.42357519e-06 -9.26911362e-08  3.95861401e-08  4.87706437e-09
  4.98181141e-09 -4.12433691e-07  6.14021576e-07  1.83017078e-08  2.82822962e-07
  3.28366247e-09  1.38961767e-06 -4.00215457e-08  1.88661600e-08 -2.62510422e-08
  6.01290465e-09 -8.13670851e-07 -5.54458260e-07  2.53909094e-08  2.79239994e-07
  2.54060272e-09  5.82364205e-07  2.00828807e-07  1.69132007e-08  1.11707750e-08
  5.80927497e-09 -6.50432287e-07  6.14915034e-07  2.38570149e-08  2.02296594e-07
  1.32184315e-11  8.80485489e-07 -3.26865632e-07  3.19621583e-08 -4.05256147e-09
  5.14117795e-09 -4.29719393e-07 -4.81081794e-07  7.78214792e-09  2.17273839e-07
 -1.80244165e-09 -2.67550517e-07  4.13004284e-07  8.58888188e-09  5.92348580e-09
  3.69559708e-09  4.85575344e-08  4.13881443e-07  3.78627429e-08  1.44311817e-07
 -4.04892981e-09 -3.62651931e-07 -4.81827538e-07  2.49930347e-08  1.27552699e-08
  8.32461958e-10 -1.42869875e-07 -2.63220954e-07 -1.20782204e-08  1.26789162e-07
 -6.41435498e-09 -4.63059922e-07  4.50428040e-07  1.68743406e-08  1.92203707e-08
 -1.78635414e-09  4.72832872e-07  1.29326529e-07  4.16909673e-08  1.15846558e-07
 -7.74958148e-09 -7.11242197e-07 -4.14297459e-07  1.11361414e-08  7.07809491e-09
 -4.52897661e-09 -9.71843257e-08 -2.29119247e-08 -1.82274760e-08  5.70262226e-08
 -8.76982250e-09 -5.30997443e-07  3.38938886e-07  2.93291025e-08  5.71619135e-08
 -5.80210391e-09  4.10565862e-07 -1.10390887e-07  2.64239518e-08  8.33914775e-08
 -9.45861004e-09 -3.39454114e-07 -1.86925447e-07  6.62186182e-09  1.40915186e-08
 -7.61890776e-09 -8.81656226e-08  8.30956674e-08 -8.97232512e-09  4.18494984e-08
 -9.33063935e-09  7.43658239e-07  9.98997166e-08  2.35745926e-08  7.01500351e-08
 -7.47292782e-09  3.77150686e-07 -1.42661850e-07  2.73808418e-09  5.08890911e-08
 -9.10833740e-09 -4.89453321e-07  3.83491775e-08  2.21557438e-08  4.48140084e-08
 -6.20519571e-09  5.86175832e-07 -4.46276934e-08  3.97220292e-09  4.59147106e-08
 -9.91454421e-09  1.85719721e-06 -6.08131266e-08 -5.55412264e-09  4.95425857e-08
 -6.07002411e-09 -7.10148223e-07  8.84651182e-08 -4.58089009e-09  3.74563956e-08
 -8.97532783e-09 -1.85693136e-07  5.06962467e-08  3.78386594e-08  7.11907534e-08
 -6.22233589e-09  1.74192242e-06 -2.87256742e-07  9.59658929e-10  2.21775907e-08
 -8.76473988e-09  1.73959153e-06  3.00709642e-08 -2.59434526e-08  2.68276241e-08
 -6.50083016e-09 -8.83975924e-07  3.76067250e-07  1.64059063e-08  4.04500108e-08
 -8.58470715e-09 -8.20219654e-07 -1.58308736e-07  2.70330225e-08  6.67406388e-08
 -7.76927319e-09  2.48172378e-06 -4.14424563e-07 -1.00315799e-08 -1.67624521e-08
 -7.78147996e-09  8.20763216e-08  2.70920767e-07 -2.05612187e-08  3.39454302e-08
 -9.99230772e-09 -1.68280209e-06  4.64363071e-07  2.85260771e-08  1.95765148e-08
 -6.45855617e-09 -9.81733980e-07 -4.14088279e-07 -3.95862524e-09  4.33076086e-08
 -1.07925626e-08  3.84092889e-06 -3.18164824e-07 -4.91771041e-09 -3.70999053e-08
 -5.32837025e-09 -2.36160181e-06  4.44073567e-07 -1.17123933e-08  4.64221459e-08
 -1.12918118e-08 -3.07987230e-06  2.87014867e-07  7.98121747e-09 -4.27569039e-08
 -4.93532654e-09  6.42654764e-07 -4.40492442e-07 -2.04031600e-08  4.93276453e-08
 -1.08949914e-08  5.39747922e-06 -6.86972608e-08  2.21424169e-08 -3.54540018e-08
 -4.05510556e-09 -6.06340766e-06  3.45603456e-07 -2.38702308e-08  3.17594266e-08
 -1.05102290e-08 -3.93376881e-06  3.44091213e-08 -2.05437107e-08 -9.08283188e-08
 -3.83790880e-09  6.49720395e-06 -1.92890582e-07 -6.03506155e-09  6.79879251e-08
 -8.84931200e-09  4.70029826e-06  8.98843024e-08  4.25251078e-08 -4.18016907e-08
 -2.99628861e-09 -1.04957227e-05  5.88482609e-08 -3.87529693e-08  1.54624992e-08
 -8.33085814e-09 -1.83760397e-06 -2.51088377e-08 -1.58724878e-08 -7.12879027e-08
 -2.70708887e-09  1.25842910e-05  1.36075209e-07  8.22297807e-09  4.83746711e-08
 -9.97493176e-09  1.50291789e-06 -4.51179988e-08  2.99112150e-08 -4.18414056e-08
 -1.18564842e-09 -1.49890351e-05 -1.59619824e-07 -2.14988049e-08  3.00458255e-08
 -9.86427133e-09  4.31726050e-06  2.58750535e-07  1.03365196e-08 -2.02508854e-08
 -4.11935918e-11  1.68597266e-05  1.91826445e-07 -2.95766151e-09 -1.47745810e-08
 -1.15110537e-08 -7.10208036e-06 -3.63425493e-07  1.39997606e-08 -3.26442178e-09
  4.55984534e-10 -1.84607543e-05 -7.00973424e-08  2.22503482e-08  3.22997181e-08
 -1.17423319e-08  1.50361382e-05  5.64481411e-07  1.99183861e-08  8.88554176e-10
  1.92662727e-09  1.55016819e-05 -6.30584848e-08 -2.70001470e-08 -5.18013383e-08
 -1.10065669e-08 -2.21153372e-05 -4.64031809e-07  2.39502566e-08  5.16273768e-08
 -1.45386479e-10 -1.31959543e-05  1.46759429e-07  4.14888592e-08 -2.65170827e-08
 -1.02342834e-08  2.98113629e-05  5.57155714e-07 -1.18031541e-09  1.89190700e-08
 -2.72879926e-10  4.33506228e-06 -2.37867567e-07 -1.59635880e-08 -5.08408011e-08
 -8.85092310e-09 -3.76878445e-05 -2.14828389e-07  3.87668299e-08  5.46591253e-08
 -9.37200075e-10  3.60499665e-06  1.09732998e-07  1.40953043e-08 -6.45822361e-08
 -1.05869490e-08  4.43737746e-05  2.11180003e-07 -6.13182979e-09  7.66274693e-08
 -3.86882096e-09 -1.76099279e-05 -3.11930864e-09  5.38777749e-09 -5.58783112e-08
 -1.20528138e-08 -4.68676064e-05  1.13714765e-07  1.24460409e-08  3.10760041e-08
 -3.10821156e-09  3.11157437e-05 -2.48307575e-07 -4.35302826e-09 -4.65327463e-08
 -1.50217964e-08  4.69775769e-05 -2.71586113e-08  2.36905473e-08  1.13016807e-07
 -4.19707970e-09 -4.59931117e-05  4.52532036e-07 -2.76243235e-09 -5.21944138e-08
 -1.85674851e-08 -4.09330857e-05  8.52967220e-08 -3.18861587e-08  4.50739747e-08
 -7.22152500e-09  5.84892175e-05 -5.14930353e-07  1.18292465e-08 -2.01443065e-08
 -1.96997070e-08  3.15862876e-05  1.51294198e-07  3.90515791e-08  7.14209311e-08
 -8.91360721e-09 -6.82914324e-05  5.24029520e-07 -1.83813649e-08  3.84508805e-09
 -2.00763455e-08 -1.68572672e-05 -1.87220911e-07 -2.97719043e-08  8.05215666e-08
 -1.15593602e-08  7.09571807e-05 -3.51159760e-07  2.09887432e-08 -3.46193419e-08
 -1.91146932e-08 -7.64859811e-07  3.32727999e-07  8.38213861e-09  3.11998391e-08
 -1.66540577e-08 -6.95472083e-05  1.18709088e-07  1.61166914e-08  5.46447087e-08
 -1.71549841e-08  1.72231453e-05 -2.00709322e-07  4.68926178e-09  5.06112163e-08
 -2.02641373e-08  6.00506340e-05 -6.35356074e-09 -1.09095408e-08 -1.16889332e-08
 -1.22817831e-08 -3.31072830e-05  5.02689389e-08 -1.30300482e-08  2.54311496e-08
 -2.40377862e-08 -4.41715408e-05 -1.12011389e-07  6.54543347e-08  1.13775746e-08
 -4.71626922e-09  4.05213588e-05  2.79751619e-07  3.05746155e-09  8.13385981e-09
 -3.37087721e-08  2.85821282e-05 -4.28657755e-08 -1.79800845e-08  4.08926004e-08
  8.73567208e-09 -4.18390377e-05 -4.69521562e-07  3.67121150e-09 -1.58917960e-08
 -4.45976986e-08 -1.09800414e-05  1.32952979e-07  3.97133393e-08 -3.93526127e-08
  3.15356492e-08  3.41018962e-05  5.94832345e-07 -1.56314706e-08  5.65481270e-09
 -5.99243760e-08  1.44871883e-06 -3.01005082e-07  2.12472739e-08  1.60587811e-08
  6.18854177e-08 -1.81631549e-05 -4.73836827e-07 -1.11135070e-08 -6.70634028e-08
 -8.44852136e-08  9.33868643e-07  2.47564515e-07 -1.22485846e-08 -2.65057360e-08
  1.03962692e-07 -1.82808463e-06  2.39532208e-07  1.78377223e-09 -3.05776013e-08
 -1.13981507e-07  6.25577507e-06 -6.82944115e-08  3.18304710e-08 -3.31161865e-08
  1.57629628e-07  1.99424669e-05 -5.87007863e-09 -6.43269117e-08 -4.59005115e-08
 -1.55601040e-07 -2.13667045e-05 -2.98342770e-07 -6.17361825e-09 -1.80484152e-08
  2.24073181e-07 -3.36898832e-05 -1.28305953e-07  1.48528216e-08 -1.18957073e-07
 -2.13495967e-07  4.14254148e-05  5.08926654e-07  1.97702360e-09 -4.25723439e-09
  3.09145033e-07  3.70046373e-05  8.28845558e-08 -4.58877936e-08 -3.35552422e-08
 -2.87982462e-07 -5.54405610e-05 -6.89674974e-07  4.44398065e-09 -9.00247420e-09
  4.10128130e-07 -2.92322988e-05  3.70604187e-08 -3.57868737e-08 -1.26816551e-07
 -3.86295122e-07  6.17012572e-05  4.36480955e-07  1.23937956e-08  2.32768641e-08
  5.27746650e-07  1.53460521e-05 -2.25308303e-07  1.93743130e-08 -1.24581018e-07
 -5.10062915e-07 -5.24960994e-05 -1.77438286e-07 -2.85239683e-08  7.79860621e-08
  6.61949761e-07  3.03418855e-07  7.95422870e-08 -6.01922482e-08 -9.23085729e-08
 -6.61691359e-07  3.13781688e-05 -1.63822914e-07  2.57407800e-08  1.13567017e-08
  8.04858557e-07 -9.12427064e-06  6.33641901e-08  7.34502831e-09 -1.65687462e-07
 -8.44825909e-07 -4.43042647e-06  3.07528686e-07 -1.04196106e-08  9.95336664e-08
  9.57068062e-07  4.01168553e-06 -5.03406106e-07 -1.56413308e-08 -1.36986044e-07
 -1.05809013e-06 -1.91889601e-05 -2.27795393e-07 -4.62671993e-08  6.62082464e-08
  1.11076706e-06  1.43544496e-05  6.14282760e-07 -3.23590811e-08 -1.54583818e-07
 -1.30082568e-06  3.02050374e-05  1.74378277e-08  4.13655895e-08 -1.25280042e-08
  1.25273378e-06 -3.89207097e-05 -5.49468833e-07 -1.24887530e-08 -1.71915354e-07
 -1.56663073e-06 -2.60817152e-05  2.21482195e-08 -6.14863521e-08  8.88332785e-08
  1.38048140e-06  5.92711103e-05  6.17706730e-08 -1.35720386e-08 -2.04498986e-07
 -1.83981537e-06  8.30061666e-06  1.00288247e-07 -1.57484548e-08 -5.25827824e-09
  1.48333909e-06 -6.25249120e-05  3.57766818e-07 -2.27238009e-08 -1.76833704e-07
 -2.12105100e-06  1.86974770e-06 -3.48063540e-07  1.77694876e-08 -1.14763842e-08
  1.53638134e-06  3.93265318e-05 -6.35187739e-07 -3.28138492e-08 -1.78533134e-07
 -2.38907564e-06 -5.82664964e-06  5.11671710e-07 -6.93366734e-08  5.94078402e-08
  1.54230560e-06 -7.12320341e-06  4.71290933e-07  3.00521465e-08 -2.32021902e-07
 -2.59807799e-06 -2.02791258e-05 -1.69793892e-07 -6.38902926e-09 -7.43252088e-09
  1.51157792e-06 -3.60028030e-05 -8.95628562e-08 -4.97616507e-08 -1.14381616e-07
 -2.74858176e-06  3.93091542e-05 -3.04051326e-07 -2.85003777e-08  1.76068363e-08
  1.41671397e-06  4.35042348e-05 -1.07088946e-07 -1.97439570e-08 -1.61111253e-07
 -2.87424419e-06 -6.19985623e-05  8.02270194e-07 -5.45476817e-08  2.58012292e-08
  1.22056049e-06 -4.46635266e-05  2.15295763e-07  3.17362794e-08 -1.86250120e-07
 -2.82681281e-06  3.13717753e-05 -6.56368137e-07 -3.91461312e-08  1.72926438e-08
  1.03733924e-06  5.57042179e-06  1.69681009e-07 -8.71899017e-08 -4.00498090e-08
 -2.52030871e-06  1.07264844e-05  1.38303032e-07 -3.28105390e-08 -1.71701664e-08
  8.02055719e-07 -1.40003450e-06  1.29757982e-07 -7.41779036e-10 -1.34407645e-07
 -2.22932059e-06 -7.25586421e-05  6.03221658e-07 -2.73257161e-08 -2.74431476e-08
  5.76317110e-07  1.41214638e-06 -1.45595797e-08  2.09897759e-08 -1.17770970e-07
 -2.12710382e-06  7.29151766e-05 -7.20237089e-07 -7.72260642e-08  2.90121219e-08
  1.81290884e-07 -1.63705656e-05  8.63116260e-07 -7.87962761e-08 -5.24872252e-09
 -4.22410122e-07 -2.66342843e-05  2.12719823e-07 -8.07957034e-09 -5.98142493e-08
  1.11735943e-07  2.09426914e-05  9.30542056e-08  1.87156053e-08 -9.04318381e-08
  2.40052937e-06 -4.93559743e-05  1.12783346e-07 -1.69938798e-08 -3.04578085e-08
 -0.00000000e+00  6.24422929e-05  3.61996548e-08  1.40148333e-08 -5.41143862e-08
 -4.22410122e-07  6.09907941e-05 -6.70230034e-07 -1.08362320e-07  7.42538173e-08
 -1.11735943e-07 -1.52988690e-05  1.48057657e-06 -3.95464453e-08  1.73814904e-08
 -2.12710382e-06 -1.86991443e-05 -3.19402092e-07  1.43052634e-08 -7.48327467e-08
 -1.81290884e-07  8.17676570e-05  2.47810341e-07  2.99438541e-08 -1.39839082e-08
 -2.22932059e-06 -5.04637222e-05 -5.87488189e-07  9.05290614e-09 -5.40511505e-08
 -5.76317110e-07  1.68805444e-04  6.42076158e-08  4.46673110e-08  3.47003891e-09
 -2.52030871e-06  6.35923840e-06 -8.69006584e-07 -1.10814777e-07  5.91209637e-08
 -8.02055719e-07  8.26638378e-05  1.78413949e-06  6.34694230e-08 -2.08084127e-09
 -2.82681281e-06 -1.40779752e-05 -1.11577208e-06  1.32067193e-08 -1.06795802e-07
 -1.03733924e-06  1.28962552e-04  8.33696966e-07  9.81838564e-08  2.62163399e-08
 -2.87424419e-06 -6.97904657e-05 -1.61175076e-06  4.36099509e-08 -1.01573660e-07
 -1.22056049e-06  2.77979670e-04  4.25692912e-09  1.32150761e-07  3.07960563e-08
 -2.74858176e-06 -8.89585975e-05 -1.38739847e-06 -9.48155506e-08  3.70010163e-08
 -1.41671397e-06  2.87103465e-04  1.46970087e-06  2.35126306e-07 -3.89107286e-08
 -2.59807799e-06 -7.10233874e-05 -1.50957854e-06 -3.56038511e-08 -7.89186988e-08
 -1.51157792e-06  1.86543559e-04  1.65003831e-06  2.81318614e-07  4.41981602e-08
 -2.38907564e-06 -4.37978717e-05 -2.27587627e-06  3.78953419e-08 -1.31713300e-07
 -1.54230560e-06  1.12212058e-04  5.50959921e-07  3.17878012e-07  8.96710131e-08
 -2.12105100e-06 -3.86483518e-05 -2.04119553e-06 -7.74000190e-08 -3.14699886e-08
 -1.53638134e-06  9.53491287e-05  8.67229976e-07  4.98387173e-07 -4.72446116e-08
 -1.83981537e-06 -6.56333720e-05 -1.21070796e-06 -1.34260687e-07 -7.21256704e-08
 -1.48333909e-06  1.15617322e-04  2.07390874e-06  6.36878410e-07 -8.04973378e-09
 -1.56663073e-06 -1.04652563e-04 -1.14316821e-06 -8.81896899e-08 -1.45762866e-07
 -1.38048140e-06  1.48816845e-04  2.34084035e-06  6.77577876e-07  1.14047958e-07
 -1.30082568e-06 -1.38191888e-04 -1.17376256e-06 -1.35798300e-07 -9.76549535e-08
 -1.25273378e-06  1.74520206e-04  2.15119593e-06  8.40668381e-07 -1.16181659e-08
 -1.05809013e-06 -1.55881954e-04 -2.28923430e-07 -2.62724277e-07 -6.98193600e-08
 -1.11076706e-06  1.77691063e-04  2.84170356e-06  1.08554526e-06 -8.63468474e-08
 -8.44825909e-07 -1.57775405e-04  1.28253273e-06 -3.34251844e-07 -9.54645830e-08
 -9.57068062e-07  1.62218568e-04  4.64830753e-06  1.20025698e-06  7.09543150e-08
 -6.61691359e-07 -1.44615992e-04  2.43156423e-06 -3.74809190e-07 -1.04268510e-07
 -8.04858557e-07  1.35208065e-04  6.55758214e-06  1.26014803e-06  8.22939885e-08
 -5.10062915e-07 -1.23702455e-04  2.97727017e-06 -4.52855603e-07 -1.02544079e-07
 -6.61949761e-07  1.05902028e-04  7.62045467e-06  1.41940130e-06 -5.49068738e-08
 -3.86295122e-07 -9.87107289e-05  3.07269264e-06 -5.79950038e-07 -6.38808230e-08
 -5.27746650e-07  7.77911746e-05  7.69296003e-06  1.57889607e-06  5.87886082e-09
 -2.87982462e-07 -7.39557264e-05  2.98680432e-06 -6.80542750e-07 -4.32357631e-08
 -4.10128130e-07  5.43902165e-05  7.39405033e-06  1.59837266e-06  1.91511403e-07
 -2.13495967e-07 -5.23390639e-05  2.80546736e-06 -7.09595605e-07 -7.17035228e-08
 -3.09145033e-07  3.60026434e-05  7.34416534e-06  1.50656100e-06  2.40047972e-07
 -1.55601040e-07 -3.29968323e-05  2.48083888e-06 -7.05270442e-07 -7.07598330e-08
 -2.24073181e-07  2.24010304e-05  7.80465741e-06  1.40670351e-06  2.46868691e-07
 -1.13981507e-07 -1.90309184e-05  2.04566306e-06 -6.96246055e-07 -5.09489194e-09
 -1.57629628e-07  1.25866366e-05  8.55756381e-06  1.28496919e-06  4.43755783e-07
 -8.44852136e-08 -7.62378157e-06  1.31376389e-06 -6.43370633e-07  3.14458044e-08
 -1.03962692e-07  7.05553363e-06  9.15260785e-06  1.03845284e-06  7.61106871e-07
 -5.99243760e-08  6.93265426e-08  4.86539855e-07 -4.73287024e-07 -7.10588726e-09
 -6.18854177e-08  3.26446908e-06  9.24159779e-06  6.24464395e-07  1.01630315e-06
 -4.45976986e-08  4.04227086e-06 -4.12085440e-07 -1.50684237e-07 -5.10692508e-08
 -3.15356492e-08  9.05409103e-07  8.66604592e-06  8.14972248e-08  1.24543239e-06
 -3.37087721e-08  6.27153511e-06 -1.23782885e-06  2.71690493e-07 -4.74168924e-08
 -8.73567208e-09  2.61344998e-07  7.47127354e-06 -4.86280660e-07  1.58716813e-06
 -2.40377862e-08  7.10388076e-06 -1.82677946e-06  7.13605639e-07 -7.49485813e-08
  4.71626922e-09 -3.68208924e-07  5.92296896e-06 -9.84402743e-07  2.03752801e-06
 -2.02641373e-08  6.22722070e-06 -2.21152926e-06  1.12254166e-06 -2.18641279e-07
  1.22817831e-08 -4.04850079e-07  4.22303966e-06 -1.37047550e-06  2.45743547e-06
 -1.66540577e-08  6.58149182e-06 -2.34872168e-06  1.49575100e-06 -4.48639341e-07
  1.71549841e-08 -7.83560726e-07  2.61015650e-06 -1.63496531e-06  2.73697746e-06
 -1.15593602e-08  4.80975209e-06 -2.32771108e-06  1.84171672e-06 -6.91368673e-07
  1.91146932e-08 -2.72158687e-07  1.20113735e-06 -1.78331922e-06  2.88444287e-06
 -8.91360721e-09  4.16568523e-06 -2.13799132e-06  2.16460611e-06 -9.38256035e-07
  2.00763455e-08 -4.60035892e-07  9.60429575e-08 -1.82288803e-06  2.93714756e-06
 -7.22152500e-09  2.31615834e-06 -1.89868108e-06  2.43005095e-06 -1.22472661e-06
  1.96997070e-08 -7.31526339e-07 -7.33429550e-07 -1.75577160e-06  2.81397142e-06
 -4.19707970e-09  1.62817399e-06 -1.59690543e-06  2.58016947e-06 -1.55965879e-06
  1.85674851e-08 -3.26015131e-07 -1.27732845e-06 -1.58070494e-06  2.32965822e-06
 -3.10821156e-09  7.44038707e-07 -1.32121917e-06  2.56338098e-06 -1.88625291e-06
  1.50217964e-08 -8.97984916e-07 -1.57967688e-06 -1.31940840e-06  1.31997053e-06
 -3.86882096e-09  1.02158980e-06 -1.05972550e-06  2.35156379e-06 -2.09130970e-06
  1.20528138e-08 -4.64157418e-07 -1.69798263e-06 -1.00285687e-06 -2.59763337e-07
 -9.37200075e-10  3.41244181e-07 -8.43802970e-07  1.95194699e-06 -2.06472111e-06
  1.05869490e-08 -8.93939446e-07 -1.66743141e-06 -6.83375613e-07 -2.30019151e-06
 -2.72879926e-10  1.15950174e-07 -6.78987076e-07  1.41260493e-06 -1.74320567e-06
  8.85092310e-09 -7.65931675e-07 -1.55437671e-06 -4.03907078e-07 -4.59585945e-06
 -1.45386479e-10  3.03933468e-07 -5.42922189e-07  7.98133557e-07 -1.09401032e-06
  1.02342834e-08 -4.76312115e-07 -1.39545881e-06 -1.97324058e-07 -6.92499420e-06
  1.92662727e-09 -5.07442545e-07 -4.21510793e-07  1.77080726e-07 -1.37960538e-07
  1.10065669e-08 -3.62783164e-07 -1.21464779e-06 -8.20782401e-08 -9.08623377e-06
  4.55984534e-10  2.58034936e-07 -3.56827865e-07 -3.89950456e-07  1.05130613e-06
  1.17423319e-08 -4.66845613e-07 -1.02206239e-06 -5.89884541e-08 -1.09298511e-05
 -4.11935918e-11 -9.58623066e-08 -2.99476741e-07 -8.61852752e-07  2.35247949e-06
  1.15110537e-08  3.20318619e-07 -8.47769774e-07 -1.09239361e-07 -1.23359158e-05
 -1.18564842e-09  2.16643245e-07 -2.58872406e-07 -1.21800090e-06  3.61555963e-06
  9.86427133e-09 -4.91620213e-07 -6.71394836e-07 -2.13067640e-07 -1.31950434e-05
 -2.70708887e-09  5.32294270e-07 -2.30846922e-07 -1.45175755e-06  4.66561691e-06
  9.97493176e-09 -4.18517400e-07 -5.25654612e-07 -3.49183599e-07 -1.34400876e-05
 -2.99628861e-09 -8.16654619e-08 -2.10464262e-07 -1.56580786e-06  5.34265947e-06
  8.33085814e-09 -4.65645337e-07 -4.27129814e-07 -4.88908507e-07 -1.30583534e-05
 -3.83790880e-09 -2.49813487e-07 -1.71148178e-07 -1.58265959e-06  5.55220721e-06
  8.84931200e-09 -1.66132261e-07 -3.21396918e-07 -6.14825819e-07 -1.21115878e-05
 -4.05510556e-09 -1.07857202e-06 -1.58311602e-07 -1.51531508e-06  5.25564767e-06
  1.05102290e-08 -3.27794523e-07 -2.49570491e-07 -7.15682395e-07 -1.07162869e-05
 -4.93532654e-09 -6.01431309e-07 -1.30372756e-07 -1.39237008e-06  4.50713213e-06
  1.08949914e-08  2.04037478e-07 -1.94475726e-07 -7.82474973e-07 -9.06352330e-06
 -5.32837025e-09 -1.00577558e-06 -1.09860890e-07 -1.23628960e-06  3.42578361e-06
  1.12918118e-08  3.72940452e-07 -1.42094919e-07 -8.12122061e-07 -7.33757364e-06
 -6.45855617e-09 -1.29758912e-08 -7.66915690e-08 -1.06259214e-06  2.15789850e-06
  1.07925626e-08 -4.95070534e-07 -8.38543375e-08 -8.09233257e-07 -5.69947910e-06
 -7.78147996e-09  6.30973005e-07 -6.77075773e-08 -8.83904366e-07  8.63456695e-07
  9.99230772e-09 -2.90319978e-08 -5.96108383e-08 -7.77949944e-07 -4.27322342e-06
 -8.58470715e-09  4.51729472e-07 -3.26071914e-08 -7.14112944e-07 -3.27935244e-07
  7.76927319e-09  4.34306271e-08 -3.56548814e-08 -7.19944972e-07 -3.12125171e-06
 -8.76473988e-09  9.00484565e-07 -3.13597786e-08 -5.59970043e-07 -1.32673397e-06
  6.50083016e-09  3.85239189e-07 -2.57711101e-08 -6.48709566e-07 -2.25013263e-06
 -8.97532783e-09 -1.90981908e-07 -1.52197161e-08 -4.26111681e-07 -2.07538808e-06
  6.22233589e-09  2.99089665e-07 -1.40301629e-08 -5.65043613e-07 -1.64199339e-06
 -9.91454421e-09 -4.75993510e-07 -1.89268156e-08 -3.14356281e-07 -2.56148663e-06
  6.07002411e-09 -1.81107603e-07 -1.57481366e-08 -4.80616985e-07 -1.24659530e-06
 -9.10833740e-09  9.56895719e-08 -2.98357322e-08 -2.28143595e-07 -2.79197921e-06
  6.20519571e-09  1.32765151e-07  1.77784195e-08 -3.96717746e-07 -1.01547034e-06
 -9.33063935e-09  2.42215827e-07 -1.82470623e-08 -1.59173845e-07 -2.81265938e-06
  7.47292782e-09 -6.10642933e-07  3.47100268e-08 -3.17893859e-07 -8.86814721e-07
 -9.45861004e-09  3.13089591e-07 -2.21848730e-08 -1.07760858e-07 -2.67011798e-06
  7.61890776e-09  8.17725936e-08  4.59830800e-08 -2.49198216e-07 -8.13831372e-07
 -8.76982250e-09  4.27606042e-07 -3.55126277e-08 -7.02734111e-08 -2.41244925e-06
  5.80210391e-09 -3.78527311e-07  5.40355952e-08 -1.91776973e-07 -7.69228223e-07
 -7.74958148e-09  7.92830887e-07 -1.94349623e-08 -4.10023722e-08 -2.09518227e-06
  4.52897661e-09  1.39129979e-07  2.57347398e-08 -1.40086538e-07 -7.25745551e-07
 -6.41435498e-09 -3.58538508e-08  3.29919128e-09 -2.27762452e-08 -1.74432543e-06
  1.78635414e-09 -2.61746994e-08  7.11254864e-09 -1.02493981e-07 -6.71256772e-07
 -4.04892981e-09  5.55680492e-07  1.38381999e-08 -1.26483136e-08 -1.39412376e-06
 -8.32461958e-10 -8.97886703e-07  8.07802662e-09 -7.19260428e-08 -6.04440165e-07
 -1.80244165e-09 -2.86052795e-07  1.62656691e-08 -6.06236615e-09 -1.07314610e-06
 -3.69559708e-09 -3.72414272e-07  7.97755266e-09 -4.64804091e-08 -5.27152329e-07
  1.32184315e-11  2.29984747e-07  9.98029136e-09 -3.01939440e-09 -7.90042702e-07
 -5.14117795e-09 -6.33365252e-07  1.59889732e-08 -2.67538387e-08 -4.39628952e-07
  2.54060272e-09 -7.15894888e-07  1.25127868e-08 -7.82988105e-10 -5.53646555e-07
 -5.80927497e-09 -2.86329609e-07  1.72720254e-08 -1.10323536e-08 -3.48824308e-07
  3.28366247e-09  3.43098630e-07 -6.48851651e-09  1.62417575e-09 -3.74584107e-07
 -6.01290465e-09 -5.50621491e-07  9.39777608e-09 -3.20485822e-09 -2.59574529e-07
  4.59646012e-09  3.50577477e-07 -4.84332740e-09  8.94348195e-09 -2.41862996e-07
 -4.98181141e-09  3.64992332e-08 -8.17184899e-09  5.16235666e-09 -1.85408538e-07
  5.25869693e-09  1.04484445e-06  6.67015529e-09  1.08882321e-08 -1.42365411e-07
 -4.43426925e-09 -3.17498766e-07 -1.42086838e-08  1.19660309e-08 -1.22096310e-07
  5.38366696e-09  8.36493211e-07  9.48327266e-09  1.04403891e-08 -7.32885236e-08
 -3.68376087e-09  3.66930171e-07 -2.12958757e-08  1.33509908e-08 -7.72174854e-08
  5.69538650e-09  1.17014980e-06  4.41969508e-09  7.57305603e-09 -3.17057554e-08
 -3.12845385e-09  1.71618818e-08 -2.40898137e-08  1.35221778e-08 -4.66436467e-08
  6.09417707e-09  8.75534355e-07  2.38990643e-10  2.06179822e-09 -6.70485499e-09
 -3.45474781e-09 -7.14051233e-10 -4.03323175e-08  1.22775889e-08 -3.53751668e-08
  6.83338918e-09  7.06158418e-07 -3.31108526e-09  8.19576767e-12  7.78817323e-09
 -3.95404886e-09 -6.94552590e-07 -4.11296286e-08  6.92303691e-09 -2.45581582e-08
  7.90044195e-09  3.85771410e-07 -2.55629333e-08 -7.30263709e-10  1.32452383e-08
 -4.58146204e-09 -7.94023437e-07 -4.16566578e-08  2.78943541e-09 -1.92349456e-08
  8.81375156e-09  1.23785323e-08 -2.43769287e-08  1.72408125e-09  1.11030479e-08
 -6.22582502e-09 -9.37228115e-07 -3.81642735e-08  7.12240689e-12 -1.84805325e-08
  9.97296288e-09 -3.21356271e-07 -2.66721894e-08  3.59157280e-09  1.57925965e-08
 -6.78220051e-09 -1.42232519e-06 -3.20877182e-08  6.06340418e-10 -1.83843044e-08
  1.04073838e-08  1.48077163e-07 -3.47134394e-08  2.27248392e-09  2.29596279e-08
 -7.65366478e-09 -1.23316044e-06 -4.38726776e-08 -4.35322837e-10 -2.06139210e-08
  1.04780496e-08 -1.10052181e-07 -4.49405795e-09  1.51290237e-09  3.45878475e-08
 -7.58318836e-09 -1.04828607e-06 -5.15590806e-08  1.01193023e-09 -2.60251051e-08
  1.00815718e-08  2.77181270e-07 -4.05659691e-09 -2.32972751e-09  4.56715434e-08
 -7.24134256e-09 -5.49507234e-07 -4.92460439e-08 -3.73956991e-10 -2.57506958e-08
  8.56032593e-09  2.35265016e-07  2.38131721e-08 -5.36661818e-09  4.92823507e-08
 -6.27894814e-09 -4.80527426e-07 -5.36680929e-08 -5.97778110e-10 -2.28047573e-08
  7.43805885e-09  3.83835842e-07  1.82042679e-08 -8.81506903e-09  4.51480211e-08
 -4.87715116e-09  1.41576446e-07 -5.75986606e-08  1.80371270e-11 -1.80558711e-08
  4.91506555e-09  4.59694383e-07  2.44853741e-08 -1.37361732e-08  3.20166706e-08
 -3.20294670e-09  2.07883381e-07 -6.01355938e-08  3.14354571e-09 -1.37024206e-08
  2.56983723e-09  9.40860913e-07  1.11281027e-08 -1.52194735e-08  1.99479353e-08
 -1.38483081e-09  1.44381214e-07 -5.65060774e-08  5.15925811e-09 -1.67362192e-08
 -5.41970958e-10  5.15259627e-07 -3.27861943e-10 -1.57969735e-08  1.36304897e-08
  1.48066578e-10  2.38182119e-08 -5.23994954e-08  9.30730053e-09 -2.18539374e-08
 -3.80974148e-09  2.60314822e-07 -2.52510311e-08 -1.58270450e-08  1.47496715e-08
  1.30356631e-09 -3.62395537e-07 -5.37571523e-08  1.25489423e-08 -2.81861661e-08
 -6.76048038e-09 -1.49765525e-07 -2.58909138e-08 -1.68371329e-08  2.15951619e-08
  2.07268427e-09 -8.99139471e-08 -4.90446165e-08  1.61107504e-08 -3.06966578e-08
 -9.38287603e-09  1.60912417e-07 -4.11088092e-08 -1.84571245e-08  2.60606122e-08
  2.31011944e-09 -5.21290953e-07 -4.72479100e-08  1.71892639e-08 -2.53873968e-08
 -1.13381570e-08 -1.87762600e-07 -1.61588022e-08 -2.05763839e-08  2.62184400e-08
  2.19857829e-09 -6.49456375e-07 -5.36869892e-08  1.48216213e-08 -2.20802275e-08
 -1.21882951e-08 -1.25011807e-07 -2.17557798e-08 -2.19574622e-08  2.02128099e-08
  1.98588975e-09 -5.31465843e-07 -3.72494529e-08  1.29662052e-08 -1.45004708e-08
 -1.23745881e-08 -1.07920048e-07  3.89114499e-10 -2.46305717e-08  9.41531194e-09
  1.48383405e-09 -7.59389852e-07 -3.32169503e-08  8.85635378e-09 -1.41221841e-09
 -1.16719937e-08 -9.79194119e-08  2.37665831e-08 -2.44293173e-08 -6.05162847e-09
  1.22862935e-09 -1.06327688e-06 -1.47483696e-08  7.48218469e-09  1.27983472e-08
 -1.05850105e-08 -7.03482063e-07  3.21436901e-08 -2.31820667e-08 -1.85170509e-08
  9.54083395e-10 -8.77064413e-07 -2.98143131e-08  5.71439051e-09  3.38310596e-08
 -8.86655741e-09 -3.70256733e-07  4.07459618e-08 -2.35584548e-08 -2.57546436e-08
  9.13342396e-10 -6.97193906e-07 -1.66783848e-08  7.96241682e-09  5.10244103e-08
 -7.53585239e-09 -1.11897256e-07  3.49318774e-08 -1.78554823e-08 -2.92249371e-08
  7.85338544e-10 -3.27662752e-07 -3.70480147e-09  1.14205506e-08  7.55104620e-08
 -5.68119979e-09 -4.17348932e-07  2.95980509e-08 -1.51991860e-08 -2.71277111e-08
  8.75850419e-10  1.23782143e-07 -1.83466027e-08  1.65203294e-08  9.91490679e-08
 -4.04481372e-09 -1.80089051e-07  1.76482103e-08 -1.39949334e-08 -2.42474714e-08
  1.11612221e-09  4.90611463e-07  7.00465444e-09  1.87978236e-08  1.19811654e-07
 -2.53464675e-09 -3.91995522e-07  1.90488417e-09 -1.19165396e-08 -2.78106828e-08
  1.18772506e-09  1.08751284e-06 -1.15047129e-09  2.25972588e-08  1.37269926e-07
 -1.37221193e-09  7.92845356e-10  5.64886250e-09 -1.04275972e-08 -3.44007319e-08
  1.43254650e-09  7.12049653e-07  6.34330715e-09  2.10814011e-08  1.48009595e-07
 -2.89132964e-10 -6.23808055e-07  5.66908605e-09 -6.75889603e-09 -4.14641306e-08
  1.83849298e-09  1.22722619e-06 -6.14907008e-09  1.83241856e-08  1.50027875e-07
  3.42459959e-10 -5.36110668e-07 -1.64111097e-08 -6.84528240e-09 -5.06030890e-08
  1.60940842e-09  7.64547838e-07 -8.56187665e-10  1.18171780e-08  1.49247073e-07
  6.14633972e-10 -2.21981827e-07 -8.89141356e-09 -2.90767344e-09 -6.19487030e-08
  1.81083704e-09  9.84132585e-07  2.77164997e-10  7.09834722e-09  1.43594090e-07
  6.77126831e-10 -8.66695409e-07 -2.11493128e-08  1.80585559e-10 -6.17937055e-08
  1.26063199e-09  5.78857002e-07 -5.86039759e-09  6.70609848e-10  1.42985706e-07
