  3.74141376e-10 -1.63172367e-06 -8.67051587e-09 -5.18614641e-09 -1.20935413e-07
  5.77509777e-10  2.53245909e-06  1.46170754e-07 -1.10398051e-09 -5.36590452e-08
  1.08500346e-11 -1.08470516e-06 -8.54335313e-09  3.07163149e-09 -1.37442491e-07
  3.69854070e-10  2.68384747e-06  1.49756621e-07  9.32862989e-10 -7.12752712e-08
 -3.96604014e-10 -2.36488166e-06  2.72852073e-08  6.01958740e-09 -1.29171259e-07
  3.35249268e-11  3.40275729e-06  1.96470261e-07 -5.00099004e-09 -7.23973563e-08
 -5.55323741e-10 -1.22377920e-06  3.25253137e-08  1.87683970e-08 -1.09623907e-07
 -3.57700736e-10  1.94632182e-06  2.01024752e-07 -5.66812933e-09 -8.20408557e-08
 -7.14951809e-10 -2.37480330e-06  9.11557311e-09  1.84282590e-08 -5.83749121e-08
 -6.37055979e-10  2.07621354e-06  2.20630582e-07  5.74603584e-10 -7.31641147e-08
 -1.08609575e-09 -1.16006433e-06  7.57098798e-08  3.20591988e-08 -4.42472992e-08
 -8.47381051e-10  1.83176211e-06  2.50262783e-07 -2.19456966e-08 -9.87992588e-08
 -1.39799532e-09 -1.61660225e-06  4.77004523e-08  3.60658542e-08 -6.23813409e-09
 -1.07073670e-09  2.20558817e-06  2.74297962e-07 -2.01215831e-08 -1.21344660e-07
 -1.43701418e-09 -7.87869346e-07  2.87081268e-08  5.20163440e-08  2.31685835e-08
 -1.41014763e-09  3.85471325e-07  2.57201568e-07 -3.41530145e-08 -1.25361723e-07
 -1.24237627e-09 -4.48722367e-07  4.16473799e-08  5.97969589e-08  2.83198464e-08
 -1.56044187e-09  1.52598851e-06  2.68307941e-07 -3.86243034e-08 -1.75313170e-07
 -1.11353865e-09  1.51601937e-07  1.97951941e-08  7.68469608e-08  4.16936998e-08
 -1.63319842e-09  8.58993982e-08  2.54907271e-07 -5.75476788e-08 -2.05049476e-07
 -1.20770526e-09 -3.11102561e-10 -3.41996285e-09  8.76072228e-08  3.98601036e-08
 -1.75369469e-09 -5.33832158e-07  2.02883031e-07 -5.23195410e-08 -2.72863026e-07
 -1.04670962e-09  3.95243687e-07  8.64252061e-09  9.83012154e-08  5.83591739e-08
 -1.48692386e-09  1.39883964e-08  2.03270743e-07 -6.69654055e-08 -3.25024410e-07
 -7.36325974e-10  1.09541258e-07 -1.59725453e-08  1.05545409e-07  7.56835949e-08
 -1.06501358e-09 -4.47485322e-07  1.08104265e-07 -5.67656527e-08 -4.00079444e-07
 -4.58301330e-10  1.28080795e-06 -7.72089482e-09  1.02772697e-07  1.02999185e-07
 -7.52837709e-10 -8.79452141e-07  8.09775990e-08 -5.77894957e-08 -4.77137650e-07
  3.96709004e-11  9.75464961e-07 -3.39842275e-08  9.99297145e-08  1.44338684e-07
 -5.22366580e-10 -7.95185744e-07 -2.52281192e-08 -4.72103457e-08 -5.42752518e-07
  3.34663580e-10  9.36514015e-07 -1.55702842e-08  8.50887510e-08  1.86291137e-07
 -3.90408932e-11 -9.34641835e-07 -1.87753066e-08 -3.43259413e-08 -6.10134263e-07
  2.86929340e-10  3.29968657e-07 -3.49931184e-08  6.77535651e-08  2.26148135e-07
  8.27447776e-10 -4.53658464e-07 -1.03667909e-07 -3.10227734e-08 -6.52009698e-07
  1.15621981e-11  1.89953250e-07  1.56993776e-08  3.64126880e-08  2.59246544e-07
  1.06443511e-09 -3.85003858e-07 -1.03133323e-07 -9.90826439e-09 -6.65765067e-07
 -1.88517806e-10  1.99579952e-07 -3.55051607e-08  7.71977675e-09  2.86603836e-07
  8.51231562e-10 -9.42963175e-07 -1.76069043e-07 -5.22872712e-09 -6.39659180e-07
  1.20810744e-10 -1.39943367e-07  3.52467312e-08 -2.20041636e-08  2.90435314e-07
  1.17324751e-09 -2.85956262e-07 -1.30056112e-07  4.36032460e-09 -6.00108486e-07
  2.47577002e-10  2.27962148e-07 -2.27275759e-08 -4.88604590e-08  2.78740496e-07
  1.22875878e-09 -1.03237539e-06 -1.36485938e-07  5.54797329e-09 -5.09876870e-07
  1.60580331e-10 -4.82667524e-07  7.82481787e-09 -7.31475803e-08  2.26504066e-07
  7.71036777e-10 -4.16846891e-07 -9.49845285e-08  8.28041186e-09 -3.94581255e-07
  4.43465556e-10  3.03792589e-08 -1.33020453e-08 -8.92773009e-08  1.62023114e-07
  9.84424080e-10 -9.14624493e-07 -5.33411065e-08  5.70950046e-09 -2.73780171e-07
  5.12176754e-10 -2.78851569e-07 -2.45451529e-08 -9.60012818e-08  5.57801612e-08
  1.75430304e-09  1.78634755e-08 -4.90808808e-08  4.61523858e-09 -1.38188643e-07
  4.04954738e-10  4.40129546e-07 -1.97861710e-08 -9.09600442e-08 -3.93571779e-08
  1.97420738e-09 -1.37574653e-06  1.36601200e-09  3.45573570e-09 -3.31226038e-08
  7.00282675e-10  2.20376675e-07 -4.46781649e-08 -7.34911795e-08 -1.61138594e-07
  1.70907625e-09  3.58404683e-07 -2.23568958e-10 -6.78029880e-10  6.15940198e-08
  1.10182105e-09  1.60541417e-07 -3.39635822e-08 -5.64570466e-08 -2.48854763e-07
  2.20179771e-09 -1.82149680e-06  2.65804868e-08  4.90818575e-09  1.50081017e-07
  1.49652262e-09  5.75490833e-08 -4.83294596e-08 -2.94565548e-08 -3.23053338e-07
  2.87620867e-09  1.93219314e-07  1.27266572e-08  2.93195700e-09  1.86281073e-07
  1.91272766e-09  3.10385301e-07 -1.78192161e-08 -5.97276627e-09 -3.42848032e-07
  2.56369325e-09 -1.30319292e-06  1.10613004e-08  7.74070095e-09  2.18962048e-07
  1.88037257e-09  1.26682653e-06 -2.47145329e-08  8.99076930e-09 -3.38662527e-07
  2.85197264e-09 -5.02844096e-07 -4.78241820e-08  1.31961668e-08  2.17523123e-07
  1.25583540e-09  4.78482019e-07 -1.32811443e-08  3.27793929e-08 -2.64952427e-07
  3.89333895e-09 -6.92981154e-07 -3.99376451e-08  1.71793183e-08  1.99922027e-07
  6.99386131e-10  4.72444694e-07 -7.91936610e-09  3.49390798e-08 -1.91486277e-07
  3.72099936e-09 -4.99123221e-07 -5.03612319e-08  1.81178385e-08  1.63909728e-07
  2.33805725e-10  5.34141193e-07 -2.00497738e-09  3.35076222e-08 -7.76516359e-08
  2.84303358e-09 -7.18440550e-07 -1.02960577e-07  2.39291078e-08  1.36582344e-07
 -7.62362829e-10  7.22058186e-07  1.38879163e-08  2.12434513e-08  3.25817455e-08
  2.44320973e-09 -8.18275033e-07 -8.65120265e-08  2.04872657e-08  1.03182038e-07
 -1.32002848e-09  7.20595040e-07  2.00393651e-08  8.44672755e-09  1.27458026e-07
  1.44730996e-09  3.38602646e-07 -9.84849219e-08  2.16217035e-08  7.15388469e-08
 -1.11706548e-09  1.12656728e-06  1.14539425e-08 -6.97638536e-09  2.17489987e-07
 -5.74122259e-10 -4.88641866e-07 -8.07553972e-08  1.48013264e-08  5.82396841e-08
 -1.50415601e-09  3.98890764e-07 -1.64677339e-08 -2.06237369e-08  2.31566204e-07
 -1.97723549e-09  4.30309139e-07 -5.93628417e-08  1.83342335e-08  5.44062877e-08
 -1.60876355e-09  5.02516346e-07  2.29606254e-09 -3.72484417e-08  2.31577171e-07
 -3.16578332e-09  7.14674088e-08 -6.27159721e-08  5.88542022e-09  8.08896609e-08
 -4.74849574e-10  3.56564903e-07 -9.40246500e-09 -3.70611925e-08  1.64884493e-07
 -5.38121778e-09  2.07710225e-07 -2.98912726e-08  8.83633423e-09  7.98043744e-08
  3.32904770e-10  3.04047917e-09  1.63969811e-08 -3.93884295e-08  9.98359618e-08
 -7.27605234e-09  3.23342943e-08 -4.08017077e-08  3.12840916e-09  1.14282553e-07
  9.74882847e-10  2.00093872e-07  1.94261750e-08 -3.11705630e-08  4.95295674e-09
 -8.54833402e-09  2.15220757e-07 -2.41158732e-08  1.17370277e-08  1.27976659e-07
  2.50248772e-09 -7.41851369e-07  4.76189634e-08 -2.00134862e-08 -7.97527584e-08
 -9.86192560e-09  5.84506454e-07 -5.15953274e-09  1.02271889e-08  1.36339095e-07
  3.08104456e-09 -1.41397286e-07  3.67255643e-08 -1.40274788e-08 -1.37133556e-07
 -1.00897399e-08  7.26333906e-08 -1.49661608e-08  1.20542646e-08  1.44830447e-07
  2.34052949e-09  4.70161242e-07  7.36359935e-08 -7.10570718e-09 -1.68023748e-07
 -8.97365245e-09  7.23189295e-08 -2.60667867e-08  1.54231881e-08  1.48550442e-07
  1.91856438e-09 -2.20667877e-07  3.78933899e-08 -2.79615808e-09 -1.50027305e-07
 -7.23530991e-09 -1.01618919e-07  4.42501862e-09 -7.87990798e-10  1.54840163e-07
  7.30834885e-10 -2.18323180e-07  6.75770036e-08  3.01619681e-09 -1.13654310e-07
 -4.92035885e-09 -6.22483017e-07  1.60991433e-08 -2.17553013e-10  1.49938104e-07
 -1.12873824e-09 -9.35257218e-07 -2.39065361e-09 -7.78393436e-10 -5.48802164e-08
 -2.09105224e-09 -1.36787913e-06  1.07948326e-08 -1.80452044e-08  1.69595628e-07
 -1.73981602e-09 -9.42299273e-07  4.15239890e-08 -2.48153793e-09 -2.48190302e-08
  9.20172102e-10 -1.37528290e-06  1.69178137e-08 -2.19561230e-08  1.59707076e-07
 -2.26655125e-09 -1.01388350e-06 -1.85920293e-08  3.88024447e-10  1.63302190e-08
  4.01945058e-09 -1.49625346e-06  6.38991929e-09 -3.44671599e-08  1.43150401e-07
 -2.93912080e-09 -2.01073726e-07 -2.53769981e-08  4.51981851e-09  1.42361384e-08
  7.18344836e-09 -1.31879580e-06  2.59003663e-09 -3.13844181e-08  1.00229594e-07
 -2.52384646e-09 -2.49758005e-07 -4.97035548e-08  9.37210894e-09 -7.07350371e-09
  1.00253753e-08 -1.02820283e-06 -8.75192475e-09 -2.78098432e-08  5.92226018e-08
 -2.48713578e-09  2.75228641e-07 -9.43417749e-08  1.61175579e-08 -3.77879332e-08
  1.20435513e-08 -4.81225195e-07 -1.30563609e-08 -1.94182234e-08 -1.37379668e-08
 -2.85544416e-09 -3.82453198e-07 -6.39118872e-08  1.81124872e-08 -9.21310385e-08
  1.30093391e-08 -8.16660219e-07 -2.38763089e-08 -4.08947533e-09 -5.67712831e-08
 -2.63682753e-09  6.76459513e-07 -8.89039357e-08  1.92012732e-08 -8.47380173e-08
  1.29918770e-08  6.13278982e-07 -4.80936789e-08  5.31961232e-09 -1.23428449e-07
 -3.05752512e-09  1.19851365e-07 -2.90758536e-08  2.06912761e-08 -9.97533844e-08
  1.17100776e-08 -2.19724077e-07 -3.85693635e-08  2.33599190e-08 -1.14463987e-07
 -3.34890155e-09  1.33724317e-06 -5.62109718e-08  1.34117624e-08 -4.10852336e-08
  9.55352924e-09  8.49568523e-07 -6.21835803e-08  2.76536194e-08 -1.51509278e-07
 -2.87698262e-09  1.04566461e-06 -1.73293674e-08  1.17382610e-08 -5.34718744e-09
  6.70848306e-09 -2.18740673e-07 -3.91609701e-08  4.02181718e-08 -3.96179765e-08
 -2.65320833e-09  1.36471616e-06 -2.57280842e-08  1.87245072e-09  6.86749683e-08
  2.99351624e-09  3.14813125e-07 -3.38874207e-08  3.24433839e-08 -1.04829313e-07
 -1.71277926e-09  1.44242494e-06  1.09392320e-08 -8.36152597e-09  8.67925512e-08
 -7.27033222e-10 -1.29605801e-07 -3.66926772e-08  3.23689752e-08  1.27325961e-07
 -4.49179351e-10  1.00425838e-06  1.04509938e-08 -7.30395164e-09  1.51620190e-07
 -4.35011821e-09  1.35999283e-07 -2.85898749e-08  2.99101783e-08 -6.80900432e-08
  5.99973183e-10  1.18524562e-06  3.92967619e-08 -1.76133244e-08  1.18117279e-07
 -7.34830002e-09  1.48802272e-06 -3.50001750e-08  2.19822549e-08  3.16407346e-07
  2.14219953e-09  7.58884802e-07  6.70852796e-08 -9.85615746e-09  1.25775778e-07
 -9.00394406e-09  5.21920581e-07 -4.94202783e-08  2.02165894e-08 -1.42907162e-07
  3.58942205e-09  1.44854376e-07  1.59300946e-08 -1.99339584e-08  8.07258965e-08
 -9.61176978e-09  5.78752524e-07 -5.16158151e-08  1.82906836e-08  4.95712228e-07
  5.27087204e-09 -3.75802455e-07  8.49347334e-08 -6.35016965e-09  5.27699184e-08
 -8.79491244e-09 -3.69717729e-07 -4.26978296e-08  6.78100624e-09 -3.01603118e-07
  6.81940249e-09  5.82298314e-08  6.59301753e-08 -2.98854949e-08  4.32834162e-08
 -6.99042722e-09  3.94620725e-07 -3.36762111e-08  4.01821934e-09  6.59199736e-07
  7.61175180e-09 -9.17796125e-07  7.88360715e-08  7.52443212e-10 -1.28026030e-08
 -4.95485366e-09 -9.55098641e-07 -1.60815927e-08 -1.55806407e-08 -4.58104085e-07
  8.15305768e-09 -6.59267362e-07  5.07378871e-08 -4.98694029e-08  4.79849105e-08
 -3.06139935e-09 -2.85925067e-07 -1.64495621e-08  7.74799275e-09  7.93071488e-07
  7.58429433e-09 -1.00204297e-06  2.98018203e-08  2.60150531e-08 -6.45498881e-08
 -2.60909300e-09 -8.12659402e-07  1.23181174e-08 -5.11670825e-08 -5.27688901e-07
  6.63175587e-09 -8.79761922e-07  2.28862413e-08 -8.48833874e-08  2.37890045e-08
 -3.55875253e-09 -1.05651408e-06 -1.59134422e-08  2.89236831e-08  7.42109569e-07
  6.01634234e-09 -3.78797322e-07 -9.36498145e-09  7.39710468e-08 -1.14329492e-07
 -5.73023810e-09 -5.73561085e-07  2.61734318e-08 -1.08272695e-07 -4.17238731e-07
  5.37362157e-09 -6.02839130e-07 -8.36969698e-09 -1.28797351e-07 -3.59079281e-08
 -8.74865745e-09 -1.05659730e-06 -1.33483380e-10  9.11940421e-08  4.09403422e-07
  5.53089293e-09  8.30043932e-07 -4.66948759e-08  1.48967871e-07 -1.08782795e-07
 -1.11744824e-08 -3.07535840e-07  4.04300345e-08 -1.81340896e-07 -7.98860791e-08
  6.43740113e-09  6.84863052e-07 -2.74205259e-08 -1.88289231e-07 -1.53718998e-07
 -1.26127649e-08 -9.93014655e-07 -3.93591780e-08  1.95274441e-07 -1.10927554e-07
  8.01365987e-09  8.85753694e-07 -6.64213581e-08  2.36907970e-07 -6.30611011e-08
 -1.27951948e-08 -8.01280386e-07  9.85677596e-08 -2.76494370e-07  3.11831235e-07
  9.69110159e-09  7.00408526e-07 -5.51968751e-08 -2.38173040e-07 -2.32263274e-07
 -1.21242625e-08 -1.51155115e-06 -1.68755044e-07  3.15191510e-07 -4.69077067e-07
  1.13916344e-08 -2.25873436e-07  7.16753072e-09  2.92756516e-07 -1.87003017e-08
 -1.09420985e-08 -6.48071613e-07  2.51300677e-07 -3.55711264e-07  4.10833789e-07
  1.22830383e-08 -4.98833542e-07 -1.08502887e-07 -2.40792820e-07 -1.70665136e-07
 -9.65701083e-09 -7.34653087e-07 -4.64641241e-07  3.77496140e-07 -3.36181930e-07
  1.11500729e-08 -6.94597237e-07  1.56845087e-07  2.56615002e-07 -2.71840999e-08
 -8.21798590e-09 -1.87049240e-07  5.91099828e-07 -3.21501076e-07  4.59340369e-08
  7.29016476e-09  5.63999450e-07 -3.02205956e-07 -1.48019357e-07  3.97201854e-08
 -5.73808719e-09 -2.60242839e-07 -1.02940872e-06  2.77835270e-07  1.32383465e-07
 -1.76470199e-09  5.12312727e-07  4.55855586e-07  1.00257697e-07 -5.78838089e-08
 -9.08149250e-10 -1.04787302e-06  1.27038954e-06 -1.13504983e-07 -3.71011791e-07
 -1.82268266e-08  1.36043057e-06 -7.54670746e-07  2.04716487e-08  1.94540686e-07
  8.64948825e-09 -8.09990157e-07 -1.90148544e-06  1.77752857e-09  3.46015719e-07
 -4.48791713e-08 -1.92300531e-08  1.04059752e-06 -8.40650423e-08  4.20875906e-08
  2.42124067e-08  1.19972584e-08  2.38123673e-06  1.77032431e-07 -2.24424532e-07
 -8.58344516e-08  2.46041166e-06 -1.39759855e-06  1.27070250e-07  1.14996125e-07
  4.61939404e-08 -2.52905037e-06 -3.07865440e-06 -2.44214254e-07  5.71234451e-09
 -1.47325205e-07 -3.55548369e-06  1.75365198e-06 -1.42941278e-07  2.10451076e-07
  7.48832803e-08  2.33614396e-06  3.43055379e-06  2.84474089e-07  3.12579961e-07
 -2.32860262e-07  4.75207789e-06 -1.94860932e-06  7.35916688e-08  1.56800533e-08
  1.10982236e-07 -7.47242822e-06 -3.80010683e-06 -1.71907710e-07 -2.68861696e-07
 -3.46043969e-07 -7.46468284e-06  2.03734319e-06 -2.27881234e-08  1.71621164e-07
  1.54277283e-07  1.10320738e-05  3.48121917e-06  2.95768327e-08  2.99772258e-07
 -4.98005404e-07  1.38432081e-05 -1.64045796e-06 -8.68352736e-08  9.86612186e-08
  2.06240848e-07 -2.27021695e-05 -2.93283160e-06  1.45885781e-07  1.49013502e-07
 -6.99880821e-07 -2.05549912e-05  9.77594807e-07  8.30977166e-08 -3.70079541e-08
  2.70129964e-07  3.50547631e-05  1.68994581e-06 -2.33276127e-07 -1.52532170e-07
 -9.44077687e-07  3.21116584e-05 -5.61552523e-08 -1.04344712e-07  1.40402162e-07
  3.45176217e-07 -5.96762376e-05 -1.98484339e-07  1.86846924e-07  4.12960091e-07
 -1.24292524e-06 -4.57433067e-05 -9.56853135e-07 -2.11350985e-08 -4.14557458e-08
  4.21454483e-07  9.02386402e-05 -1.16981785e-06 -4.69698972e-08  5.12875444e-08
 -1.61920470e-06  6.14766257e-05  1.44151690e-06  3.11302817e-08 -1.07156768e-07
  4.98656828e-07 -1.34710038e-04  2.05596969e-06 -1.50261498e-07 -5.49281960e-08
 -2.05484716e-06 -7.99387393e-05 -1.56910118e-06 -1.11326719e-07  5.84664146e-08
  5.69196003e-07  1.72336862e-04 -1.81464891e-06  2.18027459e-07  4.31164896e-07
 -2.40540881e-06  9.11279302e-05  4.55401976e-07  1.29320494e-08 -1.43325738e-07
  6.23464164e-07 -2.17453407e-04  8.79014302e-07 -1.09219757e-07  1.73022386e-09
 -2.84281003e-06 -9.08596618e-05  3.25625388e-07 -9.95115684e-09 -1.76344753e-07
  6.29780629e-07  2.18063427e-04  8.24279330e-07 -4.77486656e-08 -7.99848928e-08
 -3.25807227e-06  7.60165073e-05 -1.75257270e-06 -1.31574272e-07 -1.34140990e-08
  6.32966435e-07 -2.00783752e-04 -1.50251237e-06  2.63193183e-07  3.84771370e-07
 -3.57882844e-06 -4.73838337e-05  4.77570991e-07 -4.28022315e-08 -1.41791683e-07
  5.72174382e-07  1.21456811e-04  1.43264242e-06 -4.18286932e-08 -4.75703548e-08
 -3.10974630e-06 -5.12913821e-06 -5.75430391e-07 -9.11409530e-08 -1.83857740e-07
  4.86823797e-07  2.77839835e-05  2.69169535e-07  3.44531861e-08 -1.83393089e-07
 -3.78982245e-06  2.85123726e-05 -2.27288101e-06 -2.61572199e-07  2.31702818e-08
  3.43017752e-07 -8.31663930e-05 -1.50992162e-06  3.67036526e-07  3.14136916e-07
 -3.20831185e-06 -6.95066470e-05 -4.45304477e-07 -2.18542531e-07 -4.35684562e-08
  2.40898127e-07  2.07785212e-04  1.02663528e-06  1.43924688e-07  6.95906570e-08
 -1.27912780e-06 -3.96372783e-05 -1.06362966e-06 -2.60217451e-07 -1.25634173e-07
  4.02587864e-08  1.15215874e-04  5.39425176e-07  1.35592381e-07 -2.32626051e-07
  2.26908740e-06 -2.58926187e-05 -2.92067178e-06 -5.06994327e-07  1.61290037e-08
 -0.00000000e+00  6.22806182e-05 -1.54749510e-06  5.38214272e-07  2.54680104e-07
 -1.27912780e-06 -1.39842463e-04 -1.61342421e-06 -5.86969248e-07 -2.24615789e-08
 -4.02587864e-08  3.37397742e-04  4.15209646e-07  5.19404899e-07  3.49821699e-07
 -3.20831185e-06 -1.97061394e-04 -5.83521026e-07 -5.99134158e-07 -1.64439917e-07
 -2.40898127e-07  4.39835367e-04  2.29479240e-06  3.79346575e-07 -1.05087995e-07
 -3.78982245e-06 -1.41455927e-04 -1.67861118e-06 -8.06340118e-07 -1.88211216e-07
 -3.43017752e-07  2.70549362e-04  1.10770785e-06  6.84653300e-07  1.43465609e-07
 -3.10974630e-06 -9.98684160e-05 -1.29671230e-06 -1.02225747e-06 -1.78795632e-07
 -4.86823797e-07  1.72486449e-04  1.98177170e-06  9.17402779e-07  6.84955745e-07
 -3.57882844e-06 -1.33570235e-04  1.33300636e-06 -9.64133913e-07 -3.97068601e-07
 -5.72174382e-07  2.39739433e-04  6.69698194e-06  7.15791330e-07  6.11738453e-07
 -3.25807227e-06 -1.85161114e-04  3.26533434e-06 -8.72026975e-07 -5.89681678e-07
 -6.32966435e-07  3.17379753e-04  1.10269240e-05  5.65708742e-07  5.27484783e-07
 -2.84281003e-06 -2.07096608e-04  3.60731608e-06 -8.82028545e-07 -7.24035758e-07
 -6.29780629e-07  3.25095095e-04  1.24305348e-05  6.60924926e-07  1.20126387e-06
 -2.40540881e-06 -1.97020450e-04  3.72033664e-06 -7.16534979e-07 -9.72606802e-07
 -6.23464164e-07  2.86573080e-04  1.27283822e-05  5.14557499e-07  1.85509784e-06
 -2.05484716e-06 -1.65874699e-04  4.22450115e-06 -1.16843445e-07 -1.36720061e-06
 -5.69196003e-07  2.26799735e-04  1.38583207e-05 -1.26952023e-07  1.82269978e-06
 -1.61920470e-06 -1.26763796e-04  4.44864480e-06  8.05676109e-07 -1.68700128e-06
 -4.98656828e-07  1.60690847e-04  1.53167413e-05 -9.37094818e-07  1.69070501e-06
 -1.24292524e-06 -8.76872642e-05  3.89358751e-06  1.71825184e-06 -1.96627492e-06
 -4.21454483e-07  1.03452245e-04  1.59689946e-05 -1.62958218e-06  1.88235554e-06
 -9.44077687e-07 -5.73733409e-05  2.75478933e-06  2.54131610e-06 -2.23711520e-06
 -3.45176217e-07  6.40854677e-05  1.50157516e-05 -2.19420201e-06  1.74103724e-06
 -6.99880821e-07 -3.41442301e-05  1.21350127e-06  3.26277640e-06 -2.29113633e-06
 -2.70129964e-07  3.58585561e-05  1.27551881e-05 -2.66990046e-06  3.60477895e-07
 -4.98005404e-07 -1.80400305e-05 -2.05028395e-07  3.87846051e-06 -1.84470795e-06
 -2.06240848e-07  1.63641444e-05  9.67182569e-06 -2.98905171e-06 -2.37366971e-06
 -3.46043969e-07 -5.82528685e-06 -1.23980993e-06  4.21905134e-06 -7.62615954e-07
 -1.54277283e-07  5.66060134e-06  6.61050476e-06 -3.02956977e-06 -6.02913639e-06
 -2.32860262e-07  5.91961368e-07 -1.87599656e-06  4.17962823e-06  8.52840073e-07
 -1.10982236e-07 -3.83919971e-07  3.99855032e-06 -2.72026439e-06 -1.01391105e-05
 -1.47325205e-07  2.64328695e-06 -2.12966824e-06  3.71466586e-06  2.82123138e-06
 -7.48832803e-08 -2.26169061e-06  2.02540977e-06 -2.13502783e-06 -1.43191013e-05
 -8.58344516e-08  3.96585342e-06 -2.13759321e-06  2.92281400e-06  4.82025415e-06
 -4.61939404e-08 -2.26366921e-06  6.99380993e-07 -1.41424159e-06 -1.80219939e-05
 -4.48791713e-08  2.34159655e-06 -1.92684442e-06  1.95663005e-06  6.46851248e-06
 -2.42124067e-08 -2.04891630e-06 -2.14484442e-07 -7.30725190e-07 -2.05105018e-05
 -1.82268266e-08  1.80167924e-06 -1.68056313e-06  1.00108758e-06  7.46108822e-06
 -8.64948825e-09 -2.04079564e-06 -6.21225354e-07 -1.80598406e-07 -2.12192540e-05
 -1.76470199e-09 -6.99649532e-07 -1.36266899e-06  1.82382585e-07  7.58543629e-06
  9.08149250e-10 -1.20020291e-06 -8.09250530e-07  1.84359862e-07 -2.00118839e-05
  7.29016476e-09  5.63587564e-07 -1.08319043e-06 -4.60461399e-07  6.81593025e-06
  5.73808719e-09 -8.86159212e-07 -7.58922328e-07  3.77411803e-07 -1.72104059e-05
  1.11500729e-08  5.30121873e-07 -8.17843088e-07 -8.94027098e-07  5.38571759e-06
  8.21798590e-09 -2.25635400e-07 -6.76711443e-07  4.37216509e-07 -1.35474139e-05
  1.22830383e-08  6.03975575e-07 -6.82622979e-07 -1.13933366e-06  3.62004041e-06
  9.65701083e-09 -5.23822730e-07 -4.80285909e-07  4.03833626e-07 -9.72298442e-06
  1.13916344e-08  1.19826353e-06 -5.08240407e-07 -1.23320131e-06  1.83830207e-06
  1.09420985e-08 -5.15099987e-07 -3.52151977e-07  3.18017462e-07 -6.31994109e-06
  9.69110159e-09  4.75826438e-07 -4.07041290e-07 -1.20558017e-06  3.02033616e-07
  1.21242625e-08 -5.26000714e-07 -2.22507787e-07  2.08042241e-07 -3.62263047e-06
  8.01365987e-09  7.89143984e-07 -2.85018210e-07 -1.10143685e-06 -8.89245182e-07
  1.27951948e-08 -7.64895836e-07 -1.38563819e-07  1.05954790e-07 -1.67790321e-06
  6.43740113e-09 -2.83435816e-07 -2.06052743e-07 -9.50758591e-07 -1.64223976e-06
  1.26127649e-08  5.12834363e-08 -1.09390845e-07  2.58526289e-08 -4.42174114e-07
  5.53089293e-09  5.76716453e-07 -1.38076754e-07 -7.76513698e-07 -2.05429129e-06
  1.11744824e-08  7.02887687e-07 -5.73250435e-08 -3.35823697e-08  2.61384944e-07
  5.37362157e-09 -4.61147636e-07 -8.83329566e-08 -6.19543608e-07 -2.15739961e-06
  8.74865745e-09  1.33419166e-06 -5.98326076e-08 -6.74316954e-08  5.34596449e-07
  6.01634234e-09  1.13968848e-06 -6.99787498e-08 -4.71004265e-07 -2.04533371e-06
  5.73023810e-09  9.93803162e-07 -4.99396144e-08 -8.46541362e-08  6.03826114e-07
  6.63175587e-09 -9.89236926e-08 -4.01873256e-08 -3.52099171e-07 -1.78388074e-06
  3.55875253e-09  8.04153997e-07 -1.01174816e-08 -8.73516325e-08  4.74245109e-07
  7.58429433e-09  9.42684631e-07  3.35368276e-09 -2.58791221e-07 -1.45874376e-06
  2.60909300e-09  9.59483368e-07  7.21157828e-10 -8.82451242e-08  3.55141287e-07
  8.15305768e-09 -1.29687337e-07  2.61414834e-08 -1.83359187e-07 -1.11395439e-06
  3.06139935e-09  6.54233688e-07  3.33923696e-08 -7.29675095e-08  1.88987818e-07
  7.61175180e-09 -5.64269023e-07  4.67112607e-08 -1.31411264e-07 -8.04570618e-07
  4.95485366e-09  1.35965170e-06  5.30059308e-08 -6.44826652e-08  1.00268753e-07
  6.81940249e-09 -2.83663635e-07  7.20578562e-08 -8.50842588e-08 -5.51719256e-07
  6.99042722e-09  8.36341503e-07  3.26152158e-08 -5.27521991e-08  1.26495492e-08
  5.27087204e-09 -6.24697520e-07  5.58836949e-08 -6.03712227e-08 -3.67203703e-07
  8.79491244e-09  2.30718901e-07  4.60819069e-08 -4.41142378e-08 -1.88982685e-08
  3.58942205e-09 -8.97896591e-07  5.58934302e-08 -2.50706277e-08 -2.36155590e-07
  9.61176978e-09 -3.24641801e-07  4.62916798e-08 -4.56312537e-08 -3.86346348e-08
  2.14219953e-09 -3.72213128e-07  5.32170833e-08 -1.59176795e-08 -1.51460907e-07
  9.00394406e-09 -5.57700446e-07  8.37709542e-08 -3.92785136e-08 -5.16430192e-08
  5.99973183e-10 -3.13640924e-07  2.76479291e-08  4.04849249e-09 -1.16145010e-07
  7.34830002e-09 -7.33973539e-07  6.22692887e-08 -4.67814001e-08 -4.27795633e-08
 -4.49179351e-10 -9.92273210e-08  1.68753373e-08  2.23749917e-09 -8.61580603e-08
  4.35011821e-09 -4.48956011e-07  7.82642473e-08 -3.40275230e-08 -5.28418373e-08
 -1.71277926e-09 -2.22043182e-08 -3.37437660e-08  2.18850550e-08 -7.49655253e-08
  7.27033222e-10  1.79679326e-07  6.78627221e-08 -4.14628656e-08 -6.80606544e-08
 -2.65320833e-09  5.52645314e-07 -2.30462560e-08  1.74112059e-08 -8.02422376e-08
 -2.99351624e-09  2.14218579e-07  4.16452124e-08 -3.05429804e-08 -1.01990012e-07
 -2.87698262e-09  1.00452448e-06 -6.09952768e-08  2.84604380e-08 -6.46121298e-08
 -6.70848306e-09  3.70978504e-07  3.41978250e-08 -2.62330012e-08 -1.18599609e-07
 -3.34890155e-09  4.66911490e-08 -4.61525845e-08  2.92392698e-08 -7.37671081e-08
 -9.55352924e-09  5.95734832e-07  1.52008273e-08 -1.36437191e-08 -1.61323325e-07
 -3.05752512e-09  2.32546186e-07 -3.54582298e-08  3.09796050e-08 -5.06465288e-08
 -1.17100776e-08  4.16782442e-07  5.34702524e-08 -4.71406933e-09 -1.86500422e-07
 -2.63682753e-09 -4.55227685e-08 -3.60007966e-08  2.95336556e-08 -4.16719345e-08
 -1.29918770e-08  1.59512516e-07 -2.72811487e-08  1.21397370e-08 -2.07377527e-07
 -2.85544416e-09  2.85839310e-07  1.07561569e-09  2.16354467e-08 -2.25982244e-08
 -1.30093391e-08 -3.64469680e-07  3.88844936e-08  1.77662763e-08 -2.00944633e-07
 -2.48713578e-09  1.44603466e-08 -7.08476307e-09  2.29189967e-08  7.51759559e-09
 -1.20435513e-08  2.36825703e-07 -3.31242773e-08  2.21909714e-08 -1.98008120e-07
 -2.52384646e-09 -4.26651728e-07 -6.11958075e-09  1.71538221e-08  4.47382307e-08
 -1.00253753e-08 -6.15483346e-07  4.46242461e-08  2.85863877e-08 -1.47871062e-07
 -2.93912080e-09 -6.37660518e-07 -5.52513017e-11  8.22349843e-09  6.57167401e-08
 -7.18344836e-09  5.67666660e-07 -2.75788733e-08  2.11959454e-08 -1.18566778e-07
 -2.26655125e-09 -1.17008645e-06  1.01272327e-08  3.31743731e-09  9.56284614e-08
 -4.01945058e-09  1.93949161e-07  1.82246414e-08  2.47183995e-08 -6.16025150e-08
 -1.73981602e-09 -6.12630612e-07 -1.09261844e-08 -3.71040045e-09  1.11535188e-07
 -9.20172102e-10 -4.59872113e-08 -3.27934674e-08  1.73320224e-08 -4.31494194e-08
 -1.12873824e-09 -8.40817756e-07  2.79975241e-08 -6.32343488e-09  1.19336483e-07
  2.09105224e-09  8.37152627e-07 -8.42560281e-09  1.58159554e-08 -7.72081802e-09
  7.30834885e-10  1.23967853e-08 -4.72453497e-09 -7.80761099e-09  1.11410408e-07
  4.92035885e-09 -1.91766679e-07  4.17718477e-10  7.48210175e-09  5.05692389e-09
  1.91856438e-09 -1.18584234e-06  2.03165305e-09 -1.19157513e-08  9.56460772e-08
  7.23530991e-09  8.20529560e-07  6.45376861e-09  7.07047894e-09  3.21541755e-08
  2.34052949e-09  3.71800222e-07  9.11502239e-09 -1.45856772e-08  6.88592008e-08
  8.97365245e-09  2.30285852e-07  1.92859458e-08 -4.16952233e-09  4.64374778e-08
  3.08104456e-09 -1.06827867e-06 -2.33195001e-11 -1.88768643e-08  4.68517154e-08
  1.00897399e-08  1.69338343e-06  1.76637246e-08 -3.90180977e-09  5.49864122e-08
  2.50248772e-09  3.76842480e-07  1.80064467e-08 -1.48502087e-08  2.59268714e-08
  9.86192560e-09  3.02881515e-07  2.72494779e-08 -1.51812966e-08  4.99263766e-08
  9.74882847e-10 -3.11943009e-07 -5.87884353e-09 -1.69177907e-08  7.56735050e-10
  8.54833402e-09  1.44205506e-06  2.72279701e-08 -1.00669919e-08  3.51226794e-08
  3.32904770e-10 -3.79760120e-08  1.89159341e-08 -1.10899931e-08 -1.10038926e-08
  7.27605234e-09 -4.00957010e-08  4.63194029e-08 -1.77991157e-08  3.16285553e-08
 -4.74849574e-10 -3.25335881e-07  1.01992216e-08 -9.86922581e-09 -5.49081945e-08
  5.38121778e-09  6.72735331e-07  6.13381562e-08 -1.68577219e-08 -1.41580477e-08
 -1.60876355e-09 -1.70291042e-07  2.86095474e-08 -3.99268225e-09 -5.19183283e-08
  3.16578332e-09 -5.31992362e-07  6.01910673e-08 -1.95486523e-08 -1.33967284e-08
 -1.50415601e-09  2.69275207e-07  7.45525996e-09 -2.86507008e-10 -8.95036626e-08
  1.97723549e-09  1.79289377e-07  4.25842688e-08 -1.31057278e-08 -3.53803906e-08
 -1.11706548e-09  3.46583440e-07  3.94815002e-08  9.61345838e-09 -8.44700409e-08
  5.74122259e-10  8.02571960e-07  7.36594086e-08 -2.28523894e-08 -5.51816030e-08
 -1.32002848e-09  3.06990616e-07 -1.75171066e-08  1.53312274e-08 -1.03287496e-07
 -1.44730996e-09  2.04831315e-07  3.36587892e-08 -1.61323174e-08 -5.92064638e-08
 -7.62362829e-10  1.42333037e-07 -2.04879778e-08  1.74586211e-08 -8.26621587e-08
 -2.44320973e-09 -5.14217381e-08  5.04498006e-08 -1.39635564e-08 -6.64240887e-08
  2.33805725e-10 -3.02386129e-07 -2.48082398e-08  2.09530748e-08 -7.09536415e-08
 -2.84303358e-09  5.42975811e-08  3.70110666e-08 -2.13680521e-08 -8.88509128e-08
  6.99386131e-10  5.18696180e-08 -6.12179392e-09  1.81492084e-08 -4.25279019e-08
 -3.72099936e-09  1.04722921e-08  5.54236024e-08 -9.98703838e-09 -9.59912203e-08
  1.25583540e-09 -3.21533605e-07 -3.58539788e-08  1.81327174e-08 -7.63491080e-09
 -3.89333895e-09 -4.68932933e-07  1.95399701e-08 -1.27531947e-08 -1.22247261e-07
  1.88037257e-09 -2.48014870e-07 -5.85824013e-09  2.28229883e-08  2.19849760e-08
 -2.85197264e-09  5.83088612e-07  5.59310568e-08  3.99870685e-09 -1.20858241e-07
  1.91272766e-09 -2.78059113e-07 -4.39450965e-08  1.61071438e-08  1.75863693e-08
 -2.56369325e-09 -4.11383206e-07 -2.97738528e-09  1.66502876e-09 -1.38221126e-07
  1.49652262e-09 -7.75728079e-08 -1.07731749e-08  2.52532291e-08  3.88365279e-08
 -2.87620867e-09  1.53210058e-07  6.64053859e-09  1.35774485e-08 -1.32648355e-07
  1.10182105e-09  1.64382726e-07 -1.90381174e-08  1.89424470e-08  1.89369321e-08
 -2.20179771e-09 -7.20028696e-08 -1.58119720e-08  1.29879432e-08 -1.34113053e-07
  7.00282675e-10  4.05343648e-07  4.13210175e-09  1.83610799e-08  4.97343879e-08
 -1.70907625e-09  6.32036028e-07 -3.61603064e-08  2.00639746e-08 -1.08572062e-07
  4.04954738e-10  1.07558060e-07  1.21396355e-08  1.36572383e-08  5.00591076e-08
 -1.97420738e-09  6.66973553e-08 -8.14161862e-09  1.83964274e-08 -1.09687645e-07
  5.12176754e-10 -3.72412671e-07 -1.95942427e-08 -1.17287544e-09  9.46336794e-08
 -1.75430304e-09  7.14455397e-07 -3.40098640e-08  2.14731246e-08 -6.52790671e-08
  4.43465556e-10  7.33230792e-08  3.27140740e-08 -1.28293377e-08  1.11522146e-07
 -9.84424080e-10 -1.90510631e-07 -1.83347817e-08  1.16351047e-08 -5.36461256e-08
  1.60580331e-10 -3.89784614e-07 -1.53636967e-08 -2.32033200e-08  1.48614165e-07
 -7.71036777e-10  1.74635161e-06  8.99220347e-09  7.14254452e-09 -1.96202382e-08
  2.47577002e-10 -1.18507584e-07  3.48966762e-08 -3.33565333e-08  1.40558150e-07
 -1.22875878e-09  4.74561851e-07  5.48835037e-09 -3.47158853e-09  1.05413390e-08
  1.20810744e-10 -2.46033929e-07 -3.03156163e-08 -3.11945782e-08  1.29475569e-07
 -1.17324751e-09  1.32198918e-06  3.64996409e-08  1.37757492e-09  3.11438406e-08
 -1.88517806e-10 -9.77007722e-07  1.20364456e-08 -3.07533351e-08  5.18283643e-08
 -8.51231562e-10  4.08547961e-07  4.81143991e-08 -1.14578688e-08  4.36879328e-08
  1.15621981e-11 -2.02948909e-07  4.88753024e-09 -2.30614473e-08 -9.35151468e-09
 -1.06443511e-09  6.02968158e-07  4.51157779e-08 -2.04356402e-10  3.96032820e-08
  2.86929340e-10 -4.70129381e-07  4.58689880e-08 -1.20726344e-08 -9.90787235e-08
 -8.27447776e-10  9.66785550e-07  7.06672992e-08 -1.26778480e-08  3.23464111e-08
  3.34663580e-10 -6.01008218e-07  3.82258626e-08  7.58966845e-11 -1.32033110e-07
  3.90408932e-11  2.77059836e-07  6.35414716e-08  8.84984389e-10  1.25952564e-08
  3.96709004e-11 -6.69356696e-08  4.49975294e-08  7.08032942e-09 -1.61074435e-07
  5.22366580e-10  6.08760482e-07  5.82277889e-08 -5.55235738e-09  1.97549490e-08
 -4.58301330e-10 -1.41062606e-06  2.78480846e-08  1.55252250e-08 -1.38401393e-07
  7.52837709e-10 -1.63559245e-07  6.94059851e-08 -5.61882416e-09 -6.68588027e-10
 -7.36325974e-10 -3.60568381e-07  5.90761905e-08  1.48895085e-08 -1.13118640e-07
  1.06501358e-09  5.24323371e-07  6.69428623e-08 -2.19325371e-08 -8.57415787e-09
 -1.04670962e-09 -9.39455299e-07 -1.11774018e-08  1.79425451e-08 -3.76396021e-08
  1.48692386e-09 -5.56544949e-07  4.03556647e-08 -1.97713094e-08 -3.11231960e-09
 -1.20770526e-09 -4.88313328e-07  2.72271444e-08  1.29609252e-08 -4.77777754e-09
  1.75369469e-09  8.27326794e-07  7.09373838e-08 -3.43917052e-08 -1.57631533e-08
 -1.11353865e-09 -6.22271542e-07 -6.27823863e-08  2.07515125e-08  4.52267174e-08
  1.63319842e-09  1.07653133e-07  5.01551824e-08 -3.56246151e-08 -5.00097796e-08
 -1.24237627e-09 -8.98366362e-08 -5.04350967e-08  8.89501979e-09  3.90419426e-08
  1.56044187e-09 -5.58095828e-08  4.41616225e-08 -3.24498568e-08 -6.51016089e-08
 -1.43701418e-09 -6.20310233e-07 -1.04966378e-07  1.64533539e-08  3.03357539e-08
  1.41014763e-09  6.64508008e-07  3.56447451e-08 -2.88102518e-08 -1.22404328e-07
 -1.39799532e-09 -2.11820306e-07 -4.73339735e-08  1.37088765e-08  1.03136538e-08
  1.07073670e-09  1.60103502e-06  6.63733514e-08 -2.14921491e-08 -1.76879723e-07
 -1.08609575e-09  2.39893239e-08 -1.00823212e-07  1.65897650e-08 -2.41717184e-08
  8.47381051e-10  8.87653056e-07  1.65453327e-08  2.14079966e-09 -2.12300450e-07
 -7.14951809e-10  3.22734580e-07 -2.63512983e-08  1.12408285e-08 -3.07193798e-08
  6.37055979e-10  1.88476400e-06  3.17976064e-08  1.45415510e-08 -2.47508762e-07
 -5.55323741e-10 -6.96512791e-07 -4.63714903e-08  2.14873804e-08 -4.29675637e-08
  3.57700736e-10  8.86600490e-07  6.14143445e-08  3.21855272e-08 -2.56516345e-07
 -3.96604014e-10  1.29631204e-07  3.40433130e-08  8.71318728e-09 -2.72968108e-08
 -3.35249268e-11  1.18215118e-06  3.86868095e-08  3.62644607e-08 -2.40138791e-07
  1.08500346e-11 -2.54155347e-07  4.99009482e-08  1.67527089e-08  1.03753673e-08
 -3.69854070e-10  1.50157765e-07  7.78790972e-08  4.04779194e-08 -1.87590302e-07
  3.74141376e-10  4.26143293e-08  1.08165257e-07  8.36925368e-09  4.30598801e-08
 -5.77509777e-10  1.34071791e-06  6.72827464e-08  3.26464514e-08 -1.07370603e-07
