  4.71199339e-10 -9.96860134e-08 -7.73924694e-09  2.86112015e-09 -2.80610284e-09
  1.36456541e-09  3.92644573e-08  7.22389523e-09 -9.97035541e-09  6.95436280e-08
  4.84662397e-10 -5.77722624e-08 -8.74590320e-09  4.10570048e-09  3.11992407e-08
  1.86347551e-09  2.67825802e-07  8.06704812e-09 -9.28609319e-09  6.78630301e-08
  1.16413957e-10  5.70899021e-08 -1.39217971e-08  3.88851837e-09 -1.40906442e-08
  2.06413343e-09  4.06111072e-07  3.36533265e-09 -9.52504855e-09  6.40608682e-08
 -4.73033602e-11 -2.75576742e-07 -1.32763710e-08  5.11608383e-09  2.07083228e-08
  2.00905699e-09  3.69237593e-07  3.19623137e-09 -7.76843394e-09  3.79494491e-08
 -5.27690427e-10 -7.96407376e-08 -2.48973406e-08  4.55185062e-09 -1.51513491e-08
  1.92766630e-09  2.91932418e-07  4.67680548e-09 -6.53526735e-09  4.74971894e-08
 -7.84891956e-10 -3.11377837e-07 -2.47210029e-08  6.12202360e-09  1.05683441e-08
  1.29033828e-09  1.57151736e-07 -1.42378880e-09 -3.36023393e-09  2.98968751e-09
 -8.53769430e-10 -1.07097538e-07 -3.00931161e-08  4.13971493e-09 -7.13196867e-09
  8.34093884e-10  8.86155907e-09  3.30947687e-09 -1.39134401e-09  2.07460502e-08
 -8.52423231e-10 -1.34182770e-07 -2.46184127e-08  6.65109664e-09  1.86945368e-09
  4.76682436e-10  8.73192197e-08  2.38101931e-09  4.95577333e-10 -2.64153776e-08
 -7.86644789e-10  1.73073364e-07 -1.97593323e-08  3.86584155e-09  3.19768746e-09
  3.14221600e-10 -1.45333571e-07  7.97411842e-09  2.78195983e-09 -9.22884767e-09
 -1.19066876e-09  2.55645046e-07 -1.12677654e-08  6.57664011e-09 -4.74902936e-10
  6.84353820e-10 -2.96540242e-08  6.85572364e-09  3.22909950e-09 -4.10985252e-08
 -1.62752300e-09  3.35767848e-07 -1.42868566e-09  2.58577432e-09  9.14172695e-09
  1.12032817e-09  5.10152855e-08  1.41804923e-08  6.93193417e-09 -3.10580800e-08
 -1.83727039e-09  3.98449154e-07  2.36613504e-09  5.95112358e-09  3.33331316e-09
  2.29186696e-09  2.61379032e-07  1.62020202e-08  5.28733983e-09 -4.20036157e-08
 -2.19053216e-09  3.44753812e-07  7.65139075e-09  1.70360602e-09  8.35697577e-09
  3.20319482e-09  2.01239553e-07  1.78216189e-08  1.18335515e-08 -4.03936487e-08
 -1.79715842e-09  2.95649895e-07  1.04532482e-09  4.57769006e-09  1.30778105e-08
  4.38047746e-09  2.46562975e-07  1.94342126e-08  7.23514111e-09 -3.53114244e-08
 -1.60349926e-09  1.55615509e-07  2.57543251e-09  2.42305494e-09  4.94930452e-09
  5.61452548e-09  7.02283832e-08  1.59661555e-08  1.73444671e-08 -3.22432694e-08
 -1.05366723e-09  1.17801653e-07 -1.54555439e-10  2.52474803e-09  2.53651738e-08
  5.90132439e-09  2.46530686e-07  1.55834288e-08  6.91483418e-09 -2.74743694e-08
 -2.48025435e-10 -2.55305287e-07 -1.22470171e-09  5.65310892e-09  5.29775580e-09
  6.96945650e-09  3.50558946e-08  5.07483024e-09  1.90647087e-08 -1.28642830e-08
  1.19050315e-10 -1.13372463e-07  1.36523413e-09 -1.20920936e-09  3.33718371e-08
  7.36276248e-09  1.95660930e-07  1.66481154e-09  3.81048301e-09 -2.04552072e-08
  1.89877676e-10 -4.80959108e-07  5.64137464e-09  1.13190782e-08  1.43158360e-08
  7.81112816e-09  4.19918625e-08 -8.58099835e-09  1.40919524e-08  9.63875265e-09
 -7.50822778e-11 -4.13101582e-07  1.23145795e-08 -6.66905705e-09  3.31406452e-08
  7.91394562e-09  9.11885664e-08 -6.92673217e-09 -5.51749137e-10 -9.97993316e-09
 -1.40281659e-09 -5.72772492e-07  1.47173983e-08  1.81347497e-08  2.83712478e-08
  7.37383166e-09  2.04031177e-07 -7.43406303e-09  3.90054962e-09  2.63671966e-08
 -1.61566374e-09 -3.75901291e-07  2.13073457e-08 -1.09161573e-08  3.21588616e-08
  6.17855325e-09  1.17321259e-07 -8.84744268e-09  1.56147371e-10  8.16226103e-09
 -2.55168380e-09 -3.99073520e-07  1.47065756e-08  2.13599741e-08  3.92438707e-08
  4.57924809e-09  2.86304023e-07 -5.43963100e-09 -7.55394044e-09  3.38079058e-08
 -1.45470868e-09 -1.88170844e-07  1.68482960e-08 -1.13951042e-08  3.76314413e-08
  2.67794794e-09  2.44083824e-07 -3.46875628e-09  7.07803698e-09  2.72513093e-08
 -8.19888925e-10  8.57672881e-08  1.24271966e-08  1.76349069e-08  4.22217118e-08
  1.89962253e-10  2.69216972e-07  1.25782272e-09 -1.82147587e-08  3.09918913e-08
 -7.00153217e-11  2.95337511e-11  6.64226453e-09 -9.45073120e-09  4.89167543e-08
 -1.77519313e-09  2.38002599e-07  5.39729571e-09  1.60514801e-08  3.37334101e-08
  3.45381016e-10  4.48937906e-07  8.01014161e-09  5.39846060e-09  3.56611187e-08
 -4.57647329e-09  1.49251029e-07  1.74860816e-08 -2.59346411e-08  2.20804279e-08
  1.10330955e-09  3.76955552e-07 -5.38577910e-09 -4.32289991e-09  5.57676277e-08
 -6.12233156e-09  6.28133129e-08  1.45042355e-08  2.00291326e-08  1.75314015e-08
  1.99325590e-09  5.01991835e-07  3.13546678e-09 -1.08949434e-08  2.60711277e-08
 -8.42982587e-09  4.73479430e-08  3.09372296e-08 -2.94071787e-08  9.15734734e-09
  4.45041605e-09  6.01257685e-07 -1.46139216e-08  4.20508493e-09  5.00472326e-08
 -1.03556856e-08  2.32676626e-07  2.86531484e-08  1.50888087e-08 -1.12389803e-08
  7.07970380e-09  5.41230092e-07  7.06856402e-10 -2.28835363e-08  2.34191776e-08
 -1.28411733e-08  1.73512749e-07  3.29764091e-08 -2.51570312e-08 -6.48146241e-09
  9.15467384e-09  4.86314160e-07 -1.63221681e-08  1.09219808e-08  3.52469820e-08
 -1.41913939e-08  6.43981231e-07  3.36267667e-08  5.07831404e-09 -3.15841694e-08
  1.11945842e-08  3.33998252e-07  4.70337034e-09 -2.42008747e-08  2.34333652e-08
 -1.56542199e-08  3.70052254e-07  3.10787852e-08 -1.42415740e-08 -2.40927498e-08
  1.17548139e-08  4.22067346e-07 -1.56239751e-08  1.24996470e-08  1.94293949e-08
 -1.61381002e-08  3.53373211e-07  2.74797849e-08 -4.51623197e-09 -3.23527119e-08
  1.25494753e-08  2.81020182e-07  1.39041706e-08 -1.38542002e-08  1.19499482e-08
 -1.58038368e-08  2.57580704e-07  1.60681227e-08 -3.30415994e-09 -3.56227074e-08
  1.23996366e-08  3.28390722e-07 -1.80093205e-08  9.21021738e-09  4.28530972e-09
 -1.48160282e-08  1.17782473e-07  2.28764742e-08 -7.30193459e-09 -1.85145506e-08
  1.22366739e-08  2.46689758e-07  1.93659317e-08  3.33039466e-09 -1.67540298e-08
 -1.36697983e-08  3.01455610e-07 -1.37776526e-08  1.20307928e-10 -3.60049914e-08
  1.23782925e-08  1.13196769e-07 -1.79451427e-08  6.42148475e-09 -1.31186897e-08
 -1.11140442e-08  2.58758216e-07  2.51427645e-08  5.00577519e-10 -1.12785483e-08
  1.16378876e-08  7.71939439e-08  2.31702566e-08  1.57139959e-08 -4.70607143e-08
 -9.17222418e-09  2.59984332e-07 -5.08660656e-08 -4.83336986e-09 -2.68027915e-08
  1.03407450e-08  1.71564533e-08  7.82089019e-09  9.88934239e-09 -3.46419990e-08
 -7.26076016e-09 -2.22572168e-07  5.11403045e-08  1.36651440e-08 -1.69355755e-08
  7.83483976e-09  7.75622704e-08  8.38049304e-09  1.52403885e-08 -5.70002080e-08
 -4.61494793e-09 -2.46925310e-07 -7.96816809e-08 -1.12213218e-08 -1.86496383e-08
  4.59642146e-09 -4.41071361e-08  6.23343993e-08  1.80891072e-08 -5.26830980e-08
 -3.16211114e-09 -7.75525311e-07  8.34125441e-08  2.25880200e-08 -2.16209568e-08
  2.20957665e-09 -1.20594589e-07 -4.36804281e-08  4.32534427e-09 -4.47216894e-08
 -1.52630082e-09 -8.41426851e-07 -9.34142609e-08 -1.11547418e-08 -2.26528376e-08
  7.54732952e-10 -3.62776478e-07  1.32707180e-07  2.27005439e-08 -5.25805081e-08
  2.40265728e-10 -1.18869198e-06  7.65342795e-08  2.08887511e-08 -1.86355536e-08
 -8.40473182e-10 -2.66838070e-07 -1.19364706e-07 -5.86938878e-09 -2.33172031e-08
  7.27352378e-10 -9.23631133e-07 -7.13585121e-08 -1.61000414e-09 -3.64109595e-08
 -2.81086893e-09 -3.86030445e-07  2.18859743e-07  1.49645613e-08 -2.53617123e-08
  2.41297387e-09 -8.84456046e-07  2.16168234e-08  1.19763216e-08 -1.79466202e-08
 -4.30445380e-09 -2.36546670e-07 -1.92309000e-07 -7.13408629e-09 -1.16006972e-09
  3.25630757e-09 -8.88883082e-07  1.51260033e-08  7.28087359e-09 -4.54761351e-08
 -6.69568128e-09  1.76840402e-07  2.69072240e-07 -2.66177445e-09  1.44891715e-08
  3.70309869e-09 -6.73404211e-07 -9.10951887e-08  5.00525908e-09 -2.97699922e-08
 -7.73021843e-09 -1.97068849e-08 -2.17304969e-07 -5.55270866e-10  2.67996818e-08
  3.46407807e-09 -9.42283887e-07  1.45235111e-07  1.16110450e-09 -4.04930658e-08
 -7.44185062e-09  2.93213631e-07  2.33478831e-07 -1.61291416e-08  3.90335636e-08
  3.57430410e-09 -3.47169420e-07 -2.53756933e-07  3.79687274e-09 -4.33506095e-08
 -8.08525296e-09 -5.25052703e-08 -1.60529092e-07  3.94958976e-09  5.48915443e-08
  3.26441547e-09 -1.06636149e-07  2.82616741e-07 -1.63796630e-08 -2.76158003e-08
 -7.38878683e-09  3.10393844e-07  8.99145048e-08 -1.53175618e-08  4.11347902e-08
  1.97039114e-09 -1.57050509e-07 -3.99701952e-07  5.73702754e-09 -3.66042718e-08
 -7.18340683e-09 -2.23093140e-07 -1.62270775e-08 -2.75360550e-09  6.08997199e-08
  2.61359678e-09  1.83805267e-07  3.59677364e-07 -2.80272000e-08 -1.30163073e-08
 -7.06966712e-09 -1.48122138e-08 -1.14306953e-07 -5.73997959e-09  3.24193141e-08
  1.55980277e-09 -6.71420651e-08 -4.24468399e-07 -9.44078474e-10 -6.67062878e-09
 -6.23065138e-09 -1.14005015e-07  1.73216676e-07 -8.88273648e-09  3.41935798e-08
  1.93950818e-09  3.45532680e-07  3.23347660e-07 -2.53056396e-08  8.72345951e-09
 -4.79354804e-09 -6.68749197e-08 -2.74921151e-07 -2.73258733e-09  1.90420512e-08
  3.12947494e-09  1.48713624e-07 -3.16310302e-07 -1.64667284e-08  2.15305994e-08
 -4.51029677e-09 -1.06230907e-07  2.83703898e-07 -2.63494194e-09 -7.88669439e-09
  1.43271614e-09  5.81219591e-07  1.65976486e-07 -1.47377292e-08  3.36666400e-08
 -4.10687757e-09  8.46204222e-08 -2.94195335e-07 -1.25975746e-08 -5.68409132e-09
  2.52294180e-09  2.47771666e-07 -1.30888984e-07 -2.46763566e-08  2.02584153e-08
 -5.47039223e-09 -1.16642014e-07  2.39211721e-07  8.32184594e-09 -3.39289788e-08
  1.04857837e-09  7.89023373e-07  1.52868666e-09 -9.71720277e-09  3.42674163e-08
 -4.06544201e-09  1.18913377e-07 -1.46700567e-07 -2.28168804e-08 -3.43146200e-08
  9.50461973e-10 -4.04628317e-07  1.16552844e-08 -1.47333203e-08  3.23758752e-09
 -3.86719760e-09 -1.95987364e-08  6.53936925e-08  7.35649020e-09 -4.23564439e-08
 -9.80764462e-11  7.31837109e-07 -3.67623434e-08 -9.62661602e-09  3.48565476e-09
 -2.34196110e-09 -5.75781968e-07  4.03531783e-08 -1.65859178e-08 -4.66520427e-08
 -6.91632599e-10 -9.28215425e-07 -6.27319180e-09 -1.52310647e-10 -7.05947892e-09
 -6.18647636e-10  8.79208494e-07 -7.83208085e-08 -4.54587564e-09 -5.15646615e-08
 -2.59995472e-09  1.16793136e-06  9.55574331e-08 -4.98287961e-09 -3.51268915e-08
 -2.87781227e-09 -1.72817346e-06  1.00736635e-07 -1.71094491e-09 -4.13134803e-08
 -2.87740238e-09 -1.61598643e-06 -1.64248973e-07 -2.02398145e-09 -2.32342537e-08
 -1.44543065e-09  3.01454278e-06 -5.62405285e-08 -1.12700358e-08 -5.59778481e-08
 -5.08633048e-09  1.12220655e-06  2.69977802e-07  9.79106557e-09 -5.04665041e-08
 -1.43667088e-09 -3.59434624e-06  5.66172935e-09  1.92943211e-09 -4.21126291e-08
 -5.74423406e-09 -1.32594811e-06 -2.71684420e-07 -1.34545493e-08 -4.52871472e-08
 -9.80621922e-10  5.63544106e-06  8.16247099e-08 -3.36818742e-09 -4.45072401e-08
 -8.56876068e-09 -3.77496393e-07  2.91710899e-07  1.60717668e-08 -4.46097080e-08
 -1.34621185e-09 -6.25589111e-06 -1.14183855e-07 -1.84945172e-09 -5.76640813e-08
 -1.00138909e-08  2.04386532e-06 -1.99372250e-07 -1.23952717e-08 -3.93462291e-08
 -2.34291158e-09  7.97160934e-06  1.21372153e-07  5.28871773e-09 -3.36128233e-08
 -1.19546869e-08 -4.31063064e-06  1.24309393e-07  1.97326422e-09 -2.60917907e-08
 -5.23891546e-09 -7.76232389e-06 -7.13956295e-08  7.29302926e-09 -5.82584326e-08
 -1.19077247e-08  8.02819942e-06 -3.29397915e-08  3.34293630e-10 -2.92206990e-09
 -2.97412609e-09  7.78115916e-06 -4.32976322e-08  1.32125220e-09 -4.01824050e-08
 -1.13690369e-08 -1.23102297e-05 -2.30902050e-08 -1.10092133e-08  5.22107189e-09
 -5.48508710e-09 -4.84759519e-06  1.26696224e-07  2.45720579e-08 -3.61554280e-08
 -1.14045452e-08  1.62129497e-05  9.14335739e-09  4.47325499e-09  1.87168016e-08
 -8.26025916e-09  1.34949699e-06 -2.34358613e-07 -1.05373564e-09 -4.25000893e-08
 -6.75417495e-09 -2.13318685e-05  5.93476634e-09 -5.05647587e-09  4.09069637e-08
 -1.22099576e-08  4.77647255e-06  2.22960883e-07  2.24573890e-08 -2.38436237e-08
 -4.14911894e-09  2.49391707e-05 -1.23487823e-07 -1.56877611e-09  2.32933525e-08
 -2.08876113e-08 -1.23085727e-05 -2.09549195e-07  1.38232995e-08 -2.47831220e-08
  1.69802137e-09 -2.70549795e-05  9.95843769e-08 -3.86002182e-10  4.75099702e-08
 -2.84140636e-08  2.05567474e-05  9.65116935e-08  2.17419247e-09 -1.93556467e-08
  9.78882769e-09  2.58815232e-05 -1.80266116e-07  3.52235521e-09  3.64230460e-08
 -4.26232670e-08 -3.00770262e-05 -2.21738896e-08  2.11399804e-08 -1.15912573e-08
  1.80331891e-08 -2.27504002e-05  2.91463965e-08 -7.96908636e-09  2.10122122e-08
 -6.42721512e-08  3.56817772e-05 -2.02071819e-08 -4.40659896e-09  2.54588309e-09
  3.26799311e-08  1.58392498e-05  1.68046907e-08  1.41010624e-08  3.41399940e-08
 -8.81543578e-08 -4.14717211e-05  1.13419430e-08  4.22824452e-09  4.32452059e-10
  5.01152018e-08 -6.25007067e-06 -2.06529755e-07 -2.49058209e-09  1.78661517e-09
 -1.22911377e-07  3.91477439e-05  4.61769673e-08 -4.37801423e-10  2.09440865e-08
  7.21555343e-08 -2.98119560e-06  1.94497867e-07  4.27008580e-09  2.65940569e-09
 -1.67603984e-07 -3.56518258e-05 -1.07377694e-07 -8.83503772e-09  3.47164894e-08
  1.00085847e-07  1.20843115e-05 -2.54878385e-07  1.84111030e-08 -9.79203020e-10
 -2.21025754e-07  2.55803239e-05  9.95233464e-08 -1.33673965e-08  2.48364537e-08
  1.33422548e-07 -1.61637445e-05  9.11992491e-08 -7.78588902e-09 -1.67891459e-08
 -2.84318335e-07 -1.51183680e-05 -2.95658501e-08 -1.24780008e-08  5.36676432e-08
  1.69799177e-07  1.77064254e-05 -3.68223916e-08  1.87821699e-08 -1.32098108e-08
 -3.64546325e-07  5.47269096e-06 -1.07415450e-07 -2.34346885e-08  4.49322618e-08
  2.13395210e-07 -1.00345138e-05 -7.67755429e-08  5.55505289e-09 -1.55113664e-08
 -4.53491117e-07  9.27887267e-07  1.81218885e-07 -3.01207916e-08  3.24392994e-08
  2.56451181e-07  5.69149560e-07  4.27155411e-08 -3.21059830e-09 -1.64677210e-08
 -5.50089579e-07 -6.18050698e-07 -2.46638772e-07 -1.32802714e-08  5.33321087e-08
  2.96779328e-07  1.26417544e-05  3.02134992e-09  9.70938658e-09 -1.27045295e-08
 -6.67068792e-07 -3.83323353e-06  1.21147487e-07 -3.71682758e-08  2.68784961e-08
  3.43732068e-07 -2.19689081e-05 -1.13032261e-08 -9.44896148e-09  2.56604267e-10
 -7.83011094e-07  1.08103846e-05 -3.37344955e-08 -2.38907650e-08  1.86782019e-08
  3.85267186e-07  2.47509716e-05  4.05475608e-08 -6.59102673e-09  1.12875534e-08
 -9.02857762e-07 -1.72438359e-05 -1.53528268e-07 -1.27227191e-08  2.94169519e-08
  4.03783469e-07 -2.24729210e-05  1.40065240e-07 -4.19562991e-09  1.37069730e-08
 -1.01997106e-06  1.43290922e-05  1.31270217e-07 -3.76780902e-08 -1.84375425e-09
  4.30928600e-07  1.00599429e-05 -1.15777677e-07 -1.12416024e-08  3.99046352e-08
 -1.12807829e-06 -8.51285754e-06 -1.15963084e-07 -1.10349940e-08 -1.29536449e-08
  4.56152521e-07 -5.24215868e-06  2.21238054e-07 -1.29641731e-08  4.75291650e-08
 -1.21660545e-06 -7.93538363e-06 -9.56812378e-09 -7.36871290e-09 -1.26001808e-08
  4.15503524e-07 -5.35695229e-06  6.51007149e-08 -1.22654249e-08  5.04631399e-08
 -1.29459849e-06  1.84207815e-05  3.94305312e-08 -2.54257629e-08 -4.42471923e-08
  4.10136915e-07 -4.53155970e-06 -9.40380826e-08 -8.65043693e-09  7.94825671e-08
 -1.29298990e-06 -2.73016813e-05 -4.91205448e-08  2.82240962e-09 -5.83938981e-08
  4.01132576e-07  1.02519726e-06  3.21266446e-07 -1.64294641e-08  7.50869718e-08
 -1.32720919e-06  1.73405424e-05 -3.67940023e-08  6.44287150e-09 -5.83587829e-08
  3.14334527e-07 -1.29894630e-05 -1.07988847e-08 -1.15006998e-08  5.92198278e-08
 -1.30654452e-06 -3.00775932e-06 -5.06369998e-08 -8.18072228e-09 -7.44781366e-08
  2.34619261e-07 -4.43053698e-06 -1.11619206e-08 -1.58731977e-09  7.52880165e-08
 -1.05893393e-06 -1.55240708e-05 -6.66318748e-08  1.46226016e-08 -8.21306844e-08
  2.61917255e-07  1.03232132e-05  3.43351083e-07 -1.24310446e-08  6.55268677e-08
 -1.02694014e-06  1.51140489e-05 -2.06629325e-07  1.87081818e-08 -7.01631836e-08
  1.01242200e-07 -1.93091092e-05  5.56017276e-08 -3.79495663e-09  4.17946530e-08
 -8.92150815e-07 -6.51221751e-06 -2.42311275e-07 -9.59497874e-10 -6.71921651e-08
  5.84289878e-08  1.26382325e-05  2.78455455e-08  1.31407017e-08  5.21706339e-08
 -1.52259855e-07 -1.15561372e-05 -2.24659116e-07  4.15439691e-09 -6.63692546e-08
  2.12731545e-08  2.42828413e-05  3.39991066e-07  3.65085412e-09  4.70515160e-08
  7.61165858e-07  3.07376509e-06 -4.43719604e-07  6.54336210e-09 -4.82082699e-08
 -0.00000000e+00  1.54874167e-06  1.61224468e-07  1.19226174e-08  1.76602337e-08
 -1.52259855e-07 -6.05597469e-06 -5.61519120e-07 -2.05201771e-08 -2.56249181e-08
 -2.12731545e-08  3.38814361e-05 -2.06235789e-09  3.89742310e-08  1.90933931e-08
 -8.92150815e-07 -2.18987200e-05 -5.23874974e-07 -3.67449597e-08 -1.56433944e-08
 -5.84289878e-08  6.59652659e-05  2.33403450e-07  4.47322331e-08  2.34325339e-08
 -1.02694014e-06 -1.92095595e-05 -7.27369876e-07 -4.17368622e-08  5.20042883e-09
 -1.01242200e-07  5.51595269e-05  2.19278716e-07  5.39552863e-08 -6.52533824e-09
 -1.05893393e-06 -1.99220009e-05 -9.43167340e-07 -6.75518024e-08  3.92612916e-08
 -2.61917255e-07  6.56426871e-05 -2.69161266e-08  9.46520420e-08 -2.05847070e-08
 -1.30654452e-06 -3.84378866e-05 -9.13942483e-07 -1.02890048e-07  6.02000290e-08
 -2.34619261e-07  1.09487594e-04  3.55294539e-08  1.28035131e-07 -1.19394307e-08
 -1.32720919e-06 -5.35001154e-05 -9.19398734e-07 -1.20883559e-07  7.00382981e-08
 -3.14334527e-07  1.27047896e-04  2.33915616e-07  1.49373127e-07 -2.66729767e-08
 -1.29298990e-06 -4.80985968e-05 -1.08256427e-06 -1.46109527e-07  8.83364731e-08
 -4.01132576e-07  1.00681547e-04  1.45170600e-07  1.94365048e-07 -5.21077457e-08
 -1.29459849e-06 -3.12213272e-05 -1.08227913e-06 -1.93434769e-07  9.62177386e-08
 -4.10136915e-07  6.44048739e-05  7.56678554e-08  2.53943846e-07 -4.66353308e-08
 -1.21660545e-06 -2.43106300e-05 -8.68785539e-07 -2.38285679e-07  8.43538246e-08
 -4.15503524e-07  4.89473285e-05  3.71341939e-07  2.96091173e-07 -4.01750718e-08
 -1.12807829e-06 -3.27812954e-05 -6.59161506e-07 -2.71341823e-07  6.63368596e-08
 -4.56152521e-07  5.62856927e-05  7.82891771e-07  3.36807037e-07 -5.73739549e-08
 -1.01997106e-06 -4.78673523e-05 -5.10839047e-07 -3.19096614e-07  5.36799427e-08
 -4.30928600e-07  7.49030113e-05  1.03331435e-06  3.99249234e-07 -6.08249564e-08
 -9.02857762e-07 -6.17150212e-05 -2.28411652e-07 -3.77222383e-07  3.27350777e-08
 -4.03783469e-07  8.95674276e-05  1.34694705e-06  4.61225307e-07 -3.60445570e-08
 -7.83011094e-07 -6.86206239e-05  2.66405680e-07 -4.24983542e-07  2.29606025e-09
 -3.85267186e-07  9.28432964e-05  2.06056253e-06  4.98710708e-07 -1.91989301e-08
 -6.67068792e-07 -6.84680350e-05  7.89591921e-07 -4.56708461e-07 -1.91573116e-08
 -3.43732068e-07  8.66336758e-05  3.02040170e-06  5.25695241e-07 -1.15397343e-08
 -5.50089579e-07 -6.22343583e-05  1.15417006e-06 -4.88911356e-07 -3.04862193e-08
 -2.96779328e-07  7.39447188e-05  3.78616829e-06  5.57109319e-07  2.18990730e-08
 -4.53491117e-07 -5.27186637e-05  1.27881891e-06 -5.19332137e-07 -4.76466192e-08
 -2.56451181e-07  5.94978506e-05  4.03631406e-06  5.72521909e-07  8.52666873e-08
 -3.64546325e-07 -4.24323918e-05  1.25480094e-06 -5.22272103e-07 -7.73227871e-08
 -2.13395210e-07  4.44623393e-05  3.92340344e-06  5.48467374e-07  1.47317031e-07
 -2.84318335e-07 -3.20739658e-05  1.18728431e-06 -4.85864247e-07 -1.02066842e-07
 -1.69799177e-07  3.17651149e-05  3.80239624e-06  4.87282015e-07  2.14608926e-07
 -2.21025754e-07 -2.24358646e-05  1.12772782e-06 -4.22957652e-07 -1.26793437e-07
 -1.33422548e-07  2.10156621e-05  3.89631366e-06  4.07057207e-07  3.18732556e-07
 -1.67603984e-07 -1.43733410e-05  1.03663917e-06 -3.39180757e-07 -1.66472434e-07
 -1.00085847e-07  1.29397809e-05  4.18812698e-06  3.02895566e-07  4.63600771e-07
 -1.22911377e-07 -7.88420972e-06  8.68347488e-07 -2.14513980e-07 -2.24959898e-07
 -7.21555343e-08  7.33355078e-06  4.48426153e-06  1.55371644e-07  6.18093268e-07
 -8.81543578e-08 -3.10969918e-06  6.01738345e-07 -2.78131252e-08 -2.92197962e-07
 -5.01152018e-08  2.97380158e-06  4.56514462e-06 -4.80302828e-08  7.67142433e-07
 -6.42721512e-08  2.67000039e-07  2.69610171e-07  2.10265680e-07 -3.67909383e-07
 -3.26799311e-08  4.44452342e-07  4.34475295e-06 -2.79123124e-07  9.29084751e-07
 -4.26232670e-08  2.63215587e-06 -9.19726778e-08  4.61198941e-07 -4.60267429e-07
 -1.80331891e-08 -1.28566210e-06  3.83042393e-06 -4.96276843e-07  1.10245455e-06
 -2.84140636e-08  3.84669414e-06 -4.15809798e-07  6.81201730e-07 -5.76149610e-07
 -9.78882769e-09 -1.89338950e-06  3.12974026e-06 -6.64174951e-07  1.24201582e-06
 -2.08876113e-08  3.86353011e-06 -6.94751600e-07  8.54954825e-07 -6.98476747e-07
 -1.69802137e-09 -2.02004942e-06  2.34264933e-06 -7.74847429e-07  1.29997538e-06
 -1.22099576e-08  3.61785237e-06 -8.86152108e-07  9.92116562e-07 -8.10503211e-07
  4.14911894e-09 -1.62755768e-06  1.58500197e-06 -8.37771524e-07  1.25894097e-06
 -8.26025916e-09  3.30040215e-06 -9.90515470e-07  1.10694535e-06 -9.00382603e-07
  6.75417495e-09 -1.52494381e-06  8.95958781e-07 -8.66691590e-07  1.11428071e-06
 -5.48508710e-09  2.70139966e-06 -1.02441456e-06  1.20304994e-06 -9.62007812e-07
  1.14045452e-08 -1.35290868e-06  3.43233451e-07 -8.61881242e-07  8.35150045e-07
 -2.97412609e-09  1.64639041e-06 -1.00221727e-06  1.26411699e-06 -9.69170737e-07
  1.13690369e-08 -9.95816354e-07 -7.70340679e-08 -8.19112924e-07  3.56555212e-07
 -5.23891546e-09  1.20050246e-06 -9.35620870e-07  1.26461286e-06 -8.89863518e-07
  1.19077247e-08 -1.00253040e-06 -3.73641853e-07 -7.33735904e-07 -3.69894858e-07
 -2.34291158e-09  3.54036331e-07 -8.56425514e-07  1.18610280e-06 -6.92935240e-07
  1.19546869e-08 -9.58594158e-07 -5.64322947e-07 -6.09493217e-07 -1.32082767e-06
 -1.34621185e-09 -2.85455606e-08 -7.55265175e-07  1.02710684e-06 -3.72142068e-07
  1.00138909e-08 -1.12849301e-06 -6.61688656e-07 -4.58808556e-07 -2.40574269e-06
 -9.80621922e-10 -6.24388233e-07 -6.61333838e-07  8.00679543e-07  5.60655695e-08
  8.56876068e-09 -9.21657990e-07 -6.82256091e-07 -3.01401848e-07 -3.49879892e-06
 -1.43667088e-09 -1.49947206e-06 -5.64201433e-07  5.31615418e-07  5.53194617e-07
  5.74423406e-09 -7.79137377e-07 -6.50329875e-07 -1.54105874e-07 -4.49611037e-06
 -1.44543065e-09 -1.28617171e-06 -4.84468603e-07  2.47106659e-07  1.08449896e-06
  5.08633048e-09 -6.33393547e-07 -5.82899969e-07 -3.44958066e-08 -5.33666239e-06
 -2.87781227e-09 -1.32857201e-06 -4.05277223e-07 -2.58840293e-08  1.60759265e-06
  2.87740238e-09 -7.58271792e-07 -5.10371751e-07  4.98203387e-08 -5.98449460e-06
 -6.18647636e-10 -9.11657106e-07 -3.51712371e-07 -2.68183454e-07  2.07947904e-06
  2.59995472e-09 -5.54618842e-07 -4.18413575e-07  9.63381226e-08 -6.41634711e-06
 -2.34196110e-09 -9.50441287e-07 -2.97741896e-07 -4.65153994e-07  2.45056858e-06
  6.91632599e-10  7.36392241e-08 -3.35725016e-07  1.07871949e-07 -6.59871066e-06
 -3.86719760e-09 -4.47119003e-07 -2.62944862e-07 -6.14572567e-07  2.66680472e-06
  9.80764462e-11  4.71531700e-07 -2.61741179e-07  9.38046773e-08 -6.50850873e-06
 -4.06544201e-09 -4.14316094e-07 -2.32643163e-07 -7.13877121e-07  2.69379497e-06
 -9.50461973e-10  5.49661192e-07 -2.05222004e-07  5.99685915e-08 -6.14084513e-06
 -5.47039223e-09  4.85538115e-08 -2.11821900e-07 -7.66308320e-07  2.52007259e-06
 -1.04857837e-09  2.84337506e-07 -1.46220692e-07  1.62003317e-08 -5.52939421e-06
 -4.10687757e-09  5.61085017e-08 -1.93260281e-07 -7.77478557e-07  2.16316469e-06
 -2.52294180e-09 -1.81867852e-08 -9.98208502e-08 -3.21146056e-08 -4.73613272e-06
 -4.51029677e-09  8.90978357e-08 -1.79481132e-07 -7.55859306e-07  1.66864037e-06
 -1.43271614e-09  8.41985763e-08 -5.47625244e-08 -7.74940306e-08 -3.84595124e-06
 -4.79354804e-09 -6.84272560e-08 -1.62761350e-07 -7.08101761e-07  1.09178130e-06
 -3.12947494e-09  5.20829721e-08 -3.21527654e-08 -1.17319104e-07 -2.94608625e-06
 -6.23065138e-09 -3.30807922e-08 -1.51679350e-07 -6.43980418e-07  4.99155923e-07
 -1.93950818e-09 -1.68010068e-07 -1.50797607e-08 -1.46841608e-07 -2.11525993e-06
 -7.06966712e-09 -6.08601691e-08 -1.25966070e-07 -5.67702896e-07 -5.62958294e-08
 -1.55980277e-09 -2.03564771e-07 -8.29985906e-09 -1.67186187e-07 -1.40265121e-06
 -7.18340683e-09  5.49919123e-09 -9.66267800e-08 -4.88784874e-07 -5.32791177e-07
 -2.61359678e-09 -1.55962976e-07  9.84200534e-09 -1.75772108e-07 -8.36587843e-07
 -7.38878683e-09 -2.89448058e-07 -7.09241909e-08 -4.10609283e-07 -9.06561079e-07
 -1.97039114e-09  7.11714398e-08  1.15101206e-08 -1.74805630e-07 -4.16359248e-07
 -8.08525296e-09 -2.65444007e-07 -4.92999402e-08 -3.36496658e-07 -1.16659711e-06
 -3.26441547e-09  3.16277183e-07  1.71118490e-08 -1.64605834e-07 -1.31488860e-07
 -7.44185062e-09 -3.47731507e-07 -3.61027896e-08 -2.68667529e-07 -1.31705338e-06
 -3.57430410e-09  3.70288681e-07  6.39257393e-09 -1.48820831e-07  3.98589965e-08
 -7.73021843e-09 -2.88068235e-07 -2.71507146e-08 -2.07468670e-07 -1.36814783e-06
 -3.46407807e-09  1.47771341e-07  1.62233073e-09 -1.29326565e-07  1.23416029e-07
 -6.69568128e-09 -4.61924801e-07 -2.02616667e-08 -1.54671702e-07 -1.33990842e-06
 -3.70309869e-09  2.22819178e-07  2.54898139e-09 -1.06654175e-07  1.44424854e-07
 -4.30445380e-09 -2.74533561e-07 -1.92869589e-08 -1.11935470e-07 -1.24793911e-06
 -3.25630757e-09  7.14458813e-08  9.02291140e-11 -8.32158402e-08  1.25416124e-07
 -2.81086893e-09 -3.37738141e-07 -1.58034832e-08 -7.80496067e-08 -1.11509029e-06
 -2.41297387e-09  2.92487515e-07 -2.51055020e-09 -6.14004455e-08  8.36617959e-08
 -8.40473182e-10 -8.88005046e-08 -1.54483242e-08 -5.27871519e-08 -9.57267630e-07
 -7.27352378e-10  3.67554800e-07 -9.68658631e-10 -4.24581886e-08  3.47809042e-08
  7.54732952e-10 -2.03114737e-07 -1.30925899e-08 -3.32382633e-08 -7.89609556e-07
 -2.40265728e-10  5.46935154e-07  1.38221499e-09 -2.90108466e-08 -1.06420395e-08
  2.20957665e-09 -1.54733491e-07 -1.16668056e-09 -1.99086118e-08 -6.24801406e-07
  1.52630082e-09  3.36354251e-07  1.04168275e-08 -1.72002192e-08 -4.35549189e-08
  4.59642146e-09 -3.48940438e-07 -2.17602815e-09 -1.24743541e-08 -4.71370161e-07
  3.16211114e-09  5.99260693e-07  1.71173673e-08 -9.15674406e-09 -6.34975682e-08
  7.83483976e-09 -4.09398410e-07  1.00211175e-08 -6.77662456e-09 -3.31282404e-07
  4.61494793e-09  4.09140723e-07  2.35406087e-08 -1.54707358e-09 -7.26879344e-08
  1.03407450e-08 -4.30938284e-07  3.59244563e-09 -5.52498509e-09 -2.09379471e-07
  7.26076016e-09  7.88996023e-07  2.58778243e-08  3.23393136e-09 -7.13567857e-08
  1.16378876e-08 -7.92437379e-07  6.33800098e-09 -3.55305147e-09 -1.06712186e-07
  9.17222418e-09  3.87523420e-07  2.58606032e-08  7.27061673e-09 -6.13328671e-08
  1.23782925e-08 -5.64687096e-07  1.84693405e-09 -2.97982043e-09 -2.38684474e-08
  1.11140442e-08  3.00550286e-07  2.87897358e-08  9.23051206e-09 -4.33161757e-08
  1.22366739e-08 -4.56795147e-07  9.12413370e-09 -2.97353347e-09  3.53820606e-08
  1.36697983e-08 -1.91297141e-07  2.33142033e-08  1.09726499e-08 -2.30481654e-08
  1.23996366e-08 -3.89247656e-07  8.28619851e-09 -2.52037749e-09  7.54092598e-08
  1.48160282e-08  8.01755807e-08  2.58173408e-08  1.00037472e-08 -4.22309195e-09
  1.25494753e-08 -2.75352847e-07  1.45114618e-08 -1.15865134e-09  9.55069880e-08
  1.58038368e-08  7.04319093e-08  2.77032827e-08  8.46011989e-09  9.55961024e-09
  1.17548139e-08 -2.79713427e-07  3.38097436e-09  1.46478886e-10  1.01378132e-07
  1.61381002e-08  3.33352171e-07  2.26643645e-08  4.44001240e-09  1.91657025e-08
  1.11945842e-08 -2.03087274e-07  9.73626133e-09  2.20670621e-09  9.55001429e-08
  1.56542199e-08  1.68155997e-07  2.41949781e-08  6.77943039e-10  2.78053839e-08
  9.15467384e-09  1.14803615e-07  2.73525654e-09  4.53993360e-09  8.25632795e-08
  1.41913939e-08  1.21725576e-07  3.21253734e-08 -4.16545245e-09  3.28205395e-08
  7.07970380e-09  2.59538852e-07 -4.77644327e-10  6.48671794e-09  6.79508098e-08
  1.28411733e-08 -4.31978098e-07  2.86963347e-08 -6.56053022e-09  3.67306324e-08
  4.45041605e-09  6.69426821e-07 -7.58332822e-09  8.23923269e-09  5.28650619e-08
  1.03556856e-08 -2.70744867e-07  3.52165921e-08 -8.64712792e-09  3.97310934e-08
  1.99325590e-09  6.81208246e-07 -1.89087605e-08  8.85803054e-09  3.95184654e-08
  8.42982587e-09 -2.63310903e-07  2.30210201e-08 -1.01859243e-08  3.92406225e-08
  1.10330955e-09  8.70540569e-07 -2.18937460e-08  9.50478190e-09  2.87702992e-08
  6.12233156e-09 -2.60000508e-07  1.58766144e-08 -1.18058178e-08  3.82919152e-08
  3.45381016e-10  9.35822416e-07 -2.62678158e-08  9.78665510e-09  2.03036022e-08
  4.57647329e-09  1.12677416e-07  1.04893366e-08 -1.22397721e-08  3.15414650e-08
 -7.00153217e-11  1.04151605e-06 -1.74762656e-08  9.45918972e-09  1.51717400e-08
  1.77519313e-09 -1.48070301e-08  1.01084036e-08 -1.23240503e-08  2.23199182e-08
 -8.19888925e-10  1.18129652e-06 -1.37824152e-08  9.28232905e-09  9.75738267e-09
 -1.89962253e-10  1.72052370e-08  1.24521816e-08 -1.12493232e-08  5.31596438e-09
 -1.45470868e-09  1.31401567e-06 -1.03349200e-08  9.09103398e-09  8.24938654e-09
 -2.67794794e-09 -2.24074088e-08  1.51341775e-08 -9.61407975e-09 -1.44001685e-08
 -2.55168380e-09  1.18865508e-06 -4.28333012e-09  9.19033583e-09  7.81730736e-09
 -4.57924809e-09 -1.48288241e-07  3.46394763e-09 -8.09300993e-09 -3.58878443e-08
 -1.61566374e-09  1.03196631e-06 -3.76138261e-09  9.86627205e-09  9.11405854e-09
 -6.17855325e-09 -1.52057759e-07  2.98793798e-09 -5.55237791e-09 -5.50421344e-08
 -1.40281659e-09  3.60682782e-07  2.82632241e-09  9.32161676e-09  1.12447868e-08
 -7.37383166e-09  1.66381520e-07 -1.36886002e-08 -1.84280109e-09 -7.19087453e-08
 -7.50822778e-11  3.00754980e-07  1.16558305e-08  8.39614924e-09  1.29338585e-08
 -7.91394562e-09  2.37651543e-07 -7.91012422e-09  2.36907922e-09 -8.38101921e-08
  1.89877676e-10 -1.18835673e-07  2.00273500e-08  5.88859401e-09  1.23579134e-08
 -7.81112816e-09  6.11601598e-07 -1.53656992e-08  6.52643767e-09 -9.48366754e-08
  1.19050315e-10  7.52873709e-08  2.83242229e-08  4.02724886e-09  1.39168375e-08
 -7.36276248e-09  3.74893185e-07 -5.03574866e-09  9.03369323e-09 -1.00548037e-07
 -2.48025435e-10  8.06247455e-09  3.75290583e-08  2.78951905e-09  1.22459165e-08
 -6.96945650e-09  4.04962410e-07 -9.84217472e-09  1.02572460e-08 -1.01421013e-07
 -1.05366723e-09  8.58510092e-09  4.42870929e-08  1.60557200e-09  1.25535778e-08
 -5.90132439e-09  1.69968644e-07 -5.70967124e-09  9.54987918e-09 -1.00015606e-07
 -1.60349926e-09 -1.93172392e-07  4.52173533e-08  2.15205847e-09  1.27738549e-08
 -5.61452548e-09  1.53895214e-07 -1.64434887e-08  9.08698147e-09 -9.33723817e-08
 -1.79715842e-09 -1.43071536e-07  4.66661125e-08  1.89015302e-10  1.38547391e-08
 -4.38047746e-09  2.57965001e-07 -1.50240777e-08  8.93186060e-09 -8.60258197e-08
 -2.19053216e-09 -5.10834710e-07  3.97467153e-08 -2.58632719e-10  1.71582617e-08
 -3.20319482e-09  1.70284622e-07 -1.60604643e-08  7.10254464e-09 -7.59842544e-08
 -1.83727039e-09 -4.87543322e-07  3.28448033e-08 -1.92278817e-09  2.04780997e-08
 -2.29186696e-09 -1.74341423e-07 -2.87190929e-09  6.99180531e-09 -6.14497580e-08
 -1.62752300e-09 -4.42414458e-07  2.99535907e-08 -3.08339738e-09  2.32497461e-08
 -1.12032817e-09 -2.43073626e-07  5.03247555e-09  4.01803597e-09 -4.27083989e-08
 -1.19066876e-09 -3.50605513e-07  2.76331649e-08 -2.63565156e-09  2.34320070e-08
 -6.84353820e-10 -7.75130939e-07  1.60432968e-08  8.38181984e-10 -2.35517170e-08
 -7.86644789e-10 -9.17802996e-09  2.35390788e-08 -2.20803182e-09  2.26156174e-08
 -3.14221600e-10 -5.29712243e-07  1.46907929e-08 -1.99216083e-09 -4.12669579e-09
 -8.52423231e-10 -1.82152738e-07  1.97041950e-08 -1.74530502e-09  1.89217215e-08
 -4.76682436e-10 -5.74957075e-07  1.27867311e-08 -6.21977647e-09  9.20998693e-09
 -8.53769430e-10 -1.80346390e-08  1.90784182e-08 -1.15304086e-09  1.68585195e-08
 -8.34093884e-10 -2.35945321e-07  7.94260429e-09 -8.78671175e-09  1.84295916e-08
 -7.84891956e-10 -4.25029094e-07  1.09338035e-08 -2.56445420e-09  1.28883052e-08
 -1.29033828e-09 -1.67149403e-07  6.97656793e-09 -1.01612776e-08  2.48001834e-08
 -5.27690427e-10 -1.78517359e-07  1.46662578e-08 -2.58277013e-09  1.05906257e-08
 -1.92766630e-09  1.78364379e-07  7.25532438e-09 -1.09204739e-08  2.84868686e-08
 -4.73033602e-11 -4.34693486e-07  7.81781576e-09 -2.43979028e-09  5.66819664e-09
 -2.00905699e-09  2.13449488e-07  1.53590258e-08 -1.02309482e-08  3.22167995e-08
  1.16413957e-10 -1.23840066e-07 -5.60345020e-09 -6.46458666e-10  1.75715399e-09
 -2.06413343e-09  2.91088751e-07  1.22237191e-08 -9.18136180e-09  3.22431437e-08
  4.84662397e-10  2.75392775e-08 -5.68809646e-09  8.02303208e-10 -4.54784257e-09
 -1.86347551e-09  3.41007882e-07  6.55973903e-09 -9.00252406e-09  3.05398251e-08
  4.71199339e-10  3.42758245e-07 -1.77977417e-08  3.06790002e-09 -8.62139818e-09
 -1.36456541e-09  2.50879935e-07  3.69499028e-09 -7.88154994e-09  2.17130796e-08
