  1.63377747e-08  7.44199557e-08 -4.44092770e-07 -1.43971665e-08 -1.31779032e-07
 -1.25847266e-08 -1.51193184e-07  8.32711693e-08 -3.71777844e-08 -9.58054722e-08
  2.68031026e-08  8.05990545e-08 -4.91748010e-07  2.08960696e-08 -1.26778178e-07
  1.88480413e-09 -8.14357731e-08  2.97787428e-08  1.92094777e-08 -4.36947202e-08
  3.39028260e-08  1.13967864e-07 -5.08779057e-07  2.39018914e-08 -1.88257715e-07
  1.73120566e-08 -6.77263464e-08 -7.58131968e-09  8.25833586e-08 -6.00083007e-08
  4.45300676e-08  4.81774630e-08 -5.09952669e-07  3.71111201e-08 -1.49882346e-07
  2.93179349e-08 -5.39622054e-09 -1.49879761e-08  1.21777565e-07 -1.06755930e-08
  4.50820994e-08  3.66916381e-08 -5.15372720e-07  6.19818021e-08 -2.37685372e-07
  2.94063632e-08 -5.77040644e-08 -2.40024714e-08  1.83624613e-07 -5.70877545e-09
  5.20203952e-08  6.49306467e-08 -5.04263978e-07  6.55732857e-08 -1.56536414e-07
  2.13462819e-08  7.25799699e-08 -1.96412096e-08  2.47067495e-07  2.66530581e-09
  5.60920353e-08 -3.35688922e-08 -5.04374151e-07  8.77109528e-08 -2.46206598e-07
  7.02896766e-09 -9.83597888e-09 -3.60693689e-08  3.05452327e-07  5.52293644e-08
  5.78024199e-08  5.64974070e-08 -4.53035515e-07  9.21152459e-08 -1.46019809e-07
 -1.17919936e-08  4.51078717e-08 -5.21948384e-08  3.75405143e-07 -5.83621620e-09
  6.94131200e-08 -7.92350196e-08 -4.42158708e-07  1.02243242e-07 -2.03330274e-07
 -2.34138766e-08 -6.99587052e-08 -6.46792208e-08  4.24326119e-07  1.02671060e-07
  7.22574656e-08 -1.71572023e-08 -3.87069037e-07  9.99218532e-08 -1.21165039e-07
 -2.70012007e-08 -2.82783061e-08 -1.17390965e-07  5.07590264e-07 -4.13824670e-08
  7.77587990e-08 -7.93526428e-08 -2.83845324e-07  8.27604045e-08 -9.13565563e-08
 -3.04928879e-08 -5.02081856e-08 -1.11552595e-07  5.45883601e-07  1.10696702e-07
  7.35209224e-08 -4.25940549e-08 -2.92865615e-07  6.00617413e-08 -7.95809037e-08
 -2.19985586e-08 -9.47319557e-08 -1.44704696e-07  6.08394162e-07 -7.51802535e-08
  7.44443521e-08  4.49302068e-09 -1.85330037e-07  2.61502793e-08  5.94425253e-08
 -1.55549971e-08 -9.84690248e-08 -1.35754410e-07  6.28448053e-07  7.70117935e-08
  6.31976344e-08  2.09199704e-08 -1.89570348e-07  1.57385390e-08 -1.54917125e-08
 -1.16265482e-08 -6.68619915e-08 -9.26895609e-08  6.58459214e-07 -8.19607185e-08
  5.82996303e-08  1.07158721e-07 -9.18283591e-08 -2.91726495e-08  2.17176913e-07
  1.24908308e-09 -1.28787886e-07 -1.31028190e-07  6.55217741e-07  3.71776099e-09
  4.16985817e-08  1.69658417e-08 -7.99727499e-08 -1.94203179e-08  9.19448134e-08
 -8.07372015e-09 -9.68957945e-08 -4.93050205e-08  6.42102849e-07 -5.94101263e-08
  3.00833796e-08  5.47647128e-08 -6.62936292e-08 -7.06986637e-08  3.46279983e-07
 -1.24968118e-08 -1.79534381e-07 -7.09882898e-08  6.51057633e-07 -7.93856782e-08
  8.09426955e-09 -3.00562898e-08 -5.37624079e-08 -5.60072756e-08  2.48580951e-07
 -2.79843907e-08 -1.21580955e-07 -2.77748419e-08  5.81564243e-07 -3.83593890e-08
 -3.01900262e-09 -2.86613941e-08 -5.42051989e-08 -1.20613446e-07  4.41746401e-07
 -3.95170050e-08 -2.07629586e-07 -5.71056762e-10  5.96856348e-07 -1.29133395e-07
 -1.70787527e-08 -7.88194492e-08 -9.19091125e-08 -1.17200132e-07  4.21578019e-07
 -4.06138720e-08 -1.67361615e-07  3.69638000e-08  4.53331814e-07 -3.51880448e-08
 -4.44610939e-08 -6.59393448e-08 -8.67613526e-08 -1.42971852e-07  5.20591641e-07
 -1.85268360e-08 -2.30725348e-07  6.05256245e-08  5.09790815e-07 -1.10826873e-07
 -5.75722465e-08 -4.73155818e-08 -1.20166772e-07 -1.88053693e-07  5.60074463e-07
 -6.09164894e-09 -1.44013275e-07  5.72479461e-08  3.13834538e-07 -4.36475323e-08
 -8.02797727e-08 -8.42925009e-08 -1.07310697e-07 -1.06005517e-07  5.95993096e-07
  7.66321897e-09 -1.82231988e-07  3.67771705e-08  3.91622282e-07 -3.49535364e-08
 -9.11047994e-08 -2.65704823e-11 -1.31161631e-07 -2.46825200e-07  6.08539599e-07
  1.04018701e-08 -1.80819261e-07  1.26124034e-08  1.94550729e-07 -4.14332564e-08
 -9.64999889e-08 -1.86643038e-08 -1.47760905e-07 -3.92320379e-09  6.65237588e-07
 -1.16780787e-08 -1.56586202e-07 -1.07822031e-08  2.52494651e-07  3.95917146e-08
 -1.01647439e-07  1.16777536e-08 -1.35411891e-07 -2.92771792e-07  5.78172137e-07
 -3.59164733e-08 -1.82556023e-07 -2.17487106e-08  1.45712008e-07 -3.11824989e-09
 -9.02368354e-08  1.99281990e-08 -1.87820841e-07  1.15787342e-07  6.93070054e-07
 -4.57776956e-08 -6.25518314e-08 -4.13627622e-09  8.63679488e-08  7.03049137e-08
 -8.43808248e-08 -4.14038293e-08 -1.52336870e-07 -2.96443410e-07  5.17916477e-07
 -4.75647218e-08 -4.08196402e-08  8.85128748e-09  2.20885479e-07  8.00069760e-08
 -7.08917660e-08 -6.67625252e-09 -2.27131762e-07  2.00786214e-07  6.28779897e-07
 -3.46601118e-08 -1.37592816e-08  3.88398891e-08 -1.10622357e-07  7.61773004e-08
 -5.63752007e-08 -3.43834790e-08 -2.05940149e-07 -1.82519253e-07  4.63095233e-07
 -1.82948902e-08  6.31682030e-08  3.64942148e-08  4.16646488e-07  1.57982935e-07
 -5.27716260e-08 -4.90649280e-08 -2.02334321e-07  1.40712119e-07  4.88743876e-07
 -1.79808454e-08  9.06692369e-08  5.89326356e-08 -2.93531132e-07  1.06419791e-07
 -3.97252946e-08  6.54399903e-08 -1.92747851e-07  6.12785998e-08  3.96208510e-07
 -9.55950536e-09  1.35636996e-07  5.40566629e-08  5.90990529e-07  1.74722496e-07
 -3.45464201e-08 -1.92320547e-08 -1.99020778e-07 -1.03010519e-07  3.42397046e-07
 -8.06841416e-09  1.59316752e-07  4.82310939e-08 -3.64214062e-07  1.59755913e-07
 -1.71995595e-08  9.67291617e-08 -2.05241962e-07  3.56724078e-07  2.88743182e-07
 -1.51300780e-08  1.87576612e-07  7.98496508e-09  6.27502157e-07  1.28612523e-07
  2.80883468e-09 -7.08232743e-08 -1.61054994e-07 -4.33890648e-07  2.50504980e-07
 -7.19065321e-10  2.37179450e-07  2.33174339e-08 -2.47748766e-07  1.90471268e-07
  2.17561852e-08 -1.08841622e-08 -2.04070287e-07  6.18994791e-07  1.52806982e-07
  7.84447401e-09  2.03057552e-07 -2.12659910e-08  4.37519378e-07  7.95560763e-08
  1.14603815e-08 -9.65844133e-08 -7.52756414e-08 -6.36482316e-07  2.03450465e-07
  1.45930596e-08  2.32539750e-07 -3.36386162e-08  7.55875337e-08  1.47554457e-07
  1.54664911e-08 -1.07785112e-07 -1.34703630e-07  6.86162155e-07  7.00554347e-08
  2.26302885e-08  1.73801852e-07  1.97911308e-08  1.08280684e-07  6.03314588e-08
  7.03293713e-09 -6.76817732e-08  3.87357391e-09 -5.47194898e-07  1.53019329e-07
  2.93380008e-08  1.63551017e-07 -5.29914892e-08  4.49801309e-07  5.37393255e-08
  7.31799098e-10 -8.02250979e-08 -1.18735787e-08  4.80076002e-07  8.14690100e-08
  2.44614242e-08  1.97642397e-07  5.60182294e-08 -1.57520814e-07  2.61223543e-08
 -6.68370089e-09 -5.59703731e-08  7.64783830e-08 -2.39515140e-07  9.76240031e-08
 -1.34123583e-08  1.68581020e-07 -9.47747096e-08  5.96038054e-07 -7.57010943e-09
  2.16610755e-08 -1.35861292e-08  1.01487339e-07  1.55909209e-07  1.32917786e-07
 -3.22940813e-08  1.70153171e-07  8.41067342e-08 -1.53317317e-07 -4.62672726e-08
  4.25878859e-09 -1.14972322e-08  8.29083390e-08  1.80265282e-08  9.12587356e-08
 -4.13120410e-08  1.98704904e-07 -2.07555106e-07  4.25756287e-07 -3.20776158e-09
  1.44061178e-08 -8.25917902e-08  3.25034661e-07 -1.41252927e-08  1.49641577e-07
 -2.93705239e-08  1.21087325e-07  1.42209753e-07  1.11036138e-07 -1.02435313e-07
  4.24326700e-08 -2.64482510e-08 -1.93985042e-08 -2.99416328e-08  1.35570742e-07
 -7.87338036e-09  7.84516762e-08 -2.00577217e-07  9.23288440e-08  8.28429562e-09
  1.45985404e-08 -2.72780052e-08  5.84088744e-07  1.37863436e-07  1.38347030e-07
  4.34049398e-08  3.68257324e-08  1.60677295e-07  3.42547277e-07 -8.93455828e-08
  1.70195494e-08  1.18812858e-08 -2.56415234e-07 -3.34296992e-07  1.72843663e-07
  2.70688512e-08  4.28420908e-08 -3.80438015e-08 -5.85496849e-08 -2.73906734e-08
  1.43597473e-08  1.83769535e-08  8.76750513e-07  4.06186951e-07  1.67775529e-07
  2.58269157e-08 -1.63359706e-08 -1.88180906e-08  2.24135950e-07 -3.25341872e-08
  6.55768762e-09  7.19194223e-08 -5.34118210e-07 -5.09991001e-07  1.45161518e-07
  2.57148183e-08  3.69681986e-08  4.19580463e-07  7.04447947e-08 -5.91502931e-08
 -9.23352557e-09  6.37993731e-08  1.01160852e-06  4.24934738e-07  2.22219664e-07
 -1.36094760e-10  5.49232570e-08 -6.00046562e-07 -9.75040939e-08 -1.84540631e-08
 -2.06191494e-08  1.44106782e-08 -4.56442226e-07 -3.67294246e-07  1.15183532e-07
  7.69405180e-10  4.56258350e-08  1.10657066e-06  1.99686050e-07 -3.17328215e-08
 -4.46343810e-08 -7.93689419e-08  6.81870369e-07  1.28840289e-07  2.10443675e-07
  3.81360980e-09  5.55915747e-08 -1.40326472e-06 -2.49400030e-07 -3.57235549e-08
 -5.79673546e-08 -7.00354554e-08  1.87899743e-07 -7.98054991e-08  1.42143654e-07
  1.57136535e-08 -2.59211837e-09  1.90231564e-06  6.63959094e-09 -1.56830856e-09
 -5.18333426e-08 -5.34912971e-08 -3.55120613e-07 -8.48070382e-08  1.45017909e-07
  1.32043286e-09  1.33120765e-08 -2.04785014e-06 -7.13238581e-08 -4.66430128e-09
 -1.34516900e-08 -3.44181879e-08  1.44509675e-06 -4.24050629e-08  1.65571163e-07
  3.49684790e-09 -5.22366233e-08  2.24173289e-06 -4.07138888e-07 -1.84240380e-08
  6.45285475e-09  8.80088039e-08 -1.96660282e-06  8.15687928e-08  1.15287668e-07
 -9.71958820e-10  4.79012326e-08 -1.90041742e-06  1.29733764e-07  6.61546884e-08
  1.04787637e-08  4.29571347e-08  2.91240714e-06 -2.24811809e-07  1.16873983e-07
 -1.27314644e-08  1.43032488e-08  1.48597720e-06 -5.66846506e-07 -3.00969873e-08
  8.73422735e-09  7.53252052e-08 -3.29286522e-06  3.18848968e-07  1.10380159e-07
  9.69535607e-09  2.38702074e-08 -6.59983854e-07  9.33174595e-09  6.57638999e-08
  2.60394967e-08  3.99171174e-08  3.62435363e-06 -2.17367758e-07  6.74131652e-08
  1.53776241e-08  5.63811854e-08 -3.14133039e-07 -3.53721401e-07  2.01067545e-08
 -2.45906087e-10  5.97526935e-08 -3.24581680e-06  1.72579704e-07  4.15082485e-08
  1.31508045e-08  2.67229164e-08  1.21545596e-06 -2.47133434e-07  1.65831127e-08
  2.41808420e-08 -1.05100459e-09  2.80999676e-06  1.26104361e-07  6.25858519e-08
  1.03932501e-08  1.53153641e-07 -2.01246057e-06 -2.35626844e-07  6.02155792e-08
  5.13870288e-08  3.84271138e-08 -1.75025883e-06 -1.61561648e-07 -5.53927574e-08
 -1.63924812e-08  8.73911480e-08  2.42486240e-06 -1.82981859e-07  2.56421644e-08
  2.75123131e-08  3.95387743e-08  9.56683731e-07  3.52321911e-07  2.42869280e-09
 -5.63885883e-10  2.82463100e-07 -2.24274326e-06 -4.38313030e-07  4.74333745e-08
  1.56383958e-08 -1.41229811e-08 -1.01117466e-07 -1.46724151e-07 -8.75066990e-08
  2.75770536e-08 -2.14613837e-09  1.75002996e-06  7.56364345e-08  5.42176596e-08
  2.01046829e-08  1.53277980e-07 -1.19583827e-07  1.82423939e-07 -1.30562570e-07
  5.03668496e-08  3.16689449e-07 -8.21933941e-07 -4.76703637e-07  5.19215729e-08
 -1.11568141e-08 -2.78395866e-07  5.58439309e-08  8.35330467e-08 -1.09571250e-07
  9.22215300e-08 -1.47614646e-07 -1.49086034e-07 -1.40643488e-08  9.52329742e-09
  2.49523048e-08  3.68776632e-07  7.15103189e-07  5.45348348e-08 -2.00364349e-07
  6.77308814e-08  2.91482575e-07  7.78452070e-07 -6.91373457e-08  6.20428822e-08
  1.28560535e-08 -6.20114969e-07 -1.39041656e-06 -3.49422473e-08 -1.82065854e-07
  2.64124185e-08 -5.79542423e-08 -1.12968102e-06 -3.38138327e-07 -2.76387807e-08
 -1.84079139e-08  8.84223248e-07  2.28197399e-06  2.19528290e-07 -2.05598598e-07
  3.66477812e-08 -5.26892575e-09  7.02567151e-07  1.76403882e-07 -8.47259373e-09
 -4.05770895e-08 -1.09476325e-06 -2.34804413e-06 -2.48745527e-07 -2.15050532e-07
 -1.07827410e-08  5.43184755e-07 -1.70476926e-07 -3.06995215e-07  3.67383134e-09
 -7.76343118e-08  1.35371483e-06  2.32855466e-06  2.05487143e-07 -2.38960205e-07
  1.46199894e-08 -1.01745821e-06 -5.87251432e-07 -3.63085760e-08 -8.71988548e-08
 -4.94052545e-08 -1.48793124e-06 -1.18292087e-06  1.50842873e-08 -1.92672303e-07
 -5.72492391e-08  1.84752952e-06  7.85460127e-07 -8.47328383e-08 -1.49635853e-08
 -1.35900501e-08  1.03874879e-06  6.30072870e-07 -1.70452819e-07 -2.28232041e-07
 -1.20600776e-07 -3.02092508e-06 -5.66994569e-07 -9.07700174e-08 -6.87370988e-08
  2.87352778e-08 -2.59315700e-07  4.81268452e-07  3.25525196e-07 -2.14188855e-07
 -1.51019933e-07  4.14461577e-06 -3.47723189e-07 -1.95958277e-07 -8.60527660e-08
  5.95343185e-08 -1.08191345e-06 -2.23055617e-07 -2.61180443e-07 -1.36357306e-07
 -1.72741238e-07 -5.24766389e-06  1.26690279e-06  8.51312674e-08 -6.18223674e-08
  1.62459925e-07  3.45215950e-06  2.19593622e-07  9.48941858e-08 -2.00042889e-07
 -1.76291976e-07  6.08591986e-06 -1.92542164e-06 -2.42268448e-07 -8.10623660e-08
  1.78689687e-07 -5.86740192e-06  6.85909227e-07 -5.93067456e-09 -1.15356694e-07
 -2.18284874e-07 -6.12063504e-06  1.98565226e-06 -1.40422000e-07 -8.02237993e-08
  2.94548532e-07  8.86236770e-06 -6.57532062e-07 -1.27248241e-07 -9.44627559e-08
 -2.12517274e-07  5.04344475e-06 -1.31388142e-06  1.13994054e-07 -6.32124099e-08
  3.33016240e-07 -1.14687172e-05  6.54542219e-07 -5.69159005e-08 -1.41025194e-07
 -2.67975075e-07 -2.81053141e-06  3.92868955e-07 -4.50820103e-07 -2.18862973e-08
  3.36176921e-07  1.32651750e-05  5.83828052e-07  1.12152368e-08 -7.30109982e-08
 -2.46427300e-07 -4.13124486e-07  3.17347887e-07  6.45217762e-08 -6.82837293e-08
  3.89632416e-07 -1.32994820e-05 -1.32548257e-06 -8.57009171e-08 -9.50288425e-08
 -2.05890562e-07  4.42366540e-06 -4.03687230e-07 -1.86965693e-07 -2.22348446e-08
  3.63784741e-07  1.15488458e-05  1.96516803e-06 -1.72003684e-07 -1.07502297e-07
 -2.19728358e-07 -7.71752015e-06  1.37382455e-07 -3.65685603e-07  3.88117420e-09
  2.07894008e-07 -8.51424916e-06 -1.46804463e-06  2.02781563e-07 -8.39203409e-08
 -1.45240466e-07  9.97207515e-06  4.64819583e-07 -3.71914874e-08 -7.28818998e-08
  7.64373000e-08  4.10316655e-06  5.58148708e-07 -2.66293346e-07 -8.93463457e-08
 -4.08880234e-08 -9.78262423e-06 -3.41239239e-07 -3.18538633e-07  1.29751580e-08
 -1.32711275e-07 -1.15768779e-06  5.68942892e-07 -5.66058651e-09 -1.02072453e-07
  6.20930859e-08  7.01112431e-06 -3.67774638e-07 -2.46020953e-07  1.28923091e-08
 -5.61593828e-07 -6.87829430e-07 -8.53477230e-07  2.37590516e-07 -1.10948009e-07
  2.84760864e-07 -2.89552552e-06  1.19503314e-06 -2.01378811e-07 -3.73247443e-08
 -1.11888829e-06 -1.01621917e-06  6.23367360e-07 -2.92858528e-07 -9.30738343e-08
  5.56566693e-07 -2.42064985e-06 -1.63575360e-06 -1.62224016e-07  5.80327633e-08
 -1.64604435e-06  3.41267036e-06 -6.32416282e-08  1.45013642e-07 -1.17250984e-07
  7.01820661e-07  4.77334660e-06  9.95613476e-07 -2.82593121e-07  4.71611734e-08
 -2.50990302e-06 -7.44045887e-06  2.71458663e-08  1.44818859e-07 -1.57846720e-07
  9.88774517e-07 -6.19860496e-06  2.64877318e-07 -2.57331877e-07  8.96483042e-09
 -3.67293705e-06  7.87608289e-06 -4.02328053e-07 -2.23959605e-07 -1.13158746e-07
  1.61226255e-06  2.66489766e-06 -1.44870066e-06 -1.90319622e-08  6.75575611e-08
 -4.80962908e-06 -6.57370249e-06  8.85112435e-07  1.87477656e-07 -1.58270290e-07
  1.75906620e-06 -1.49076721e-06  1.45796214e-06 -3.19481150e-07  6.36662098e-08
 -6.28908512e-06  1.07262651e-06 -3.63647757e-07  1.56900961e-07 -2.16857330e-07
  1.61973078e-06 -1.29359271e-06 -4.35720188e-07 -2.08520557e-07  2.00781698e-08
 -7.98355172e-06  3.41879446e-06 -6.18852082e-07 -8.90747568e-08 -1.64832424e-07
  2.75171594e-06 -2.13246077e-06 -5.45157423e-07  1.20878718e-07  5.08584863e-08
 -9.22641324e-06 -6.47270219e-06  1.39093546e-06  8.56161679e-08 -1.90068540e-07
  2.87690354e-06  3.86485026e-06  1.03884046e-06 -2.92825930e-07  5.26153605e-08
 -1.19358319e-05  5.29714888e-06 -9.30900527e-07  1.28274292e-07 -2.52060799e-07
  1.65094226e-06 -5.82280599e-06 -1.76625413e-07 -2.14311836e-07  6.70839812e-09
 -1.29486251e-05 -9.60046167e-07 -8.85993160e-07 -5.22495215e-08 -1.91942665e-07
  2.40252733e-06  2.07600791e-06 -2.27557954e-07  1.89187694e-07 -5.35497056e-09
 -1.12233906e-05 -1.07956120e-06  1.27404228e-06 -2.43817679e-08 -1.76019051e-07
  3.37554182e-06  5.83079756e-06  5.67609101e-07 -1.85289414e-07  1.65053920e-08
 -1.52032151e-05  3.12074944e-06 -9.61546931e-07  8.67259597e-08 -2.47082150e-07
  4.31622862e-07 -5.79712529e-06  3.79873630e-07 -2.53188238e-07 -7.37927290e-09
 -1.48056468e-05  1.70465104e-06 -1.63027981e-06  9.67589783e-09 -2.11082113e-07
  6.34688187e-07  6.11133681e-06 -4.42385676e-08  1.79655941e-07 -3.44502720e-08
 -1.71691613e-07  1.63103057e-06  5.86722383e-07 -9.06094089e-08 -1.52143892e-07
  4.57286083e-07  1.02801012e-05  1.71575082e-07  1.77249207e-08 -2.73164902e-08
  1.99603915e-05  2.37568023e-06 -4.33790991e-07  5.64019518e-09 -1.92592067e-07
 -0.00000000e+00  1.20994861e-06  5.92406004e-07 -3.12129175e-07 -3.28451999e-08
 -1.71691613e-07  4.34820447e-06 -2.21915301e-06  1.14128829e-07 -2.05209486e-07
 -4.57286083e-07  7.84481176e-06  3.40070206e-07  1.66938156e-08 -6.72665534e-08
 -1.48056468e-05  4.63480889e-06 -6.97131907e-07  5.49483171e-09 -1.22657577e-07
 -6.34688187e-07  1.90438022e-05 -2.06379970e-07  2.20092665e-07 -7.42719491e-08
 -1.52032151e-05  3.39338211e-06  3.99679224e-07 -3.58795219e-08 -1.14105743e-07
 -4.31622862e-07  1.62841036e-05  1.11703040e-07 -1.38701124e-07 -4.61721764e-08
 -1.12233906e-05  3.82587540e-06 -1.23342404e-06  1.24826494e-07 -1.66188747e-07
 -3.37554182e-06  1.29230890e-05  3.53981204e-07 -9.60519500e-08 -4.37118402e-08
 -1.29486251e-05  5.39879989e-06 -1.40771981e-06  1.50762612e-07 -1.24418074e-07
 -2.40252733e-06  2.20637044e-05 -2.95196973e-07  3.26479270e-07 -6.72316833e-08
 -1.19358319e-05  4.98976082e-06  7.85885440e-07  4.99394431e-08 -5.53074881e-08
 -1.65094226e-06  3.20571973e-05 -9.32834346e-07  3.27016756e-07 -4.92801417e-08
 -9.22641324e-06  2.63170918e-06  1.73187491e-06  2.87691257e-08 -7.65347608e-08
 -2.87690354e-06  3.06636733e-05 -8.13637178e-07  9.78973539e-08 -1.00074181e-08
 -7.98355172e-06  9.27052068e-07  1.05138424e-06  2.18133552e-07 -1.11387148e-07
 -2.75171594e-06  2.11077726e-05 -8.30526336e-07  3.14859671e-07 -1.38567252e-08
 -6.28908512e-06  7.80473751e-07  1.94401704e-06  2.21307728e-07 -4.91908991e-08
 -1.61973078e-06  1.30732723e-05 -1.70272616e-06  7.38929618e-07 -3.48396590e-08
 -4.80962908e-06  4.38477833e-07  5.03804467e-06  7.60487690e-08 -1.09332185e-08
 -1.75906620e-06  1.12689398e-05 -2.62392880e-06  7.00686200e-07 -1.14554516e-08
 -3.67293705e-06 -4.68794472e-07  7.76958911e-06  7.16830320e-08 -4.56162384e-08
 -1.61226255e-06  1.46875198e-05 -2.78362161e-06  5.27507608e-07  9.47872274e-09
 -2.50990302e-06 -1.48514347e-06  8.90156117e-06  1.93510297e-07 -5.63050899e-08
 -9.88774517e-07  1.97698365e-05 -2.81555285e-06  7.24404139e-07 -1.13481763e-08
 -1.64604435e-06 -2.64055257e-06  1.04037848e-05  1.49188776e-07  2.20090450e-08
 -7.01820661e-07  2.38302829e-05 -3.28766126e-06  1.03769958e-06 -4.09852486e-08
 -1.11888829e-06 -3.83903215e-06  1.40249169e-05 -7.70008958e-08  7.79885751e-08
 -5.56566693e-07  2.57639911e-05 -3.91721024e-06  8.98213304e-07 -2.42259727e-08
 -5.61593828e-07 -4.73628532e-06  1.90424880e-05 -2.30833067e-07  7.61703063e-08
 -2.84760864e-07  2.54477459e-05 -4.07579940e-06  5.11095886e-07 -3.95064491e-09
 -1.32711275e-07 -5.14034597e-06  2.29176162e-05 -2.94029010e-07  1.01140369e-07
 -6.20930859e-08  2.35532471e-05 -3.57421590e-06  2.69535713e-07 -3.11998889e-08
  7.64373000e-08 -5.18378320e-06  2.42534872e-05 -4.41191570e-07  2.05933924e-07
  4.08880234e-08  2.08079567e-05 -2.73941112e-06  2.01615404e-07 -6.11916659e-08
  2.07894008e-07 -5.00794059e-06  2.33189325e-05 -8.07601758e-07  3.11768226e-07
  1.45240466e-07  1.77243094e-05 -1.69467271e-06 -2.53789839e-07 -5.42407998e-08
  3.63784741e-07 -4.48667222e-06  2.18413999e-05 -1.21395205e-06  3.55649878e-07
  2.19728358e-07  1.44666942e-05 -9.01689021e-07 -1.28806597e-06 -3.85656137e-08
  3.89632416e-07 -3.89713843e-06  2.11570366e-05 -1.57300451e-06  4.03267373e-07
  2.05890562e-07  1.14949814e-05 -8.40511998e-08 -2.60874197e-06 -4.89042412e-08
  3.36176921e-07 -3.20571933e-06  2.16463530e-05 -1.82832166e-06  5.14057037e-07
  2.46427300e-07  8.78258436e-06  7.70996234e-07 -3.84496342e-06 -7.69501876e-08
  3.33016240e-07 -2.36737469e-06  2.30278723e-05 -2.13011677e-06  6.46352146e-07
  2.67975075e-07  6.61659527e-06  1.68301865e-06 -5.20190095e-06 -7.48054553e-08
  2.94548532e-07 -1.77294711e-06  2.42720220e-05 -2.50306058e-06  6.98326685e-07
  2.12517274e-07  4.65707459e-06  2.74279291e-06 -7.07610522e-06 -2.51759781e-08
  1.78689687e-07 -1.24975724e-06  2.47811262e-05 -2.80788967e-06  6.81512129e-07
  2.18284874e-07  3.17328718e-06  3.68426337e-06 -9.69440507e-06  2.49294688e-08
  1.62459925e-07 -7.09674354e-07  2.43584680e-05 -2.90971661e-06  6.58816407e-07
  1.76291976e-07  1.98530541e-06  4.47823502e-06 -1.27570874e-05  7.19176317e-08
  5.95343185e-08 -2.36377639e-07  2.28174241e-05 -2.70459716e-06  6.38338275e-07
  1.72741238e-07  1.03789229e-06  4.89529622e-06 -1.56299099e-05  1.40715751e-07
  2.87352778e-08  7.34372970e-08  2.06368452e-05 -2.24690039e-06  5.39646748e-07
  1.51019933e-07  3.97360317e-07  5.07658980e-06 -1.78576487e-05  2.71907384e-07
 -1.35900501e-08  3.62519107e-07  1.79116084e-05 -1.57227910e-06  2.60032350e-07
  1.20600776e-07 -3.99284804e-08  4.95015697e-06 -1.93025608e-05  4.61341802e-07
 -4.94052545e-08  4.07525775e-07  1.50632249e-05 -8.47788689e-07 -2.04504045e-07
  5.72492391e-08 -3.03378140e-07  4.55188262e-06 -2.02205889e-05  6.70911941e-07
 -7.76343118e-08  4.66333083e-07  1.22667264e-05 -2.51680823e-08 -8.07142439e-07
 -1.46199894e-08 -4.90595006e-07  4.01285027e-06 -2.09228521e-05  8.84093586e-07
 -4.05770895e-08  5.76506645e-07  9.69470938e-06  8.07447907e-07 -1.54152342e-06
  1.07827410e-08 -5.87749272e-07  3.28047610e-06 -2.15763173e-05  1.10007922e-06
 -1.84079139e-08  5.68883511e-07  7.43187064e-06  1.70175355e-06 -2.47098412e-06
 -3.66477812e-08 -6.01679437e-07  2.63695446e-06 -2.21596678e-05  1.33227206e-06
  1.28560535e-08  5.29998762e-07  5.52839152e-06  2.57542550e-06 -3.71419363e-06
 -2.64124185e-08 -5.14192765e-07  1.92420208e-06 -2.24774788e-05  1.56850829e-06
  2.49523048e-08  4.99239864e-07  3.94225742e-06  3.36089108e-06 -5.30545788e-06
 -6.77308814e-08 -3.92222282e-07  1.39530985e-06 -2.23416469e-05  1.75577851e-06
 -1.11568141e-08  3.61047377e-07  2.63495673e-06  3.98342304e-06 -7.16666554e-06
 -9.22215300e-08 -3.02164395e-07  7.76724313e-07 -2.16151451e-05  1.84174482e-06
  2.01046829e-08  5.09779005e-07  1.66341052e-06  4.39665478e-06 -9.13122451e-06
 -5.03668496e-08 -2.04027872e-07  3.71372376e-07 -2.02959631e-05  1.76872132e-06
  1.56383958e-08  3.57991085e-07  9.09431693e-07  4.55810844e-06 -1.10152885e-05
 -2.75770536e-08 -7.76090666e-08 -6.92515803e-08 -1.84719744e-05  1.53124393e-06
  2.75123131e-08  3.13735696e-07  4.11141788e-07  4.48882650e-06 -1.27053585e-05
  5.63885883e-10 -2.58480921e-08 -2.56174181e-07 -1.63058751e-05  1.13998346e-06
  5.13870288e-08  1.39754967e-07  3.97378106e-08  4.19922725e-06 -1.41475303e-05
  1.63924812e-08  1.50862148e-07 -4.53826245e-07 -1.39539515e-05  6.25228312e-07
  2.41808420e-08  3.42380261e-08 -2.09988596e-07  3.72681464e-06 -1.53417746e-05
 -1.03932501e-08  1.22240930e-07 -5.42969743e-07 -1.16125677e-05  1.10474790e-08
 -2.45906087e-10  4.15283173e-08 -3.50455575e-07  3.16514322e-06 -1.62702502e-05
 -1.31508045e-08  1.35935387e-07 -6.30894857e-07 -9.38598775e-06 -6.62152743e-07
  2.60394967e-08 -6.40557807e-08 -3.87476703e-07  2.54416004e-06 -1.69108651e-05
 -1.53776241e-08  7.00872690e-08 -6.10572529e-07 -7.38852012e-06 -1.36725977e-06
  8.73422735e-09 -6.38168194e-08 -3.89831982e-07  1.95862129e-06 -1.71993720e-05
 -9.69535607e-09 -4.67716583e-08 -5.82401645e-07 -5.64655580e-06 -2.04933233e-06
  1.04787637e-08 -1.86518094e-07 -3.18442478e-07  1.37075320e-06 -1.70850394e-05
  1.27314644e-08  1.69634208e-08 -5.45629009e-07 -4.14590911e-06 -2.65792306e-06
  6.45285475e-09 -1.69076404e-07 -2.41483004e-07  8.52633287e-07 -1.65512723e-05
  9.71958820e-10 -4.10749524e-08 -4.85356165e-07 -2.95281943e-06 -3.14162385e-06
 -1.34516900e-08 -1.30695739e-07 -1.81802834e-07  4.09891717e-07 -1.56122923e-05
 -3.49684790e-09 -4.26726532e-08 -4.97200795e-07 -1.98035166e-06 -3.47165766e-06
 -5.18333426e-08 -1.08008756e-07 -7.20378124e-08  4.22648327e-08 -1.43266874e-05
 -1.32043286e-09 -5.66513282e-08 -3.85463117e-07 -1.24485799e-06 -3.62129898e-06
 -5.79673546e-08 -3.72748720e-08  3.75622986e-09 -2.19269881e-07 -1.27911989e-05
 -1.57136535e-08 -7.75197543e-08 -3.19780040e-07 -7.11806189e-07 -3.58703436e-06
 -4.46343810e-08 -3.91803384e-08  1.25486078e-07 -4.16932644e-07 -1.11104872e-05
 -3.81360980e-09 -8.23542612e-08 -1.94367314e-07 -3.12726947e-07 -3.39022804e-06
 -2.06191494e-08  8.25962022e-09  9.68446011e-08 -5.45615655e-07 -9.39572516e-06
 -7.69405180e-10 -1.30323796e-07 -1.21930502e-07 -4.83687005e-08 -3.05311078e-06
 -9.23352557e-09 -7.62142783e-08  1.61951108e-07 -6.17677151e-07 -7.73699808e-06
  1.36094760e-10 -3.66963878e-08 -5.90500842e-08  1.17460695e-07 -2.63153367e-06
  6.55768762e-09 -3.50674933e-08  7.83482747e-08 -6.22407436e-07 -6.20219164e-06
 -2.57148183e-08 -1.73664489e-07  5.15751934e-08  1.96143613e-07 -2.15438973e-06
  1.43597473e-08 -4.33822725e-08  4.56075136e-08 -6.03417969e-07 -4.83537177e-06
 -2.58269157e-08 -6.13105629e-08  7.92849560e-08  2.17479766e-07 -1.67201175e-06
  1.70195494e-08  4.65208222e-09  1.61406166e-08 -5.74602356e-07 -3.65084813e-06
 -2.70688512e-08 -1.81210595e-07  1.26456066e-07  2.07448321e-07 -1.19671718e-06
  1.45985404e-08 -1.26706660e-08 -1.56602377e-08 -5.23573899e-07 -2.66698408e-06
 -4.34049398e-08 -6.79164844e-08  1.79807450e-07  1.51330051e-07 -7.62409304e-07
  4.24326700e-08  4.84907852e-09 -6.35645311e-08 -4.64534796e-07 -1.87105355e-06
  7.87338036e-09 -1.13658654e-07  1.53903611e-07  1.11266944e-07 -3.88098701e-07
  1.44061178e-08  8.35402827e-09 -6.81999124e-08 -3.97450398e-07 -1.24324656e-06
  2.93705239e-08  7.27506623e-08  1.20233097e-07  2.91326853e-08 -7.42235330e-08
  4.25878859e-09 -4.11918521e-08 -9.28264065e-08 -3.13550245e-07 -7.72425920e-07
  4.13120410e-08  2.12641443e-08  1.21210660e-07 -2.90729587e-08  1.73742056e-07
  2.16610755e-08  2.69668450e-08 -1.31472451e-07 -2.28775933e-07 -4.23893840e-07
  3.22940813e-08  1.29229054e-08  5.22238229e-08 -1.00244045e-07  3.55247052e-07
 -6.68370089e-09  2.02934268e-08 -1.24364805e-07 -1.42838148e-07 -1.81515916e-07
  1.34123583e-08 -4.68854626e-08  8.27160766e-08 -1.17608235e-07  4.79328301e-07
  7.31799098e-10  3.71005776e-09 -1.53942429e-07 -7.29018744e-08 -2.74819359e-08
 -2.44614242e-08  2.88305179e-09  4.52863785e-08 -1.32766321e-07  5.49337816e-07
  7.03293713e-09 -2.32382075e-10 -1.34225942e-07  2.48406652e-09  6.09622981e-08
 -2.93380008e-08 -8.82283420e-08  7.38274400e-08 -1.18170997e-07  5.71482352e-07
  1.54664911e-08 -3.41036988e-09 -2.12519374e-07  6.24507525e-08  9.80127397e-08
 -2.26302885e-08 -6.38113985e-08  4.42118156e-08 -7.83784442e-08  5.68033435e-07
  1.14603815e-08 -8.29352109e-08 -1.88771454e-07  1.04110308e-07  9.88724888e-08
 -1.45930596e-08 -9.14139958e-08  1.24021837e-08 -4.65566426e-08  5.32046007e-07
  2.17561852e-08 -5.43181666e-08 -1.78526597e-07  1.40969802e-07  8.16681811e-08
 -7.84447401e-09 -1.34906871e-07  3.03706968e-08 -6.49972116e-09  4.89227531e-07
  2.80883468e-09 -1.77030435e-08 -1.45430239e-07  1.49076151e-07  4.06632341e-08
  7.19065321e-10 -4.21192715e-08 -8.47627005e-09  3.10659440e-08  4.29810795e-07
 -1.71995595e-08  4.87838102e-08 -8.39435234e-08  1.38490587e-07 -1.59822810e-09
  1.51300780e-08 -1.33031584e-07  1.27142976e-08  6.53872633e-08  3.61727742e-07
 -3.45464201e-08  1.22370371e-07 -1.05852088e-07  1.31856223e-07 -4.72589390e-08
  8.06841416e-09 -2.38288003e-08 -1.98082873e-08  1.00354938e-07  2.91101706e-07
 -3.97252946e-08  2.05085160e-08 -6.45006565e-08  9.59929424e-08 -8.56042240e-08
  9.55950536e-09 -8.69614039e-08 -2.38159951e-09  1.32260785e-07  2.17885846e-07
 -5.27716260e-08  5.48882370e-08 -9.38718873e-08  1.01047299e-07 -1.11662416e-07
  1.79808454e-08 -4.40828868e-08 -3.38367255e-08  1.28000058e-07  1.46397392e-07
 -5.63752007e-08 -3.85934240e-08 -9.05392088e-08  8.04104444e-08 -1.19774820e-07
  1.82948902e-08 -5.80725430e-08 -3.03206947e-08  1.72828041e-07  7.93257389e-08
 -7.08917660e-08 -1.05644392e-08 -1.22867461e-07  6.39539949e-08 -1.13047301e-07
  3.46601118e-08 -5.91056436e-08 -4.11475206e-08  1.75981879e-07  2.22646585e-08
 -8.43808248e-08 -2.71107453e-08 -1.24809555e-07  6.04970437e-08 -9.28234513e-08
  4.75647218e-08 -3.16483095e-08 -1.99598123e-09  2.07156506e-07 -3.33684229e-08
 -9.02368354e-08 -5.66075947e-08 -1.35708621e-07  3.57134436e-08 -6.60334733e-08
  4.57776956e-08 -9.82478350e-08  1.47136145e-08  2.14764318e-07 -7.13341809e-08
 -1.01647439e-07 -5.47960317e-08 -1.66885393e-07  2.07901793e-08 -3.34853988e-08
  3.59164733e-08 -8.31575891e-08  2.03170737e-08  2.03845677e-07 -1.04620279e-07
 -9.64999889e-08 -1.30027125e-08 -1.18328227e-07  1.53216505e-08  3.11645194e-09
  1.16780787e-08 -8.17312541e-08 -2.83848609e-08  1.95058824e-07 -1.19122839e-07
 -9.11047994e-08 -5.51577001e-09 -1.48927869e-07 -6.87159447e-09  4.03225808e-08
 -1.04018701e-08 -2.77301038e-08 -3.18009444e-08  1.74909100e-07 -1.23035322e-07
 -8.02797727e-08  3.73089409e-08 -1.09393364e-07 -6.17538014e-09  7.01198836e-08
 -7.66321897e-09 -7.36005320e-08 -9.24732137e-08  1.54610339e-07 -1.17949249e-07
 -5.75722465e-08 -1.94358096e-08 -1.05591857e-07 -1.75251706e-08  9.81104603e-08
  6.09164894e-09  4.24972921e-09 -2.76588244e-08  1.46402428e-07 -1.09700563e-07
 -4.44610939e-08  6.90183439e-09 -1.28184510e-07 -4.05332159e-08  1.20392577e-07
  1.85268360e-08 -5.73075055e-08 -4.64322276e-08  1.49985194e-07 -9.47614712e-08
 -1.70787527e-08  4.11296357e-08 -6.66891403e-08 -4.03116663e-08  1.41427932e-07
  4.06138720e-08  7.53832549e-08 -3.43278904e-08  1.37462576e-07 -8.64696765e-08
 -3.01900262e-09  3.00105427e-08 -9.56856725e-08 -4.92530404e-08  1.61098066e-07
  3.95170050e-08  5.65454036e-08  1.62201938e-08  1.57094921e-07 -6.89658112e-08
  8.09426955e-09  7.85497125e-08 -1.11930233e-07 -3.38353996e-08  1.75481429e-07
  2.79843907e-08  9.75101088e-08  1.29191640e-08  1.55754194e-07 -5.82916530e-08
  3.00833796e-08  8.08697115e-08 -9.07753347e-08 -2.22700778e-08  1.88093890e-07
  1.24968118e-08  1.55190618e-07  6.27097263e-08  1.69760345e-07 -4.11641436e-08
  4.16985817e-08  8.59001650e-08 -1.21445221e-07 -3.41298080e-08  1.88627865e-07
  8.07372015e-09  1.21788834e-07  4.44854974e-08  1.67668178e-07 -2.74172249e-08
  5.82996303e-08  1.75416413e-08 -1.23864472e-07 -4.22122650e-08  1.86630959e-07
 -1.24908308e-09  1.87801493e-07  3.35604879e-08  1.66646876e-07 -1.34697291e-08
  6.31976344e-08  1.15915627e-08 -7.69011846e-08 -5.63228701e-08  1.77800830e-07
  1.16265482e-08  1.27982670e-07  3.73887749e-08  1.57505522e-07 -1.96445169e-09
  7.44443521e-08 -1.63941139e-08 -1.59720493e-07 -5.36512036e-08  1.69722830e-07
  1.55549971e-08  1.56874355e-07  3.25828928e-08  1.52624179e-07  5.24378539e-09
  7.35209224e-08  1.01830737e-08 -7.97585044e-08 -6.83271247e-08  1.61758231e-07
  2.19985586e-08  5.64251155e-08 -2.11376200e-09  1.42995407e-07  2.25701894e-08
  7.77587990e-08  9.22616491e-08 -1.06663497e-07 -4.65922492e-08  1.55638229e-07
  3.04928879e-08  1.23613809e-07  3.96887025e-08  1.25968976e-07  3.04916866e-08
  7.22574656e-08  6.78466636e-08 -6.51250899e-08 -4.21593718e-08  1.52582004e-07
  2.70012007e-08 -4.18161792e-08 -1.79751009e-08  1.22487224e-07  4.33373778e-08
  6.94131200e-08  1.42045038e-07 -4.65327437e-08 -1.25301749e-08  1.51420402e-07
  2.34138766e-08 -1.68078692e-08 -1.27389342e-08  1.10610277e-07  4.33550941e-08
  5.78024199e-08  9.09790398e-08 -1.63102706e-08  1.16560511e-08  1.55499885e-07
  1.17919936e-08  1.23703542e-08 -4.62319312e-08  1.26724413e-07  4.58330080e-08
  5.60920353e-08  4.69533490e-08  2.82088406e-08  2.57993614e-08  1.54686574e-07
 -7.02896766e-09 -4.64371523e-08 -7.30021840e-08  1.09978307e-07  4.58235103e-08
  5.20203952e-08  9.15518361e-08  3.42950227e-08  4.31340972e-08  1.55592061e-07
 -2.13462819e-08 -3.13768143e-08 -6.29506123e-08  1.28766799e-07  4.99207182e-08
  4.50820994e-08 -2.95197545e-08  5.70891251e-08  4.94318275e-08  1.53271396e-07
 -2.94063632e-08 -5.22307901e-08 -4.01405915e-08  1.23139067e-07  5.20443120e-08
  4.45300676e-08  5.42497303e-08  6.25038675e-08  4.51564588e-08  1.50536691e-07
 -2.93179349e-08 -9.76802187e-08 -4.20140929e-08  1.39669150e-07  5.91096471e-08
  3.39028260e-08  1.06528344e-08  8.17566295e-08  4.86909152e-08  1.42676468e-07
 -1.73120566e-08 -6.19777216e-08 -2.03815046e-08  1.34627250e-07  6.01156891e-08
  2.68031026e-08  2.79536874e-09  4.96380898e-08  4.05828057e-08  1.34805268e-07
 -1.88480413e-09 -1.28929534e-07 -3.37039963e-08  1.43391067e-07  6.24739287e-08
  1.63377747e-08  8.31638380e-08  1.99674262e-08  4.13561155e-08  1.23925592e-07
  1.25847266e-08 -1.33637429e-07 -7.78784334e-08  1.38303012e-07  5.40762355e-08
