  7.81291704e-10  1.55110125e-09  3.85887851e-09 -1.58167419e-08  2.98359752e-08
  5.99029278e-10  3.17413774e-08 -4.77838796e-09 -5.93150424e-09  8.11716607e-09
  6.25145981e-10  1.34465023e-07 -3.11002055e-08 -3.90395427e-09 -7.93955924e-08
  5.98180969e-10 -2.98552331e-07  6.42634134e-09 -5.43550362e-09  8.57024407e-09
  4.19917793e-10  4.74102586e-07 -4.33122229e-09  1.29797089e-09 -1.64593282e-08
  5.08962560e-10  6.86929612e-08 -2.45495948e-08  5.89285316e-09 -1.59635698e-08
  2.66396474e-10 -4.87726508e-08  1.03531693e-08 -7.84702581e-09 -6.60978289e-08
  1.89658009e-10 -2.43478270e-07 -2.44893471e-09  5.11764063e-09  2.13255238e-08
  2.12403994e-10  1.58934235e-07  2.07237834e-09  5.76639920e-09  1.60914215e-08
  1.96145520e-10 -6.50394583e-07 -1.46198109e-08  1.31902571e-09  1.29618836e-08
  1.01782287e-10 -1.99388840e-07 -8.25837316e-09 -1.28532286e-08 -6.75969193e-09
  3.18511835e-10 -3.13246368e-07 -3.63961854e-08  8.00650872e-10  2.97560799e-08
  2.67835037e-11 -1.33601602e-07 -2.80330303e-08 -1.93505455e-09  5.10986834e-09
  1.90524275e-10 -1.93941314e-07 -4.24494790e-09 -5.11653969e-10  5.29084937e-09
 -1.65659140e-11  1.29990593e-07 -2.97554635e-08 -8.78092855e-09 -2.26992333e-08
 -5.23319798e-11  2.25215172e-08 -3.66221197e-08  9.44321410e-09  2.50249725e-08
 -1.79602008e-12 -1.66742072e-07 -2.93368884e-09 -1.34408586e-09 -1.31911974e-08
 -2.34586407e-10  2.54737258e-07  1.13851586e-09  1.18519648e-08  8.14875604e-09
  5.04330743e-11 -1.90289846e-08  2.27779638e-09 -6.19088288e-09  1.11047970e-08
 -5.16583579e-10 -3.54670367e-07 -9.48604152e-09  1.59718882e-08  6.14448045e-08
  2.08869299e-10 -1.25623021e-07  9.31026664e-09 -2.26838439e-09  2.80104611e-08
 -4.89463792e-10 -9.77480350e-08  8.69563665e-09 -6.57795391e-11  8.88508201e-08
  3.35633648e-10 -9.76688176e-08 -2.23012958e-08 -5.18952307e-10 -9.62914040e-09
 -8.12340304e-11 -3.05863065e-07 -5.94710535e-09  1.81947606e-09  6.67245324e-08
  2.50856797e-10  1.50428925e-07  3.70510437e-09  3.57865936e-09  4.96848139e-09
  6.43417378e-11 -6.91064314e-08  3.88654520e-09  2.88637106e-09  3.30822449e-08
 -1.14292732e-10  1.04955496e-08 -1.45507647e-08  2.48339639e-09  1.65200161e-09
 -5.16159064e-11 -4.13746471e-07 -1.46683712e-09  7.54883790e-10  4.27755359e-08
  1.61291183e-11  2.73575706e-07 -9.83085639e-09  9.12550082e-09  3.28234202e-09
 -2.91998118e-10 -9.40187903e-08 -1.18110407e-08  6.50902005e-10  7.46380834e-10
 -5.78034894e-11 -1.27097237e-08  1.83380050e-09  5.80224029e-09  1.07461832e-08
 -4.03041898e-10 -3.14637517e-07 -1.64904710e-08  1.07837420e-08 -4.93281810e-09
 -5.35626461e-11  2.09921939e-07 -2.20751412e-11 -7.90748984e-10  8.82724083e-08
 -4.26695913e-10 -4.22963799e-07 -1.06687813e-08  1.24128747e-09  1.65711484e-09
  4.81713145e-11  5.43986447e-07 -3.17539684e-08 -2.39462534e-09  1.82785019e-09
 -3.01045732e-10 -1.60490375e-08 -1.81334835e-08  1.40490565e-09  4.63034153e-08
  1.68135279e-10  6.91288120e-07  4.27055423e-09  7.54702095e-09  1.92990764e-08
 -2.37365324e-10  2.75919120e-07 -3.64821790e-08  1.02040109e-08 -3.24431624e-08
  2.46534027e-11  3.38776493e-07  3.26994957e-08 -1.22593112e-08  4.95205594e-08
 -2.36647026e-10  6.83505590e-09 -3.72996127e-08  1.48557218e-08  6.22224530e-08
  4.16314299e-11  5.04486747e-07  3.07108127e-08 -1.05426328e-08  1.42213154e-08
 -4.18596458e-10 -7.86640496e-08 -1.38335214e-08 -4.23344150e-09  2.42942135e-08
  1.72633118e-10  3.41658824e-07  2.56230736e-08 -1.32627974e-08  9.98921922e-09
 -4.63715801e-10 -1.02996091e-07 -4.38313533e-08  4.97444506e-09  9.84286494e-08
  1.47682053e-10 -1.43080426e-07  4.37999239e-08 -1.99018004e-08 -2.84427978e-08
 -6.28649074e-11  2.18098030e-10 -2.63326560e-08 -1.65366037e-08  3.39479328e-08
 -8.25564697e-11 -1.49431711e-07 -9.73472350e-09 -1.81335606e-08 -5.87446862e-08
  3.06056904e-10 -1.19993539e-07 -1.63531416e-08 -3.60250305e-09  5.85008404e-08
 -2.64290946e-10  6.48681511e-08  2.39307989e-08 -1.62013078e-08 -9.70243800e-08
  2.30220520e-10  3.19998658e-07 -1.09336275e-08 -1.37768168e-08  1.85008598e-08
 -4.81707370e-10 -3.34964361e-07 -1.18004647e-08 -9.94817124e-09 -9.49886286e-08
  2.20888957e-10  1.52281422e-08  8.76290933e-09 -1.12823528e-09  2.93243076e-08
 -6.71404909e-10  1.91738987e-07  2.44912508e-08 -6.59187835e-09 -1.10256815e-07
 -3.95246578e-11 -5.45050843e-08  1.39728791e-08 -4.90739703e-09  5.44307672e-09
 -5.79074662e-10 -3.76118152e-07 -9.48648104e-09  1.84146763e-09 -3.91368510e-08
 -2.31868670e-10 -3.39768146e-07  1.61933987e-08 -4.90991502e-09  4.72965047e-08
 -5.20288741e-10 -1.87834371e-07 -1.70691587e-08  2.32309100e-09 -8.30048164e-08
 -1.62577007e-10 -3.29310189e-08 -1.10478814e-08 -1.23037933e-08  6.04812469e-09
 -2.02367323e-10 -6.07883197e-07 -2.88409814e-08  9.57538505e-09 -2.76586681e-08
  3.54441433e-11  1.17969558e-07  8.66846095e-09  9.17835664e-09 -6.00129499e-08
 -2.22967313e-10 -1.70986006e-07 -5.64694332e-09 -3.30179745e-09  4.18167006e-09
 -1.37746816e-10 -3.86593151e-07  1.33785981e-08  7.63901297e-09 -2.95441662e-09
 -1.53126562e-10 -8.94792833e-08 -4.59189093e-08  9.85600651e-09  7.76111026e-09
 -2.89717535e-10 -1.98946470e-07  3.13963560e-08  2.51625489e-09 -2.93139700e-09
  2.16616286e-10  1.96220776e-07 -2.73628368e-08  1.23448989e-08  6.91902239e-09
 -2.28636178e-10 -4.83311588e-08 -1.63689521e-08  1.48727880e-08  1.66217926e-08
  2.83226243e-10 -5.05103277e-07  3.17519493e-09  1.23588167e-08  5.51980898e-08
 -1.86731780e-12 -3.71704542e-08 -3.15044400e-09  1.13208389e-08  1.17222071e-09
  2.50245724e-10 -2.90399304e-07 -2.54115527e-08 -2.30331140e-10  9.56498769e-08
  3.57342459e-10 -2.46556481e-07 -6.97382356e-09  1.18123414e-08  1.16000099e-08
  3.26639161e-10  2.50043962e-07 -1.59165388e-08 -9.45156108e-10  5.80603300e-08
  4.67342683e-10  2.73796340e-07  2.12189220e-08  7.41996150e-09  3.02581896e-08
  1.07432352e-10  3.84630141e-07 -8.28978873e-09  7.97831738e-09  2.60325417e-08
  3.83545565e-10 -2.08354528e-07  7.18850902e-09  1.01647203e-08  2.80768569e-08
  5.19559547e-11  2.86756159e-07  1.84956443e-08  6.87727319e-09  5.90810896e-08
  2.06225283e-10 -8.05521055e-08 -1.21332480e-08  4.43983901e-09  4.04500116e-08
  5.59521003e-11  5.47248059e-08 -8.88205770e-10  8.66994273e-10  4.96739724e-08
  8.12312989e-11 -4.57518997e-08 -1.41019855e-08 -3.41911332e-09  1.25208149e-08
  3.39288266e-10  3.22328055e-07  8.81796988e-09  1.96770492e-09  2.97203109e-08
  2.98607386e-11  9.62231203e-08 -1.74129884e-08  1.55881756e-09 -2.76608359e-09
  3.11909727e-10  8.18909862e-08  1.81626790e-08 -6.35538306e-09  5.63240232e-08
  2.32119053e-10  2.10125900e-09 -1.57537645e-08 -2.44024846e-09 -1.26315871e-08
  1.99023956e-10  3.29846130e-07  4.82284490e-09 -7.05769798e-09 -7.23944839e-09
  2.93995096e-12  2.27849747e-08 -4.79250018e-09 -5.60041288e-09  2.68557944e-08
  3.03795071e-10  3.50671965e-07  2.15254794e-08  9.87801789e-10 -1.28046247e-08
 -2.73443458e-10  4.98916907e-08 -1.71580491e-08 -2.98343210e-09 -2.34580833e-08
  3.46504423e-10 -2.10840146e-07  3.35620876e-08 -7.73266593e-09  6.25142600e-10
 -2.90040732e-10 -1.91945548e-07 -2.58142552e-08 -3.62602072e-09  4.91485842e-08
  5.27715205e-10 -1.65672637e-07  9.81499744e-09 -7.90794191e-09 -3.29374857e-08
 -7.67271552e-11 -1.87017123e-07 -3.30349507e-09 -1.49003637e-08 -2.69488580e-08
  2.94976966e-10  4.09638662e-07 -1.29777722e-08 -1.29225941e-08 -1.53226959e-08
 -1.46469152e-10 -1.96042534e-07  4.19397846e-09  1.01251801e-09  2.90952824e-09
  2.02525274e-10  5.64161609e-07  1.08517400e-08 -1.92346838e-09 -1.06362839e-07
 -2.93308029e-10 -3.28525008e-07  6.01920570e-09 -1.36984265e-08  4.27312046e-08
  2.02992868e-10  6.55792176e-08 -1.86497025e-08  1.14743974e-08 -6.06199360e-08
 -3.53254583e-10 -4.02577938e-07 -4.20627115e-08  1.16980265e-09 -4.37978945e-08
 -2.71022059e-11 -1.37110793e-07  1.99160557e-08 -1.10504080e-08 -4.92823321e-09
 -5.95905671e-10 -9.23062447e-08 -3.95372120e-08  5.55924605e-09 -3.68012324e-09
 -5.75714622e-11 -1.76911123e-07 -2.54591305e-08 -7.44254472e-09 -1.75440180e-08
 -4.50951787e-10 -4.36499891e-07  1.73837384e-09 -8.98698252e-10 -2.26916334e-08
  2.17068884e-10  4.51713087e-07 -2.65563851e-08 -8.52069871e-09  1.51316442e-09
 -4.02277174e-10  3.28537616e-08 -3.50284218e-08  1.11821383e-08  3.67009500e-08
  2.15261451e-11 -1.11477997e-08  4.85066320e-10 -7.13270028e-09 -4.62512737e-08
 -4.18125824e-10  2.73870524e-07 -6.17423898e-09  7.07929651e-09  2.90468056e-08
 -1.53074692e-10  2.46639976e-07  2.50961936e-09 -2.45603576e-09  4.46133974e-09
 -2.31570180e-10 -3.16880599e-07 -1.57933454e-08  1.85172380e-08  5.11653672e-08
  5.05331772e-11 -8.72139255e-08  3.46208972e-08 -9.90959058e-09  5.09195048e-09
 -3.02716013e-10 -4.10396140e-08 -1.65087802e-08  1.71932218e-09  1.10309558e-07
  2.40026639e-10 -3.82450193e-07 -1.68561745e-08 -6.25297444e-09  1.26517964e-08
 -2.61268417e-10 -1.25847577e-07 -7.01747309e-09 -2.94592884e-09  4.65692276e-08
  2.34857606e-10  7.51814253e-08  2.83548070e-10 -1.20016141e-08 -2.64035474e-08
  3.16701692e-10  3.05597467e-07 -3.66622343e-09  2.25788712e-09  7.59536117e-08
  1.65931210e-10 -2.66183238e-07  1.44921730e-10  1.58462457e-09 -5.58192166e-08
  3.62705045e-10 -2.97957894e-08  2.34176137e-08 -4.51843872e-09  1.83829705e-08
 -8.46538512e-11  2.11021489e-08 -4.69659724e-09  1.92495328e-09 -2.34500866e-08
  2.34274230e-10 -2.17148666e-07 -8.82092984e-10  5.04957878e-09  2.73901734e-08
 -1.22983800e-10 -1.58595415e-07  5.42735417e-09  4.22650089e-09 -1.54553419e-08
  3.80051546e-10 -6.12940419e-09  1.92118342e-08 -6.97147408e-09  1.37871113e-08
  1.40955765e-10  1.45858593e-07 -2.80054535e-08  8.44803767e-09  1.09297131e-09
  5.09162453e-10 -3.15096459e-07  2.57601806e-09  2.16384386e-09 -1.65107234e-08
 -1.12929376e-10  2.68893972e-07  1.60115717e-09  5.43872859e-09  3.13117509e-08
  3.93808556e-10  1.19165547e-07 -6.76870193e-09  7.04170849e-10 -5.77670211e-10
 -4.32788001e-10 -1.05900220e-07 -1.60530719e-08  7.27840994e-09  4.15977573e-09
  1.48403660e-10 -8.59956624e-08 -1.14385282e-08  2.99956373e-09 -1.74799474e-08
 -2.56680536e-10  5.29475588e-08  6.76784047e-09  3.78870995e-10  6.41760923e-08
  1.38751962e-10  1.26605677e-07 -2.09327399e-08  1.08790941e-08 -3.74045028e-08
 -3.40275564e-10 -2.69918488e-07  4.73732676e-09 -9.98057252e-09  2.92864999e-08
 -7.26465293e-11  1.28650607e-09  4.95402975e-09  3.29590205e-09  4.41114306e-08
 -2.34198611e-10  1.29889035e-07 -1.72554053e-08 -2.01121159e-09  1.98810301e-08
 -2.01384919e-10  1.13075398e-07  1.83582819e-09 -1.14647218e-09 -1.61050737e-08
 -2.91059037e-11 -3.13607224e-08  7.90702291e-10 -7.03563479e-09 -8.82639365e-09
 -8.38232548e-12  4.98781849e-07 -3.90231472e-09  7.11398752e-09  6.72626565e-08
  1.02162184e-10 -2.99555066e-07  1.82991231e-08  3.00812684e-09 -3.28348579e-08
 -1.39907070e-10  1.49594475e-07  1.44548300e-08 -4.31802795e-09 -1.79172370e-08
  1.45749009e-10 -3.48734482e-07  9.30196816e-09 -3.44076117e-09  1.95392196e-08
  1.52752235e-10 -9.04995841e-08  6.41524296e-09  9.19717728e-09  3.97596682e-08
  4.67554249e-11 -3.54803451e-07  1.36515943e-08 -4.32976399e-09 -5.02167571e-09
  3.39370675e-10  3.51144219e-08  3.49605004e-08 -1.70462102e-08  1.35771875e-08
  8.64712756e-10 -1.03890867e-07 -4.69255236e-08  7.16171935e-09 -2.38003539e-08
  6.06772902e-10  3.99646501e-08  2.32751720e-08 -1.39520181e-09  1.28890778e-08
  6.31502425e-10  3.86461937e-08  1.00560896e-08  8.76246443e-09 -4.49047444e-08
  1.34197444e-09  4.18508477e-07  1.34905065e-08 -4.15783682e-09 -4.01304855e-08
  9.09743587e-10 -4.38156789e-07 -1.67097611e-08  1.46666210e-08  1.02150455e-08
  1.73576077e-09 -1.42593380e-07  2.83701659e-08  7.59789697e-09 -4.15742618e-08
  1.09890129e-09  3.28157683e-07 -3.67971336e-09  4.81438057e-09  3.06656575e-08
  2.49245218e-09  1.95188466e-07  1.12308235e-08 -1.47254764e-09 -3.43371323e-08
  8.07980437e-10  1.02724101e-07 -2.04209160e-08  1.56666476e-08  4.37857973e-08
  1.67327166e-09  4.19426318e-07  2.46181315e-08  3.17304384e-09 -4.52353489e-08
  1.32114370e-09  3.93892411e-07  1.59680663e-08  9.15122893e-09  2.40740614e-08
  1.66891001e-09  2.37096063e-07 -4.37136502e-09  1.02690963e-08 -9.72478735e-09
 -9.46373280e-12 -2.31223151e-07  3.21761913e-08  1.08943309e-08  8.83306188e-08
  9.95876907e-10  2.92259750e-07  2.35275158e-09 -3.61469293e-09 -5.93445373e-08
 -1.26990542e-10 -4.96166829e-08  1.71762490e-08 -3.13254246e-09  6.98680834e-08
 -1.51217500e-09  1.45095984e-07  1.10061616e-08  7.18845036e-09  4.98828700e-08
 -1.25391847e-09 -5.90954303e-08  2.49431493e-08 -3.03613744e-09 -3.95870296e-09
 -1.43674876e-09  4.18010603e-07  7.55874529e-09 -2.47058079e-08 -5.00085936e-08
 -2.72281404e-09 -4.23148023e-08  1.57099258e-08  8.88958266e-09  5.67733100e-08
 -3.96774223e-09  3.86050710e-07  2.67918338e-08  5.10547600e-09  2.53471863e-08
 -1.41532984e-09  5.39034205e-07  1.49947426e-08 -2.75341372e-08 -1.05314403e-07
 -2.32356377e-09  2.78273273e-07  2.88791693e-08 -2.52342498e-08 -5.50641594e-08
 -4.30504571e-09  8.98414734e-07  2.58025133e-08  3.74665776e-08  2.68227877e-08
  8.57302898e-11  6.94561936e-08  3.61935405e-08 -1.69807624e-08 -8.74777046e-09
  7.28993244e-10  6.77151754e-07  9.22080648e-09 -2.44592909e-08 -1.49028998e-07
  1.15597031e-09 -1.62590709e-07 -2.87953715e-08  3.47394992e-09 -9.88560000e-08
  3.26494512e-10  1.36910365e-07  5.50057751e-08  2.17871721e-08  1.87894686e-07
  9.04976144e-09 -3.11404332e-07 -3.75220074e-08 -4.69628378e-08 -3.36510491e-08
  5.04057298e-09 -3.20002834e-07 -3.22726562e-08 -9.58138472e-09 -3.56816117e-07
 -1.61915457e-10 -7.57284275e-07 -1.80501015e-08  3.61513484e-08 -1.48342891e-07
  2.09642774e-08 -7.60021421e-07  3.98767855e-08 -2.74493114e-08  6.10644407e-07
  2.03694189e-10 -1.34841256e-06 -9.79520630e-08 -1.61279176e-08 -1.73601903e-07
  1.83186692e-08 -2.13603543e-06 -9.79928331e-09 -2.45775405e-09 -9.33646071e-07
 -2.69541212e-08 -1.71475712e-06  4.98528372e-08 -1.65461013e-09  4.88203681e-07
  6.48293156e-08 -2.32918365e-06 -1.87180166e-07  2.98783018e-08  1.00932051e-06
 -5.53151630e-08 -1.50766012e-06 -1.30089752e-07  4.54169212e-08 -1.20722396e-06
  5.25599483e-08 -1.00784459e-06  7.39540187e-08 -1.56195774e-07 -8.71030624e-07
 -6.65445803e-08  1.25362771e-06  3.74229144e-08  1.39185717e-09  2.15917710e-06
  9.91322127e-08 -1.33183172e-06 -3.89097178e-07  2.78008265e-07 -1.75722272e-07
 -1.39417139e-07  1.35259210e-06  2.55258820e-07 -7.94261932e-08 -3.00363347e-06
  8.32792738e-08  4.69270075e-06  1.04791529e-07 -2.98049165e-07  1.45533963e-06
 -3.90622571e-08  4.54976041e-06 -4.97326263e-07  3.32199475e-07  3.60478575e-06
 -1.60581313e-09 -8.48150503e-07  2.21595231e-07  2.90228300e-07 -3.07384260e-06
 -1.30615127e-07  1.20028189e-05  1.00824128e-06 -6.68867199e-07 -2.99241934e-06
  3.58872442e-08  1.09654406e-05 -7.13173776e-07  1.08538475e-07  4.23058771e-06
  7.79154652e-08 -3.15857015e-06 -1.04466635e-06  9.28811734e-07  1.73691785e-06
 -3.73290942e-07  2.10946034e-06  2.57696455e-06 -4.67626182e-07 -3.65103743e-06
  9.55265730e-08  2.03237353e-05  9.56283871e-07 -1.13612788e-06  3.51434042e-07
 -1.70663338e-07 -1.08137740e-05 -2.61960252e-06  1.03903984e-06  2.48118099e-06
  1.68795648e-07 -3.79048669e-05  4.38497738e-08  7.32625830e-07 -1.30619489e-06
 -8.40914463e-07  3.68555647e-05  4.35438143e-06 -1.27446246e-06  2.01480587e-07
  4.27476736e-07  6.64371373e-06 -1.51896637e-06 -4.31185262e-07  7.91398247e-07
 -5.87501406e-07 -6.87255635e-05 -3.35579632e-06  9.07294153e-07 -9.34486435e-07
 -5.17752860e-08 -7.12124181e-05  3.24178599e-06 -4.10141526e-07  8.65482168e-07
 -7.66432904e-07  8.48638517e-05  6.58251650e-07 -4.74315562e-07  2.96466312e-07
  7.56942897e-07 -2.14195250e-05 -5.54472744e-06  2.42435331e-07 -2.82958921e-06
 -1.08350812e-06 -1.02378314e-04 -7.56696732e-07 -4.74462244e-07  3.93165186e-08
 -3.73034753e-07 -2.91378213e-06  4.16125773e-06  2.64486226e-07  2.49564458e-07
 -7.35317911e-07  9.05482879e-05 -3.66803601e-06  7.11659611e-08 -9.13636844e-07
  5.17417626e-07 -7.22345433e-05 -3.61947190e-06 -3.26824168e-07  3.40032596e-07
 -5.95612062e-07 -1.04960018e-04 -2.74946521e-06 -1.41950509e-07 -7.71263127e-07
 -6.99045711e-08  2.77593864e-04 -2.37125383e-06  7.81271648e-07 -1.75873177e-06
  5.95947292e-07 -5.25988595e-05  6.62185067e-07 -7.08210835e-07 -3.32033466e-07
 -0.00000000e+00  9.99164820e-05  1.80732029e-06  1.37907142e-06 -1.14938986e-06
 -5.95612062e-07  1.82141653e-05  2.91105408e-06 -3.13267670e-07  5.68630139e-07
  6.99045711e-08  5.87849484e-05  5.20949651e-06  9.15432384e-07  3.30340751e-06
 -7.35317911e-07 -3.82042581e-05  1.86432238e-06  1.47854472e-07  3.59586506e-07
 -5.17417626e-07  8.91342094e-06  3.04567917e-06 -3.08409963e-07  5.24161226e-06
 -1.08350812e-06 -6.53698776e-05  7.89849194e-07  5.44333639e-07 -6.88818160e-08
  3.73034753e-07  1.23384964e-04  2.36613092e-06 -6.75099127e-07  3.19260195e-06
 -7.66432904e-07 -9.89836234e-05  1.30002921e-06  4.96264539e-07 -3.73352908e-07
 -7.56942897e-07  1.33882963e-04  3.46464678e-06 -5.95572749e-07  2.60011565e-07
 -5.87501406e-07 -8.70789280e-05  1.76018133e-06  6.56825789e-07 -1.88099292e-07
  5.17752860e-08  9.51971176e-05  5.53633597e-06 -6.70611158e-07 -1.53730387e-06
 -8.40914463e-07 -5.12543082e-05  1.26363185e-06  9.49987633e-07 -5.92928273e-08
 -4.27476736e-07  5.43141911e-05  6.26488974e-06 -8.94154353e-07 -2.42352403e-06
 -1.70663338e-07 -9.53124458e-06  5.57070918e-07  1.40597918e-06  2.72934702e-07
 -1.68795648e-07  1.57407056e-05  5.37768625e-06 -1.12249238e-06 -3.71807841e-06
 -3.73290942e-07  1.92620136e-05 -1.31690236e-07  1.63313414e-06  1.12885917e-06
 -9.55265730e-08 -9.17264649e-06  3.12332805e-06 -1.04575050e-06 -5.65508336e-06
  3.58872442e-08  2.83168548e-05 -4.24113244e-07  1.46293501e-06  2.37443168e-06
 -7.79154652e-08 -1.53361056e-05  7.85418126e-07 -7.46910613e-07 -7.31973629e-06
 -1.60581313e-09  2.66229896e-05 -4.51446087e-07  9.61930931e-07  3.31122123e-06
  1.30615127e-07 -1.54636633e-05 -8.99372662e-07 -3.37970001e-07 -7.71028724e-06
  8.32792738e-08  1.64244868e-05 -2.97519423e-07  3.21476856e-07  3.35454323e-06
  3.90622571e-08 -9.51935038e-06 -1.63328366e-06  7.89732227e-09 -6.57754955e-06
  9.91322127e-08  4.49110443e-06 -1.41024336e-07 -2.29654541e-07  2.40304006e-06
  1.39417139e-07 -5.55944940e-06 -1.57237979e-06  1.93087281e-07 -4.32709749e-06
  5.25599483e-08 -3.30310707e-06 -8.23137728e-08 -5.64632187e-07  8.63468287e-07
  6.65445803e-08 -1.92647617e-06 -1.06019654e-06  2.16148697e-07 -1.99058388e-06
  6.48293156e-08 -7.17236543e-06 -1.16628017e-07 -6.71400021e-07 -5.78273223e-07
  5.53151630e-08 -1.33068752e-07 -4.52359983e-07  1.46569109e-07 -1.37474187e-07
  1.83186692e-08 -6.32012391e-06 -1.51435762e-07 -5.83947963e-07 -1.65779657e-06
  2.69541212e-08  8.89479083e-07  5.84084552e-08  3.96985093e-08  8.60816744e-07
  2.09642774e-08 -3.76006226e-06 -1.63165899e-07 -3.84739630e-07 -1.88614385e-06
 -2.03694189e-10  8.95343043e-07  3.07721663e-07 -3.13458008e-08  1.12463905e-06
  5.04057298e-09 -9.97398926e-07 -1.04961226e-07 -1.93732478e-07 -1.61412448e-06
  1.61915457e-10  8.91833656e-07  3.36863236e-07 -8.16466360e-08  9.64995608e-07
  3.26494512e-10  7.87281489e-07 -7.74747092e-08 -2.51795323e-08 -9.27111994e-07
 -9.04976144e-09  1.09406228e-06  2.66137559e-07 -8.28465806e-08  5.33468881e-07
  7.28993244e-10  2.05328892e-06  1.03219974e-08  4.92962349e-08 -3.14133190e-07
 -1.15597031e-09  1.05982537e-06  1.20868270e-07 -4.83721495e-08  1.86989853e-07
 -4.30504571e-09  1.56369900e-06  8.26286370e-08  9.50070925e-08  1.74451711e-07
 -8.57302898e-11  5.07253771e-07  5.64374266e-08 -1.83418315e-08 -3.94271940e-08
 -1.41532984e-09  9.84034477e-07  8.52193361e-08  7.28887205e-08  4.27425908e-07
  2.32356377e-09 -2.59362121e-07 -4.76757392e-08  9.16604308e-09 -1.35515761e-07
 -2.72281404e-09  1.68361355e-07  7.06006350e-08  4.99265617e-08  4.19316819e-07
  3.96774223e-09  1.05686639e-07 -2.76926951e-08  1.60966941e-08 -9.26673699e-08
 -1.25391847e-09 -2.15085254e-07  2.19057571e-08  2.89748180e-08  2.46522887e-07
  1.43674876e-09 -4.08781037e-07 -4.46826994e-08  2.60379001e-08 -1.11310687e-07
 -1.26990542e-10 -5.17743278e-07  2.16959878e-08  9.24422549e-09  1.49945834e-07
  1.51217500e-09 -2.52207397e-08 -7.86158464e-09  3.12216826e-08 -3.40087306e-08
 -9.46373280e-12 -4.52680647e-07 -1.30107310e-08 -2.58753249e-10 -2.39769634e-08
 -9.95876907e-10 -4.55861606e-07  2.63072318e-08  1.44768582e-08  9.64313143e-09
  1.32114370e-09 -2.78609542e-09 -2.58401037e-08  1.19615872e-08 -4.57720612e-08
 -1.66891001e-09 -1.56443290e-07  2.34434416e-08  1.43034459e-08  2.71887530e-08
  8.07980437e-10 -2.80495031e-07 -4.88174013e-09  6.70977024e-09 -7.21690868e-08
 -1.67327166e-09 -1.06920874e-07  7.55517454e-09  1.61641748e-09  5.25267083e-08
  1.09890129e-09 -7.95714555e-08 -2.74108946e-08  1.33411624e-08 -1.12542875e-08
 -2.49245218e-09 -3.21475619e-08  1.90885034e-08 -4.31913540e-10 -2.90441204e-08
  9.09743587e-10  4.73809164e-07 -9.90073373e-09  2.18211839e-09  2.31525534e-08
 -1.73576077e-09  1.34335771e-07 -4.37519618e-10  2.66509741e-09  1.48051936e-08
  6.31502425e-10  3.64503186e-07  7.71026238e-11  1.24519156e-08  1.30232688e-08
 -1.34197444e-09  1.27733628e-07  4.80302086e-09 -4.65660296e-09 -3.07733872e-08
  8.64712756e-10  3.93361092e-07  1.41716489e-08  5.24575409e-09  7.15897323e-08
 -6.06772902e-10 -5.75215861e-08 -4.30699235e-08  8.95443867e-09 -1.96511297e-08
  4.67554249e-11  5.78913670e-08  4.43133301e-08 -6.99952711e-09  5.49308295e-08
 -3.39370675e-10 -8.61801515e-09 -1.87039627e-08 -2.83948816e-09 -8.24959321e-09
  1.45749009e-10  3.13058555e-07  4.80005165e-09 -1.17040546e-08  6.74405030e-08
 -1.52752235e-10 -4.76604413e-07 -2.02901107e-08 -2.64814947e-10 -1.36751739e-08
  1.02162184e-10  4.46850215e-07  2.64594669e-08 -1.68917394e-08 -2.02741287e-08
  1.39907070e-10 -3.64462360e-08 -2.45826670e-08 -8.03694180e-09  6.57979880e-08
 -2.91059037e-11 -1.85868121e-07  1.88535805e-09 -5.53807346e-09 -6.00745761e-08
  8.38232548e-12 -2.64598979e-07 -2.70126271e-08 -9.61423053e-09 -1.31251905e-08
 -2.34198611e-10 -1.50886826e-07  1.23549911e-08 -1.78284975e-08 -4.79367766e-08
  2.01384919e-10 -1.03362754e-07 -3.32958841e-08  7.42169848e-10  2.62452839e-08
 -3.40275564e-10 -3.63117659e-07 -2.43262821e-09 -1.23575632e-08 -9.94792574e-08
  7.26465293e-11 -2.32322951e-07  1.57553576e-08 -1.13887979e-08  1.78879036e-09
 -2.56680536e-10  2.16521805e-07 -3.39608008e-08 -4.87257137e-09 -5.81946169e-08
 -1.38751962e-10 -3.79437187e-07 -5.79669531e-09  2.31855971e-09  7.17544869e-09
 -4.32788001e-10  1.20317992e-07 -8.14294568e-09 -1.84380657e-09 -9.12389321e-08
 -1.48403660e-10  5.52573867e-08  8.18650158e-10 -3.33775784e-09  3.82501542e-08
 -1.12929376e-10  6.27372076e-08 -3.12866567e-08  1.12700359e-08 -3.32072480e-08
 -3.93808556e-10 -3.02669778e-07 -1.48795452e-08  8.00373265e-09 -2.75029552e-08
  1.40955765e-10  1.72381316e-07  1.03823626e-08 -3.14086684e-09  1.86518546e-08
 -5.09162453e-10 -5.70185463e-08 -2.54607032e-08  1.56831829e-08  2.56056452e-08
 -1.22983800e-10 -1.88862062e-07 -9.86121995e-09  1.94704064e-10  4.11377129e-08
 -3.80051546e-10 -3.46106934e-07 -2.76762050e-09  2.86705196e-09  4.15404457e-08
 -8.46538512e-11  3.28055334e-07 -1.98011636e-08 -5.79849014e-09  2.54255333e-08
 -2.34274230e-10 -3.20702255e-08 -2.94007209e-08  1.27841066e-08  3.02172566e-08
  1.65931210e-10 -1.36371424e-08  1.14507358e-08 -6.51260990e-09  3.14399853e-08
 -3.62705045e-10  1.92931015e-07  4.02729914e-10  9.07526519e-09  6.91786531e-08
  2.34857606e-10 -9.74015920e-08 -4.56499781e-09 -3.38641290e-09 -1.12759840e-08
 -3.16701692e-10 -1.76951859e-07 -1.92733106e-08  1.89221103e-09  7.48634485e-08
  2.40026639e-10 -2.88906540e-07  7.64069368e-09 -3.54011271e-09  1.13224413e-08
  2.61268417e-10  4.34856446e-07 -1.06430436e-08  5.36993642e-09  3.14701591e-08
  5.05331772e-11 -1.76067293e-07  9.53079341e-09 -1.22377576e-08  5.36561977e-09
  3.02716013e-10 -7.82818435e-08  1.95850976e-08  2.17913073e-09  4.50306548e-08
 -1.53074692e-10  2.65778020e-07  3.36337529e-09  2.72035238e-09 -3.30041377e-08
  2.31570180e-10 -2.37252023e-07  2.73939609e-08 -5.65604819e-09  5.61664083e-08
  2.15261451e-11 -1.00089446e-07 -3.24297489e-09  6.50925950e-09  2.21556524e-09
  4.18125824e-10 -1.05326636e-07 -1.41124822e-08 -6.68725147e-09  1.92541272e-08
  2.17068884e-10 -2.94293040e-07 -2.21487466e-09  2.71856373e-09 -2.75680308e-08
  4.02277174e-10  4.89573421e-08 -4.68412552e-10 -3.99046948e-09 -6.75533618e-09
 -5.75714622e-11 -1.26535326e-07 -1.19102813e-08  4.42333471e-09  2.20422362e-08
  4.50951787e-10 -1.93677119e-07  4.84972417e-09  6.69153529e-10 -5.45200262e-08
 -2.71022059e-11  8.38770151e-08 -1.91482030e-08 -3.87937629e-09  5.61368619e-09
  5.95905671e-10  7.62460009e-08  5.83927925e-09  1.13526628e-09  5.97649107e-09
  2.02992868e-10  3.01171984e-07 -2.60282949e-08  7.72911381e-09 -9.68256111e-09
  3.53254583e-10  2.59343326e-07  1.18565533e-08  7.28487782e-10 -4.11023752e-08
  2.02525274e-10  2.27592941e-07  7.04580847e-09  6.48831908e-09 -3.10291435e-09
  2.93308029e-10  1.09294606e-07 -1.57688464e-08  1.62565238e-08  9.93895141e-09
  2.94976966e-10 -4.19721859e-07  3.21846590e-08  3.97699631e-09  4.55323932e-08
  1.46469152e-10 -1.14747630e-07 -6.35422628e-09  1.87872900e-09 -8.70356179e-09
  5.27715205e-10 -3.40132131e-07 -1.66959155e-08 -9.33517339e-09  8.10803081e-08
  7.67271552e-11 -2.91937452e-08 -8.48279924e-09  2.66779223e-09  2.92778640e-08
  3.46504423e-10  8.61477223e-08 -6.34473841e-09 -8.28545447e-09 -8.59290843e-09
  2.90040732e-10  5.64224714e-07  2.11512805e-08 -3.88525861e-09  1.32270587e-08
  3.03795071e-10 -5.57744559e-08 -4.95362822e-09  4.34410422e-09 -1.29728829e-08
  2.73443458e-10  2.20641535e-07  1.31986043e-08  6.50587737e-09  3.30339589e-08
  1.99023956e-10 -1.45558729e-07  2.85964539e-08 -1.18927387e-09 -2.52851500e-08
 -2.93995096e-12  3.61859977e-07  1.48683652e-08 -1.00443122e-09  3.64754183e-10
  3.11909727e-10 -3.19573060e-07  1.71121912e-09  4.30169242e-09  1.93145800e-08
 -2.32119053e-10  1.10623037e-07  3.85411188e-08 -2.47001162e-09  3.42372805e-08
  3.39288266e-10  6.40133647e-08  1.17341363e-08  6.47655780e-09 -5.40800817e-08
 -2.98607386e-11  1.07594884e-07  2.00780278e-08 -1.09256918e-08 -9.94076838e-09
  5.59521003e-11 -2.47596927e-07 -7.03544885e-09  1.31243962e-08  4.57544977e-08
 -8.12312989e-11  1.68415086e-07  2.95589899e-08 -3.55500401e-09 -4.37193521e-08
  5.19559547e-11  3.81601460e-07 -3.51065348e-09  2.02381902e-09 -2.63487921e-08
 -2.06225283e-10  1.39659452e-07  2.07955036e-08 -9.51885258e-09 -3.56339752e-08
  1.07432352e-10  2.25687562e-07 -1.93047374e-09  2.61073350e-08  9.42149805e-09
 -3.83545565e-10  2.23771937e-07  2.04217604e-08 -5.98663719e-11 -7.29782238e-08
  3.26639161e-10 -7.01853319e-08  3.08808624e-08  4.53626339e-09  4.79795041e-08
 -4.67342683e-10  6.54283194e-09 -3.13603479e-08  2.07588119e-09 -5.53192478e-08
  2.50245724e-10 -2.93856985e-07  6.42348014e-09  1.89741607e-09  7.90177417e-08
 -3.57342459e-10  3.18416991e-07  2.49118099e-08 -7.31957903e-09 -5.19391414e-08
  2.83226243e-10  4.47140374e-07 -7.03542893e-09 -5.09555086e-09  1.17037967e-08
  1.86731780e-12  2.12120557e-07 -4.15332305e-09 -1.44740158e-09 -3.35539282e-08
  2.16616286e-10  6.00750057e-08  3.20476354e-08  4.38471236e-09  3.32527532e-09
  2.28636178e-10  5.21320339e-07  1.38795790e-08 -4.26580445e-09 -7.44373750e-09
 -1.53126562e-10 -7.63295371e-08  2.07351064e-08 -4.59867742e-09 -2.24900479e-08
  2.89717535e-10 -2.10858348e-07 -4.62235405e-09 -4.62144802e-09 -4.19121854e-08
 -2.22967313e-10  1.05717523e-07  2.91642810e-08 -3.85219931e-09  6.55895349e-09
  1.37746816e-10  3.58221741e-08  2.07251518e-08 -7.84723653e-09 -1.08933999e-08
 -2.02367323e-10 -4.09729900e-08 -3.57763417e-09 -5.22242933e-09 -3.89592192e-08
 -3.54441433e-11 -2.66709613e-07 -3.60254545e-09 -1.99132599e-08 -4.72389624e-09
 -5.20288741e-10 -5.23475770e-08 -1.43619696e-08  2.16207504e-09 -5.08664325e-08
  1.62577007e-10  3.49167359e-07 -8.95426803e-09 -1.02212580e-08 -6.69452184e-08
 -5.79074662e-10 -2.43523785e-07  8.95770620e-09 -4.93255597e-09 -5.85086184e-08
  2.31868670e-10  1.06189306e-08  6.21781843e-11  1.89388990e-09 -6.94729674e-08
 -6.71404909e-10 -1.88274674e-07  2.33319772e-09 -2.05097519e-09  4.50994623e-09
  3.95246578e-11 -3.12682762e-07  1.65432460e-08 -4.89507099e-09 -2.76276103e-08
 -4.81707370e-10 -2.20906709e-07 -2.09629084e-08 -1.15237284e-09 -5.93435344e-08
 -2.20888957e-10 -1.60905768e-07 -4.54818118e-09 -4.85418513e-09 -4.76938343e-09
 -2.64290946e-10 -4.67482347e-07 -1.22845007e-08  6.10029299e-09  4.09765706e-09
 -2.30220520e-10  4.18545958e-08 -4.60526557e-10  2.89248491e-09 -4.74386055e-08
 -8.25564697e-11 -4.58536404e-07 -2.30761015e-08 -8.42053620e-09  1.54837745e-09
 -3.06056904e-10 -1.37285329e-07  5.57787108e-09  2.98434263e-09  1.48004323e-08
  1.47682053e-10 -1.33111117e-07 -3.58362133e-08  7.40860836e-09 -2.67703742e-08
  6.28649074e-11  4.51569178e-08  3.06763446e-08  2.52579409e-09 -2.87807615e-08
  1.72633118e-10 -2.99219899e-08 -1.73738649e-08  6.63008882e-09  1.04121363e-09
  4.63715801e-10 -2.32651860e-07  1.39622161e-09  1.73233151e-08  1.88952700e-08
  4.16314299e-11 -1.05418647e-07 -4.47294499e-09  7.61610408e-09  3.22201742e-08
  4.18596458e-10 -2.92427227e-07  2.30090593e-08  2.63968075e-09  1.29606896e-09
  2.46534027e-11  2.08811989e-07 -4.35621768e-08  8.64940766e-09  4.59677476e-08
  2.36647026e-10 -3.31924615e-07 -2.38449957e-09  1.09426058e-08  2.30461268e-08
  1.68135279e-10  9.27244005e-08 -2.97119059e-09  1.09751283e-08  4.50679272e-08
  2.37365324e-10  2.50101530e-07 -1.80204877e-08  4.91384279e-09  1.34092209e-08
  4.81713145e-11 -3.78407856e-07 -2.01289006e-08  4.67491374e-09  6.39998950e-08
  3.01045732e-10  3.18245105e-08 -1.49888595e-08  1.62258370e-08 -3.27381907e-08
 -5.35626461e-11  2.71619782e-07  7.30967313e-09 -7.60176294e-09  1.12177993e-07
  4.26695913e-10  2.82465861e-07  8.50873021e-09  1.24050408e-08  2.23145182e-08
 -5.78034894e-11  3.37808049e-07 -8.28675540e-09  6.44053045e-11 -1.79724201e-09
  4.03041898e-10  2.01359837e-07  1.97661221e-08  3.20329942e-09  6.07892135e-08
  1.61291183e-11  6.01290703e-07  1.69269552e-08  7.52001261e-09  7.49190011e-08
  2.91998118e-10  5.01965171e-07 -1.42840067e-08  6.88805967e-09  1.00998660e-08
 -1.14292732e-10  1.01825430e-07  4.04263599e-08 -9.88733593e-09  8.92814348e-09
  5.16159064e-11  5.82154724e-07  4.54859172e-11 -6.14767526e-10  7.01453332e-08
  2.50856797e-10  1.10521194e-07  3.61550199e-08  7.75577890e-09  1.92703839e-08
 -6.43417378e-11  3.27551572e-07  5.74674224e-09 -1.05011417e-08 -8.51434971e-09
  3.35633648e-10 -2.45721281e-07  4.43997415e-08 -1.47679873e-08  3.32513747e-08
  8.12340304e-11  4.58207273e-07 -1.47022350e-08 -6.10127431e-09  1.75356498e-08
  2.08869299e-10 -3.35236074e-07  3.58226138e-08 -6.51800367e-09 -5.45245461e-08
  4.89463792e-10  2.14172729e-07  4.99704616e-08 -2.41733644e-08 -1.23762537e-08
  5.04330743e-11  1.48799189e-07  3.62145399e-09  5.81475466e-10 -3.71120226e-08
  5.16583579e-10 -7.02004748e-08  1.25558243e-08 -1.33913186e-08 -2.54254969e-08
 -1.79602008e-12 -1.02573137e-07  2.44153623e-08 -2.64896370e-09 -8.62247427e-08
  2.34586407e-10  3.96755383e-07  2.95925243e-08 -2.20680465e-08 -3.97904211e-08
 -1.65659140e-11 -1.69472955e-07 -1.19430980e-08  1.46757428e-08 -8.10511166e-08
  5.23319798e-11 -6.51517016e-08  1.98114039e-08 -1.31942684e-08 -6.14205513e-08
  2.67835037e-11 -1.42104789e-07  1.21427816e-08  2.54024751e-09 -3.26939892e-08
 -1.90524275e-10  3.94843160e-07 -6.85229369e-10 -7.83213955e-09 -1.14013075e-07
  1.01782287e-10 -4.43757909e-07 -1.04965793e-08  3.82609929e-09 -2.80885867e-08
 -3.18511835e-10  9.23406716e-09  4.09152997e-08 -5.62154563e-09 -4.60586293e-08
  2.12403994e-10  2.53534191e-07 -1.16139854e-08  9.26839780e-09 -4.58839663e-08
 -1.96145520e-10 -1.86795939e-07  1.39242512e-08 -3.31005910e-09 -1.10743021e-07
  2.66396474e-10 -1.77708686e-07 -8.21667621e-09  6.41033915e-09  3.70252784e-08
 -1.89658009e-10 -6.00113885e-08  1.08353718e-08  5.67571336e-09 -2.17391307e-08
  4.19917793e-10 -5.88416452e-08 -1.58799499e-08  5.67567840e-09 -3.07297092e-08
 -5.08962560e-10 -1.64796577e-07 -3.45562891e-09 -6.92244320e-09 -5.51015353e-08
  6.25145981e-10 -3.34789499e-07 -2.56008165e-08  8.18802467e-09  6.46284732e-08
 -5.98180969e-10  3.23754319e-07 -1.72306317e-08  1.49636065e-08 -5.26675540e-08
  7.81291704e-10 -4.94309553e-07  1.38467181e-08 -1.14422186e-08  8.02732909e-09
 -5.99029278e-10  2.26892817e-07  2.20334260e-09  5.03122234e-09 -2.64792795e-09
