 -2.95774142e-09  4.48834589e-08  5.12863935e-08 -4.16804947e-09  1.17338625e-07  3.36112520e-08
 -1.58076157e-08  1.16155576e-07 -5.70861544e-08  5.20482375e-08  7.25401437e-08 -1.67712438e-08
 -8.61723094e-08  2.98187819e-08  8.97097940e-08 -2.07654394e-08  1.05148070e-07  3.67965943e-08
  3.73013719e-08  1.09528384e-07 -4.71732101e-08  2.98522617e-08  6.82968688e-08 -2.73430127e-08
 -8.28364507e-08  4.65776366e-08  6.93260374e-08 -2.25283588e-08  9.77862268e-08  4.08484507e-08
  4.59651008e-08  1.36627913e-07 -3.69967157e-08  8.74279804e-09  3.54910145e-08 -3.52958638e-08
 -7.98234732e-10  3.12210032e-08  8.35767358e-08 -5.26780243e-08  8.66983990e-08  4.27151493e-08
  3.57578595e-08  1.56614941e-07 -1.43236804e-08 -1.24179508e-08  2.95259428e-08 -4.07990551e-08
 -5.44430287e-08  3.50747856e-08  8.21545128e-08 -4.80344185e-08  7.22498066e-08  4.28699029e-08
  5.47446936e-08  1.02238050e-07  6.73776130e-09 -2.58821678e-08  1.77965138e-09 -4.38174669e-08
  1.81939869e-08  2.56346490e-08  1.03050819e-07 -7.27305819e-08  6.24189010e-08  3.98759243e-08
 -9.61868447e-09  1.03857671e-07 -1.14512549e-08 -4.13391342e-08  4.97587531e-09 -4.41377290e-08
  4.20576841e-09  3.95512047e-08  1.02595999e-07 -5.47159108e-08  4.44167666e-08  3.38641319e-08
  2.33045801e-08  1.39114238e-07  6.33505127e-09 -6.16555141e-08 -8.80543397e-09 -4.27556064e-08
  1.64055234e-09  5.84993536e-08  1.45562571e-07 -6.77584417e-08  3.21668159e-08  2.57913667e-08
 -5.11318179e-08  9.85222087e-08 -2.82483081e-08 -5.84629028e-08  6.48990404e-09 -4.04415852e-08
 -2.26703906e-08  5.53165479e-08  1.58575602e-07 -2.36184981e-08  1.09573573e-08  1.57235795e-08
 -1.07239904e-08  1.31883723e-07 -2.17392884e-08 -7.78673608e-08  9.06081529e-09 -3.68651429e-08
  6.14426180e-08  7.72117258e-08  1.70698906e-07 -3.64403444e-08 -4.62457921e-10  6.50859013e-09
 -1.33134557e-07  6.52217753e-08 -3.67651380e-08 -6.24398123e-08  2.79599679e-08 -3.36034483e-08
  5.50182804e-08  5.34037739e-08  1.68915433e-07  1.57565859e-08 -1.92900854e-08 -2.46509970e-09
 -7.91230642e-08  8.56452165e-08 -3.93476692e-08 -9.50093553e-08  3.77405995e-08 -2.93662073e-08
  2.57407256e-08  1.33387566e-08  1.91754572e-07 -9.36497751e-09 -3.06758546e-08 -7.84693205e-09
 -1.17699706e-07 -2.61687818e-08 -5.69063477e-08 -5.88559679e-08  4.77791717e-08 -2.59091688e-08
  3.66388090e-09  4.18247232e-08  1.74080751e-07  2.17349924e-08 -3.76300960e-08 -1.06231926e-08
 -1.03986072e-07  1.87736242e-08 -5.01523601e-08 -1.28689428e-07  5.00349139e-08 -2.01359451e-08
  3.94031384e-08 -3.88495545e-08  1.68105062e-07 -6.74780218e-09 -4.66872650e-08 -8.92269504e-09
 -1.41559959e-07  7.64973763e-10 -8.24417537e-08 -8.37279902e-08  4.42093425e-08 -1.49268178e-08
  1.22829798e-08 -5.21479554e-08  1.71833552e-07 -1.29386776e-09 -4.45177664e-08 -4.02446542e-09
 -1.00265816e-07 -5.95444774e-08 -7.47492653e-08 -1.72432286e-07  3.32255747e-08 -7.60152127e-09
  1.30347959e-08 -1.08286869e-07  1.13715068e-07 -1.91748985e-08 -5.22500532e-08  3.18973220e-09
 -1.19156651e-07 -5.24688280e-08 -8.05974001e-08 -1.16805778e-07  1.80754241e-08 -2.78838222e-10
  8.77425683e-08 -1.33139220e-07  8.33434290e-08 -3.98815109e-08 -4.40973697e-08  1.08096334e-08
 -1.32790392e-07 -5.39717787e-08 -6.47238644e-08 -2.23847755e-07  2.26124306e-09  6.49908058e-09
 -1.75025280e-08 -1.75255175e-07  4.48483675e-08 -3.02663072e-08 -5.93221533e-08  1.67989849e-08
 -1.24384543e-07 -9.03579196e-08 -5.39344012e-08 -1.36160602e-07 -5.88067876e-09  1.19863720e-08
  8.80090460e-08 -2.00431576e-07  4.20416235e-09 -8.25054585e-08 -5.31083313e-08  1.95218211e-08
 -2.23683421e-07 -1.70586229e-08 -2.88041223e-08 -2.47233790e-07 -1.66439357e-08  1.50104610e-08
  3.45153283e-08 -2.32166503e-07 -2.97275976e-08 -3.88616722e-08 -7.54329849e-08  1.87627938e-08
 -1.50699631e-07 -6.55612931e-08  1.12201258e-08 -1.36334126e-07 -1.02074907e-08  1.66041145e-08
  4.56767018e-08 -2.65843867e-07 -3.88388648e-08 -1.13336518e-07 -8.12040780e-08  1.37576956e-08
 -1.68673357e-07 -4.95448516e-08  3.53099154e-08 -2.18147399e-07 -1.17206551e-08  1.53416037e-08
  1.66535600e-07 -2.48883274e-07 -9.28837642e-08 -3.04585630e-08 -1.06107169e-07  7.42908453e-09
 -1.74534246e-07 -6.14809424e-08  1.05938781e-07 -9.55414551e-08  4.43135167e-09  1.44452759e-08
  1.19347807e-07 -3.11720584e-07 -5.85512653e-08 -1.20886408e-07 -1.20468999e-07 -9.77771372e-10
 -1.24902021e-07 -6.58800411e-08  1.11631353e-07 -1.40098169e-07  1.01784637e-08  1.21244247e-08
  7.09198553e-08 -3.41697880e-07 -9.72705653e-08 -6.29660861e-11 -1.38041869e-07 -7.26892283e-09
 -8.83135396e-08 -1.19674401e-07  1.99948310e-07 -2.45888029e-08  2.67915229e-08  1.14451369e-08
  4.69781100e-08 -3.41547907e-07 -4.89330557e-08 -9.90208591e-08 -1.46152632e-07 -1.25508139e-08
 -6.68352812e-08 -6.05196637e-08  1.99609626e-07 -4.37589521e-08  3.63286153e-08  1.17553246e-08
  2.00175609e-08 -3.69464534e-07 -9.52955234e-08  4.87413981e-08 -1.45041326e-07 -1.43191754e-08
 -5.47358050e-08 -1.41494519e-07  3.15791356e-07  3.56114587e-08  4.45241457e-08  1.48429831e-08
  7.11277268e-08 -3.46971928e-07 -4.40527234e-08 -3.63335103e-08 -1.36219931e-07 -1.31817472e-08
  5.16710510e-09 -1.24411281e-07  2.54641077e-07  4.15341345e-08  5.50178198e-08  2.08599217e-08
 -3.14637357e-08 -3.34276913e-07 -9.52398344e-08  1.03623991e-07 -1.15264309e-07 -9.93165182e-09
  1.39207205e-08 -2.45549963e-07  4.39456591e-07  6.80928786e-08  4.97517388e-08  2.99006766e-08
  9.29745957e-09 -2.59683254e-07 -1.00496113e-07  5.38726100e-08 -8.70603142e-08 -3.79893590e-09
  5.77976400e-08 -1.55454265e-07  3.08543672e-07  7.93175856e-08  5.84095765e-08  4.02617510e-08
 -9.81276069e-08 -2.30132671e-07 -9.46359909e-08  1.65802644e-07 -5.84136969e-08  1.65089165e-09
  8.23771810e-09 -2.11125077e-07  5.54765720e-07  7.19884331e-08  4.16595346e-08  5.03150396e-08
 -2.76903379e-08 -1.58023473e-07 -1.75952592e-07  1.70530952e-07 -2.06976245e-08  8.85177468e-09
  1.56006254e-08 -1.15433558e-07  3.32842661e-07  7.91420248e-08  4.27860901e-08  5.74632520e-08
 -7.18698699e-08 -1.28598822e-07 -9.52207884e-08  2.36359967e-07  3.71523435e-09  1.36536916e-08
 -1.76615538e-08 -1.39841860e-07  6.22062684e-07  6.94760107e-08  1.81094405e-08  6.09227382e-08
 -6.54379228e-09 -3.66758018e-08 -3.07391338e-07  2.96201666e-07  3.32942803e-08  1.87709012e-08
 -7.89786525e-08 -9.51938614e-08  3.18942154e-07  6.46195570e-08  8.67563211e-09  5.87495123e-08
  1.33410665e-08 -8.22863227e-09 -9.59555617e-08  3.23151317e-07  4.49496618e-08  2.17939017e-08
 -1.17849200e-07 -4.27175951e-08  5.89296282e-07  9.53287458e-08 -1.79264909e-08  5.22024002e-08
  8.00160755e-08  3.50588911e-08 -4.30907409e-07  4.08000571e-07  5.53106466e-08  2.38402454e-08
 -1.82923963e-07 -4.75552921e-09  2.31513491e-07  6.55566281e-08 -4.06915638e-08  4.11466281e-08
  3.16169290e-08  3.87936498e-08 -5.72949944e-09  4.04223039e-07  5.91284868e-08  2.46374926e-08
 -1.45876732e-07  5.21740558e-08  4.62146300e-07  1.51554706e-07 -6.95738897e-08  2.69899875e-08
  5.77135243e-08  3.78423339e-08 -5.07431908e-07  4.73797802e-07  5.22126326e-08  2.33627884e-08
 -1.72732429e-07  9.55487496e-08  1.26505069e-07  8.79850866e-08 -1.04385781e-07  1.24298804e-08
 -5.45041289e-08  1.11458462e-09  1.44703345e-07  4.58427552e-07  5.81634150e-08  2.15907660e-08
 -1.12753512e-07  9.98102238e-08  2.67860409e-07  2.23432619e-07 -1.39996443e-07 -2.48411056e-09
 -4.08152744e-08 -4.98350003e-08 -5.34075800e-07  4.69570427e-07  4.60255323e-08  1.76212835e-08
 -8.09321668e-08  9.92086569e-08  3.83035285e-08  1.42233603e-07 -1.83409912e-07 -1.29130951e-08
 -1.30327714e-07 -1.31796817e-07  3.21204690e-07  4.45159799e-07  6.26764104e-08  1.25786891e-08
 -6.40531927e-08  8.53458339e-08  4.12759478e-08  2.78137779e-07 -2.23609867e-07 -2.14658613e-08
 -1.55377081e-07 -1.61220352e-07 -4.82968026e-07  3.89122805e-07  5.89944794e-08  5.76002263e-09
 -2.65663014e-08 -4.28168769e-09  2.70502007e-08  1.98117680e-07 -2.62391567e-07 -2.45376420e-08
 -1.46321593e-07 -2.16703230e-07  4.86400008e-07  3.49973915e-07  8.45521938e-08 -3.40558455e-09
 -7.72659683e-08  9.18793830e-08 -1.50214935e-07  2.75654905e-07 -2.97157842e-07 -2.53073984e-08
 -3.91893199e-08 -2.45652934e-07 -3.74053160e-07  2.64622975e-07  9.69988815e-08 -1.52573211e-08
  2.94754309e-08 -4.48224607e-08  1.10510833e-07  2.17454372e-07 -3.20015809e-07 -2.36316118e-08
 -1.22149972e-07 -1.99687283e-07  5.67118382e-07  1.93312510e-07  1.20885250e-07 -2.97524884e-08
 -1.11910603e-07  1.49922704e-07 -2.48831250e-07  2.12458480e-07 -3.36199549e-07 -2.04246644e-08
 -2.61483024e-09 -2.46863475e-07 -2.44639568e-07  1.30394596e-07  1.45580600e-07 -4.73934624e-08
 -8.24590325e-08 -6.02937999e-08  3.03294136e-07  1.84989644e-07 -3.38389210e-07 -1.90020393e-08
 -7.17409106e-08 -1.32696244e-07  4.63929317e-07  3.13497040e-08  1.59408626e-07 -6.50996866e-08
 -1.07465797e-07  3.12636314e-07 -2.34643954e-07  9.87344992e-08 -3.21190557e-07 -1.78439448e-08
  3.36880191e-08 -3.15369537e-07 -1.21695963e-07  3.21280257e-08  1.80056196e-07 -8.37202836e-08
 -7.62949278e-08 -5.86243260e-08  4.77180471e-07  9.76576089e-08 -3.03555466e-07 -2.13977788e-08
 -7.74103661e-08  5.29404316e-08  2.90447079e-07 -8.57963643e-08  1.79359069e-07 -9.91247992e-08
 -8.67281923e-08  3.12629938e-07 -9.66916520e-08 -2.63183165e-08 -2.53431725e-07 -2.62732475e-08
  8.66354354e-08 -4.64517980e-07 -3.50698332e-08  1.42302347e-09  1.81983542e-07 -1.12299846e-07
 -2.21993765e-08 -2.88820409e-08  5.08394107e-07 -3.79551093e-08 -2.15986308e-07 -3.44254632e-08
 -1.74934080e-07  2.15301548e-07  1.51524460e-07 -9.00569571e-08  1.62581094e-07 -1.20664262e-07
  1.83995002e-08  2.27923659e-07  8.05605134e-08 -1.22361873e-07 -1.51328241e-07 -4.38520005e-08
 -1.22503111e-07 -6.81489298e-07  6.80105739e-08  3.28169795e-08  1.40220559e-07 -1.23147097e-07
  1.73634482e-08 -1.95021233e-09  3.94877447e-07 -1.38471170e-07 -1.03529815e-07 -5.29290504e-08
 -1.35387024e-07  4.72221701e-07  9.76843707e-08  1.76057703e-08  1.07157510e-07 -1.21804670e-07
  7.84916369e-09  1.55585998e-07  2.87847465e-07 -1.64686561e-07 -4.89424667e-08 -6.17633268e-08
 -1.19999930e-07 -9.65038754e-07  8.96577879e-08  1.08096743e-07  6.40387585e-08 -1.11661357e-07
  6.73616504e-08  1.07763742e-07  1.63158603e-07 -1.56256500e-07 -1.01410959e-09 -6.86186912e-08
 -1.14777560e-09  8.29676230e-07  1.65693885e-07  1.68699418e-07  1.77471568e-08 -9.84098893e-08
 -4.44904277e-08 -1.30477572e-07  4.73165202e-07 -1.45286085e-07  1.92951461e-08 -7.20990448e-08
  1.02726986e-07 -1.16754592e-06 -2.04423278e-08  1.77087049e-07 -2.50543951e-08 -7.87595517e-08
 -1.62187239e-08  4.47838343e-07 -1.77855356e-08 -1.11529830e-07  4.95280376e-08 -7.19581490e-08
  1.24455027e-07  1.16760951e-06  2.96309265e-07  2.93379004e-07 -7.46645641e-08 -5.66617446e-08
 -3.53684020e-08 -4.86172240e-07  5.60352167e-07 -1.20473946e-07  3.34956334e-08 -6.73380098e-08
  1.08196807e-07 -1.30878593e-06 -1.17606664e-07  2.24873998e-07 -1.00596452e-07 -3.39599124e-08
 -2.09458095e-08  9.90132705e-07 -6.88592154e-08 -4.68624087e-08  2.75196022e-08 -5.75731427e-08
  7.52245199e-08  1.38808504e-06  3.92019541e-07  3.29625142e-07 -1.25072576e-07 -1.07189037e-08
  6.65638608e-08 -1.02707515e-06  5.18934829e-07 -1.12434403e-07 -8.49028280e-09 -4.46904395e-08
  4.79924350e-08 -1.32850571e-06 -1.62801242e-07  2.56097347e-07 -1.30637625e-07  7.46833242e-09
  7.64618701e-09  1.61528646e-06 -2.22852526e-08 -1.98540009e-08 -4.56213442e-08 -2.67863107e-08
  4.79038458e-08  1.29128309e-06  3.76486272e-07  2.95594290e-07 -1.17200510e-07  2.27456478e-08
  1.04823515e-07 -1.91333582e-06  3.30610435e-07 -8.68978677e-08 -8.33395285e-08 -8.36914277e-09
  1.76589006e-07 -1.10176538e-06 -6.44787717e-08  2.71695265e-07 -1.11693186e-07  3.02863145e-08
 -2.63169643e-08  2.18009891e-06  4.78821251e-08 -5.85921389e-08 -1.29890690e-07  1.26680192e-08
  2.64784417e-07  8.37291974e-07  2.13537120e-07  2.55593684e-07 -7.39533019e-08  3.13295461e-08
  1.18002719e-07 -2.70492953e-06  9.49316949e-08 -5.78000382e-08 -1.58021232e-07  3.17346979e-08
  1.41091848e-07 -4.96457039e-07  2.01496991e-07  2.60413266e-07 -6.69348253e-08  2.61079491e-08
 -9.23730923e-08  2.60151573e-06  5.43186065e-08 -1.35240522e-07 -1.88198017e-07  4.65785390e-08
  3.20209842e-07  1.86071226e-07 -7.62745489e-08  2.35256153e-07 -3.38646133e-08  1.45591857e-08
  6.51806356e-08 -2.97222463e-06 -2.73944604e-08 -4.90011697e-08 -2.01427797e-07  5.81542253e-08
 -1.02966873e-07  2.42092662e-07  3.73876343e-07  2.09213811e-07 -2.32041996e-08 -3.90299002e-10
 -1.35554631e-08  2.71483138e-06 -4.58646285e-08 -1.87410674e-07 -2.08254584e-07  5.98250162e-08
  2.89222426e-07 -4.72013838e-07 -3.74871935e-07  1.96065305e-07 -2.25472459e-08 -1.77707870e-08
 -2.75383522e-08 -2.75813251e-06  4.70556350e-08 -7.61964519e-08 -2.06928490e-07  5.75840650e-08
 -2.65845082e-07  8.01999551e-07  2.93196444e-07  1.34501011e-07 -1.03577902e-08 -3.55305260e-08
  8.02548339e-08  2.11183676e-06 -1.70067383e-07 -1.73888894e-07 -2.05513110e-07  4.77098608e-08
  5.89066022e-07 -8.58992397e-07 -4.72734465e-07  1.02962287e-07 -3.78805636e-08 -5.13004092e-08
 -1.64793296e-07 -2.05078193e-06  1.34949369e-07 -1.43468201e-07 -1.92473291e-07  3.35216301e-08
 -4.05317007e-07  8.39229854e-07  6.90799797e-08  7.06555943e-08 -3.86544396e-08 -6.31204793e-08
  3.44775311e-07  1.01061330e-06 -1.92910946e-07 -1.05978985e-07 -1.92659867e-07  1.90549633e-08
  8.15408097e-07 -5.76840105e-07 -2.47748483e-07 -2.24166474e-08 -6.55887762e-08 -7.19345606e-08
 -4.43775170e-07 -9.10825275e-07  4.41720384e-08 -1.54642273e-07 -1.74848749e-07  2.79608668e-09
 -8.35131781e-07  1.84078813e-07 -1.76246895e-07  3.70147308e-08 -8.33420083e-08 -7.48191370e-08
  8.51807650e-07  1.84151923e-08 -1.50948606e-09 -1.22280000e-08 -1.61606586e-07 -7.58784102e-09
  8.79444800e-07  4.01383384e-07 -1.96188661e-08 -8.82620351e-08 -9.39972090e-08 -7.59227456e-08
 -1.19450733e-06  1.20766799e-07 -2.27055204e-07 -3.51437541e-08 -1.48897962e-07 -1.49778178e-08
 -9.93107076e-07 -1.01966262e-06 -3.41994628e-07 -9.34268546e-09 -1.14145327e-07 -7.47399524e-08
  1.73493634e-06 -6.02695346e-07  3.06018887e-07  8.33659987e-08 -1.09040682e-07 -1.59244185e-08
  9.66718001e-07  1.68052919e-06 -7.73926349e-08 -5.82967192e-08 -1.09178060e-07 -7.11924918e-08
 -2.49169139e-06  3.66228160e-07 -4.23622333e-07  1.10037254e-07 -9.68767743e-08 -1.07127962e-08
 -8.30806496e-07 -2.09174783e-06 -3.05510632e-07 -8.37897852e-08 -1.07187875e-07 -7.01094290e-08
  3.27761052e-06 -5.84240395e-07  3.86926044e-07  1.30951786e-07 -4.83469201e-08 -2.49915144e-09
  2.68923343e-07  2.44055850e-06 -2.09622611e-07  1.28491369e-08 -8.46697206e-08 -6.50477210e-08
 -4.35400659e-06  1.80494624e-08 -2.97919902e-07  1.44060379e-07 -2.40769657e-08  1.03355692e-08
 -3.78349005e-08 -2.17848963e-06 -1.65024183e-07 -1.17797194e-07 -5.09878695e-08 -6.15908575e-08
  5.15884093e-06  1.01754955e-07  8.94777898e-08  1.41615707e-07 -2.79810194e-09  2.33285609e-08
 -1.19506988e-06  1.78227774e-06 -1.48907732e-07  3.96527665e-08 -8.93732396e-09 -5.61358842e-08
 -6.28929828e-06 -3.91776576e-07  7.79534148e-08  1.27150128e-07  3.65637337e-08  3.59972815e-08
  2.18037804e-06 -9.94085842e-07 -2.55682394e-07 -5.21583025e-08  3.07809757e-08 -4.56654707e-08
  7.19025974e-06  3.58586282e-07 -3.11773109e-07  1.61383548e-07  2.78655366e-08  4.59117262e-08
 -3.74128516e-06  1.46593176e-07  6.63559597e-09 -1.76924149e-08  6.77904732e-08 -3.71089610e-08
 -7.98581440e-06 -1.56613565e-07  3.44336114e-07  1.77442957e-07  5.57288944e-08  5.14437443e-08
  5.24081794e-06  6.03927676e-07 -4.13039446e-07  5.15295084e-08  8.74795787e-08 -2.25535939e-08
  8.62605771e-06 -3.45527140e-07 -4.50134872e-07  1.52682850e-07  5.15399308e-08  5.04072424e-08
 -7.30278802e-06 -1.28302194e-06  6.44491119e-08 -7.77802603e-08  8.98460267e-08 -8.92253867e-09
 -8.66535603e-06  1.16219067e-06  1.95698620e-07  2.28616772e-07  3.72906024e-08  4.29815638e-08
  8.70433320e-06  1.41567141e-06 -1.54657263e-07  4.60477763e-08  1.02691622e-07  2.74239236e-09
  8.33916959e-06 -1.47340659e-06 -1.35622667e-07  1.14388836e-07  4.72770889e-08  3.02253917e-08
 -1.02486887e-05 -1.40308886e-06 -2.14340682e-07 -4.49263057e-08  8.74287952e-08  1.64093638e-08
 -7.17850325e-06  2.05461567e-06 -1.57738999e-07  1.85827465e-07  1.62332070e-08  1.17923206e-08
  1.08301433e-05  9.46041421e-07  3.04874598e-07 -5.21583697e-08  1.02545660e-07  2.38092666e-08
  5.86194231e-06 -1.62575899e-06  1.89526392e-07  1.73794541e-07  1.31531073e-08 -4.14057124e-09
 -1.08464497e-05 -3.58301829e-07 -4.96684527e-07 -1.40367943e-08  1.11508437e-07  2.94256449e-08
 -4.01507527e-06  1.09769899e-06 -2.06677496e-07  9.56678598e-08  5.79640154e-09 -1.91462367e-08
  9.15382130e-06  3.06381392e-08  4.13312590e-07 -9.43527408e-08  9.86625325e-08  3.14433193e-08
  2.14365303e-06  3.24325060e-07  1.30062340e-07  2.40608402e-07 -8.06671588e-09 -2.92934855e-08
 -6.87615007e-06  2.31474086e-07 -8.87488871e-08 -5.08635544e-08  1.25796655e-07  2.72864939e-08
 -8.17743588e-07 -1.20027258e-06  1.71795178e-08  5.57113974e-08  1.75671413e-09 -3.05850853e-08
  2.97390797e-06  1.49887851e-07 -8.98737232e-08 -5.82143022e-08  1.01982340e-07  2.19197027e-08
 -2.51883437e-07  2.45717234e-06  2.66135760e-08  1.13128136e-07  3.75591348e-09 -3.32465554e-08
  7.79050282e-07 -2.05575875e-07  5.64230351e-07 -4.55459673e-08  1.02326400e-07  1.36695305e-08
 -6.63872754e-07 -2.28994874e-06 -2.10267321e-08  1.35859135e-07  1.32105177e-08 -3.11779543e-08
 -5.51126292e-06  6.14203818e-07 -4.34306118e-07 -4.31662290e-08  1.23698927e-07  5.18364749e-09
  1.03252859e-06  1.93582540e-06  1.16809152e-07 -4.57829507e-08  2.49958321e-08 -2.90685258e-08
  7.50658252e-06 -9.58082182e-08  4.73665025e-07  1.42982327e-08  9.02997020e-08 -1.56250088e-09
 -4.37185807e-06 -1.59112959e-07 -1.69306037e-07  1.28007252e-07  4.03872749e-08 -3.27315291e-08
 -9.30804282e-06 -4.72193022e-07  1.99318828e-07 -4.11395379e-09  1.08317004e-07 -5.52181412e-09
  4.13269401e-06 -8.79006821e-07 -5.22872114e-08 -1.33849592e-08  4.27591052e-08 -3.03166107e-08
  7.15065293e-06  1.48169392e-06 -1.87934233e-07 -1.69702766e-08  9.72622169e-08 -6.47675095e-09
 -7.36281508e-06  2.21600548e-06  1.38132196e-07 -8.10623834e-08  4.48234424e-08 -3.08540752e-08
 -4.86256133e-06 -1.95325308e-06  7.02204177e-07  9.31762298e-08  5.61670786e-08 -4.89801552e-09
  3.53892931e-06 -1.75751119e-06 -5.30140924e-07  6.18706034e-08  5.34795171e-08 -3.36594304e-08
  3.02647318e-07  9.86307533e-07 -1.02682995e-07 -5.99597967e-08  7.37460198e-08  1.60440706e-09
 -1.76431285e-06  1.26948557e-06  1.76669209e-07 -1.30565332e-07  2.42753928e-08 -3.04252868e-08
  3.67389757e-06  3.99516634e-07  1.98811561e-07 -9.76996629e-09  4.49954199e-08  6.96055688e-09
 -5.79535071e-06  7.63133954e-07 -7.31478263e-08 -7.88579344e-08  2.33377347e-08 -3.34647350e-08
 -3.64777261e-06 -3.36922080e-06  5.81516389e-07  7.25199298e-08  1.91572604e-08  1.20593416e-08
  1.34446417e-05 -9.70191321e-07 -7.32279208e-07 -2.94117690e-08  2.40474974e-08 -3.49752457e-08
  5.24911865e-06  2.00810002e-06 -8.21871486e-08 -1.75320759e-07  3.35278207e-08  1.94402576e-08
 -5.50877412e-06  1.50649086e-06  5.01558441e-07 -2.14635132e-07 -1.95978140e-08 -3.02740654e-08
  1.93654822e-06 -1.58883624e-06  3.27017398e-07 -3.74221760e-08 -9.28091766e-10  1.85676410e-08
  1.09744188e-05  7.42970540e-08 -2.68803781e-07 -1.34556859e-07 -5.99026990e-10 -2.97821906e-08
  2.95539324e-06 -4.03070792e-06  4.05367852e-07  1.18805824e-08 -1.42156176e-08  1.61939096e-08
  2.71909792e-05 -2.15976288e-07 -6.85559195e-07 -1.41098212e-07  7.60151330e-09 -2.56260615e-08
  4.79758629e-06  2.05706210e-06  1.09771380e-07 -2.83336811e-07 -6.92193479e-09  1.60507685e-08
  1.28504477e-05  3.93059995e-07  8.03866395e-07 -2.56282901e-07 -3.05796429e-08 -1.85614841e-08
  4.05910872e-06 -9.19161281e-07  3.24599967e-07 -1.06373615e-07 -3.84597219e-08  6.76566748e-09
  3.37554312e-05 -5.65193169e-07  2.62310407e-08 -2.06075066e-07  1.18599741e-08 -1.68761086e-08
  4.61738065e-06 -2.31518253e-06  3.17334112e-07 -3.25622591e-08 -5.81786150e-08 -7.69876404e-11
  5.15622832e-05 -8.24278862e-07 -3.24576373e-07 -2.18064432e-07  3.50305796e-08 -1.35747409e-08
  1.80575041e-06  5.04166987e-06  2.68561585e-07 -3.30968954e-07 -7.00054004e-08  2.12359797e-13
  3.57593229e-05 -1.81138823e-06  1.26128955e-06 -2.48031443e-07  3.39289914e-10 -9.24647461e-09
  5.36721532e-08  7.65965215e-06  2.39460132e-07 -1.87213048e-07 -9.64574104e-08 -6.73392169e-09
  2.26484811e-05 -2.43520358e-06  1.03344075e-06 -2.34256484e-07  4.51565275e-08 -8.82047077e-09
  2.86534653e-07  9.42557496e-06  2.84361785e-08 -1.68703978e-09 -1.16851533e-07 -9.86659876e-09
  2.34313140e-05 -2.59683278e-06  4.34405916e-07 -2.44709271e-07  8.62278589e-08 -7.49992951e-09
 -1.25629203e-06  1.84771740e-05 -1.41255415e-08 -1.78686034e-07 -1.34483753e-07 -3.21087345e-09
  2.86628832e-05 -3.67661553e-06  1.35660022e-06 -2.22011188e-07  5.89728079e-08 -3.99109137e-09
 -3.10988062e-06  2.87441379e-05 -2.98824401e-07 -9.20648048e-08 -1.48185479e-07 -2.39738456e-09
  3.52374018e-05 -4.04388333e-06  1.44254282e-06 -2.24445053e-07  8.78170764e-08  3.90645263e-10
 -4.22112137e-06  3.39865348e-05 -9.31064581e-07  2.47868080e-07 -1.54503746e-07 -2.32193922e-09
  3.96351841e-05 -2.89897036e-06  5.49017880e-08 -2.50121804e-07  1.47010014e-07  6.85874676e-09
 -4.94649357e-06  3.51935639e-05 -1.30877250e-06  3.63643102e-07 -1.66057528e-07  7.10963038e-09
  3.78235369e-05 -1.53811210e-06 -1.32952394e-06 -1.87135097e-07  1.38582490e-07  1.45625204e-08
 -5.11875884e-06  3.46936224e-05 -1.69980485e-06  4.63449766e-07 -1.67486168e-07  1.44572067e-08
  3.12490052e-05 -4.35554367e-07 -3.17343426e-06 -1.19939414e-07  1.32636033e-07  2.32046744e-08
 -4.41204034e-06  3.46449355e-05 -2.34395189e-06  7.81208696e-07 -1.57276979e-07  1.78499198e-08
  2.33112045e-05  9.08414910e-07 -6.98333535e-06 -8.58088523e-08  1.59354586e-07  3.19009320e-08
 -3.21241155e-06  3.58545553e-05 -2.83559699e-06  1.01210758e-06 -1.58223315e-07  2.87682770e-08
  1.60711366e-05  2.25303041e-06 -1.25359174e-05  5.94219552e-08  1.42674526e-07  3.83716538e-08
 -2.14728917e-06  3.78347842e-05 -2.78553284e-06  9.80308334e-07 -1.58128094e-07  4.46496812e-08
  9.73655228e-06  3.46508124e-06 -1.86782838e-05  3.16550590e-07  7.15022038e-08  4.41004124e-08
 -1.14398159e-06  3.79697551e-05 -2.20853954e-06  7.26073236e-07 -1.38838085e-07  5.80229808e-08
  5.13527537e-06  4.52891323e-06 -2.43021017e-05  5.91235041e-07 -1.13316731e-08  4.91307922e-08
 -2.48609586e-07  3.52767261e-05 -1.22005595e-06  1.10368815e-07 -1.15177874e-07  7.18061411e-08
  2.12936737e-06  5.08466425e-06 -2.87143415e-05  8.90049702e-07 -1.20622808e-07  5.12364874e-08
  3.21005265e-07  3.01116359e-05  2.49505478e-08 -1.21859193e-06 -8.99302878e-08  8.71732664e-08
  2.78489662e-07  5.02760741e-06 -3.17572473e-05  1.25797555e-06 -2.80457662e-07  5.08308436e-08
  6.06581111e-07  2.35016675e-05  1.38282913e-06 -3.47977374e-06 -4.12024201e-08  9.69267678e-08
 -8.13678117e-07  4.33201585e-06 -3.38244320e-05  1.64582270e-06 -4.63036139e-07  5.03947550e-08
  7.07202408e-07  1.67654165e-05  2.68480058e-06 -6.67784766e-06  5.10252221e-08  9.58903781e-08
 -1.01811432e-06  3.26680737e-06 -3.51209062e-05  1.89212433e-06 -6.37599185e-07  4.96668696e-08
  7.34462144e-07  1.09065925e-05  3.77469767e-06 -1.06259654e-05  1.76624651e-07  8.12069218e-08
 -1.27484155e-06  2.19376030e-06 -3.53260962e-05  1.86447664e-06 -7.79465264e-07  4.64207502e-08
  6.83819805e-07  6.31157676e-06  4.59708160e-06 -1.49052000e-05  3.29046777e-07  4.65845476e-08
 -1.03191680e-06  1.03487123e-06 -3.40516097e-05  1.49433423e-06 -8.13275789e-07  4.15736478e-08
  4.54618488e-07  3.01250478e-06  4.89833978e-06 -1.90567415e-05  5.17472976e-07 -1.19180061e-08
 -8.63771247e-07  2.10144459e-07 -3.10449030e-05  7.57154495e-07 -6.22928953e-07  3.67234645e-08
  3.41953026e-07  9.87000435e-07  4.69356515e-06 -2.26643041e-05  7.30790528e-07 -9.46385145e-08
 -6.90402362e-07 -3.76385010e-07 -2.64934976e-05 -2.51354981e-07 -8.38505920e-08  2.83768258e-08
  9.77342647e-08 -2.27272716e-07  4.04138825e-06 -2.53865948e-05  9.31312890e-07 -2.03318868e-07
 -4.77666075e-07 -7.32814453e-07 -2.10957959e-05 -1.38814744e-06  9.11009772e-07  1.20434170e-08
  9.62178323e-08 -8.45572196e-07  3.06694280e-06 -2.69870322e-05  1.06079888e-06 -3.37912951e-07
 -2.52894678e-07 -8.11465356e-07 -1.55724544e-05 -2.50007906e-06  2.42516747e-06 -1.47572416e-08
  1.12410135e-07 -9.58874772e-07  2.00186330e-06 -2.72898812e-05  1.04354112e-06 -4.85992333e-07
 -2.78940486e-07 -8.42035922e-07 -1.05552239e-05 -3.42196001e-06  4.45758240e-06 -5.38266634e-08
 -1.13512331e-07 -1.00526606e-06  9.83696319e-07 -2.61966464e-05  8.19087149e-07 -6.18891268e-07
 -1.38628777e-07 -7.22921372e-07 -6.49770396e-06 -4.01386587e-06  6.90790510e-06 -1.06726893e-07
 -3.77269594e-08 -8.64443976e-07  1.58889084e-07 -2.38116795e-05  3.66168844e-07 -6.96439825e-07
 -1.38813218e-07 -5.35031855e-07 -3.48672194e-06 -4.20120466e-06  9.55893078e-06 -1.72518798e-07
 -1.63625918e-07 -6.94002667e-07 -4.22374804e-07 -2.04156411e-05 -2.83979874e-07 -6.75220118e-07
 -7.91918111e-08 -3.04141906e-07 -1.43834791e-06 -3.96415869e-06  1.21036767e-05 -2.46017031e-07
  2.67878707e-08 -5.18565927e-07 -7.36445701e-07 -1.64477279e-05 -1.04659727e-06 -5.10885255e-07
 -1.36443996e-07 -1.78501288e-07 -2.04385709e-07 -3.37582879e-06  1.42190794e-05 -3.14408795e-07
 -1.54185112e-08 -4.12304500e-07 -8.81770934e-07 -1.23805659e-05 -1.80284416e-06 -1.57366756e-07
 -9.48337869e-09 -5.74038257e-08  4.51646974e-07 -2.56266837e-06  1.56194634e-05 -3.55748002e-07
  1.35182951e-08 -3.17951950e-07 -8.64405195e-07 -8.65904114e-06 -2.42940725e-06  4.19693658e-07
 -5.31825780e-08  1.47610242e-08  7.38950670e-07 -1.65760387e-06  1.61197796e-05 -3.42009307e-07
 -2.25089435e-08 -2.20219149e-07 -7.39134749e-07 -5.53873412e-06 -2.82273448e-06  1.21877895e-06
 -3.62149821e-08  1.24070540e-07  8.08722940e-07 -8.02506273e-07  1.56735131e-05 -2.46070822e-07
 -1.84383682e-08 -2.31552705e-07 -5.54685505e-07 -3.14947929e-06 -2.92484876e-06  2.18363145e-06
 -6.30501797e-08  1.74377587e-07  7.33409629e-07 -9.92171542e-08  1.43690218e-05 -5.41098611e-08
  5.18925676e-08 -1.74703682e-07 -3.45531928e-07 -1.47680659e-06 -2.73758760e-06  3.20089655e-06
 -3.33743547e-08  1.68046642e-07  6.31212678e-07  4.05044338e-07  1.24115263e-05  2.24752622e-07
  8.99720665e-08 -1.64947156e-07 -1.86814474e-07 -4.11683870e-07 -2.30828241e-06  4.12242716e-06
 -8.46792489e-08  1.32274619e-07  5.24662870e-07  7.00133821e-07  1.00805348e-05  5.55818448e-07
  1.08745344e-07 -9.61465674e-08 -5.43907545e-08  1.96120896e-07 -1.72488664e-06  4.80319813e-06
 -1.01937658e-07  1.09443474e-07  4.23066965e-07  8.24069191e-07  7.66615663e-06  8.84451294e-07
  7.28729653e-09 -1.28004467e-07  7.27816599e-08  4.85047876e-07 -1.08303522e-06  5.13877272e-06
 -7.04982996e-08  7.50436207e-08  3.41375965e-07  8.12508275e-07  5.41694715e-06  1.14998231e-06
  4.83023722e-08 -6.28179674e-08  1.45604170e-07  5.72411788e-07 -4.75459516e-07  5.08865148e-06
 -6.55615297e-08  9.47566741e-08  2.95874039e-07  6.95371157e-07  3.50358885e-06  1.30201126e-06
  1.25979156e-07 -7.16521156e-08  2.06883713e-07  5.55602855e-07  2.79605332e-08  4.68063862e-06
 -5.79619850e-08  8.11088412e-08  2.59406724e-07  5.33339486e-07  2.01310859e-06  1.31265340e-06
  8.32053483e-08 -8.87982699e-08  2.29647394e-07  4.97805310e-07  3.90108714e-07  3.99907063e-06
 -2.96705979e-09 -3.05162772e-08  2.19188626e-07  3.56006839e-07  9.48085911e-07  1.18314708e-06
  1.45361002e-07 -6.42771358e-08  1.95010337e-07  4.21151425e-07  6.07701350e-07  3.15945755e-06
 -4.97239047e-08 -7.39275609e-09  2.03631913e-07  1.92616854e-07  2.55701559e-07  9.40431428e-07
  1.29440518e-08 -9.26529059e-08  1.87455952e-07  3.60250067e-07  6.93172555e-07  2.28142814e-06
 -6.04515889e-09 -3.13119562e-08  1.64618905e-07  5.34115892e-08 -1.40417057e-07  6.27897913e-07
 -1.16345834e-07 -8.29282089e-08  1.68857823e-07  3.09350578e-07  6.74348105e-07  1.46758921e-06
  2.29857557e-08 -4.18648615e-08  1.35067680e-07 -5.45275150e-08 -3.28470927e-07  2.95910244e-07
 -1.36085861e-07 -5.16440975e-08  1.57323145e-07  2.68048877e-07  5.84700097e-07  7.87918915e-07
  1.81159695e-08 -3.96326489e-08  1.16996336e-07 -1.42837841e-07 -3.85041292e-07 -9.59104028e-09
  1.19829433e-08 -5.08512240e-08  9.30735485e-08  2.43158195e-07  4.55235784e-07  2.76248591e-07
  1.31356992e-08 -7.44248849e-08  9.70028944e-08 -1.97996196e-07 -3.68881816e-07 -2.55203952e-07
  3.84601056e-08 -4.76731985e-08  7.49099775e-08  2.17722988e-07  3.12674191e-07 -6.55894041e-08
  2.87777857e-08 -1.23486702e-07  8.17779330e-08 -2.14358122e-07 -3.24717060e-07 -4.23409462e-07
  3.54895431e-09 -2.61338494e-08  2.62168110e-08  1.93082312e-07  1.80469070e-07 -2.59247549e-07
 -4.72217367e-08 -1.49904568e-07  9.11629657e-08 -2.17742078e-07 -2.75820311e-07 -5.11257999e-07
  2.56235982e-08 -2.57474291e-08 -8.04842159e-09  1.69022549e-07  6.57630971e-08 -3.38359139e-07
  2.41652804e-08  5.62795132e-09  6.97512061e-08 -2.14104505e-07 -2.33187546e-07 -5.28146897e-07
 -1.25369484e-07 -9.55162312e-09  2.18745687e-10  1.43903518e-07 -2.90163318e-08 -3.39804566e-07
 -2.38986162e-08  4.40219875e-09  6.76728538e-08 -1.92189289e-07 -2.01929156e-07 -4.89925785e-07
 -1.36536769e-07  2.03525714e-09 -2.11455627e-08  1.17974506e-07 -9.74082367e-08 -2.96960215e-07
  1.08746616e-08  1.79145511e-08  5.27225258e-08 -1.70670798e-07 -1.79230247e-07 -4.14682774e-07
 -7.68713335e-08  5.19407890e-09 -7.61478229e-08  1.02951420e-07 -1.41786630e-07 -2.36495003e-07
 -7.13188030e-09  1.05515301e-08  4.61639204e-08 -1.39766980e-07 -1.63315955e-07 -3.20991330e-07
  1.68333130e-08 -2.69017513e-08 -8.25984971e-08  8.57885943e-08 -1.66264629e-07 -1.76063704e-07
  2.02111096e-08 -8.02898156e-08  2.85144959e-08 -9.29375510e-08 -1.49413645e-07 -2.24252474e-07
  1.76414087e-08  3.97597936e-09 -8.49656446e-08  7.47622343e-08 -1.74582583e-07 -1.25597140e-07
  4.75648402e-08 -9.26263795e-08  3.76389457e-08 -5.88964612e-08 -1.36614007e-07 -1.34771886e-07
  1.32661559e-07 -1.32713613e-08 -6.21141018e-08  6.13205272e-08 -1.71793755e-07 -8.87319221e-08
 -8.58899492e-09 -2.44926079e-08  1.71212218e-08 -3.33243381e-08 -1.20895322e-07 -5.86288897e-08
  2.57402896e-09 -1.77545845e-08 -2.72303461e-08  5.30048746e-08 -1.62854733e-07 -6.45749983e-08
  7.32979850e-08  5.92258277e-10  2.11555319e-08 -1.33605646e-08 -1.05144058e-07  1.04258808e-09
 -3.54453720e-08  1.27809977e-08 -2.50789929e-08  3.74651946e-08 -1.45995749e-07 -5.05131157e-08
 -8.74879205e-08  3.42516622e-08  1.85565485e-08  1.24696787e-08 -9.03566296e-08  4.42775469e-08
 -3.92933970e-08 -4.13014310e-09 -6.05219972e-08  3.17495251e-08 -1.19641918e-07 -4.33228767e-08
 -3.65458389e-08  3.66701900e-08  2.54815904e-08  3.00395605e-08 -7.56335246e-08  7.24167838e-08
 -3.25491740e-08  1.81785480e-08 -9.42751230e-08  2.27310441e-08 -9.20637751e-08 -3.94512165e-08
 -5.76963169e-08 -3.71057679e-08  1.71974245e-08  5.04650073e-08 -6.32389304e-08  8.76412067e-08
  1.29226072e-08  2.43991527e-08 -9.74905724e-08  1.82312097e-08 -6.44643463e-08 -3.67306201e-08
 -9.66216273e-09 -9.69000494e-08  2.62296880e-08  5.68122567e-08 -5.14993681e-08  9.37094894e-08
  9.39610781e-08  4.26893787e-08 -9.86801393e-08  1.60632092e-08 -4.03516991e-08 -3.38645455e-08
  3.43729609e-08 -1.15138250e-07  1.41942157e-08  4.51698111e-08 -4.07382491e-08  9.34227219e-08
  1.25614460e-07  3.83678214e-09 -5.71654839e-08  2.01362214e-08 -2.21762335e-08 -3.04506980e-08
  5.50975117e-08 -7.64983848e-08  1.01474955e-08  4.45113908e-08 -3.04472655e-08  8.80295148e-08
  1.11061071e-07 -3.40158265e-08 -2.49112188e-08  2.32264736e-08 -5.51928184e-09 -2.64988144e-08
  9.28465899e-08 -8.80803519e-08 -5.68785655e-09  5.20716760e-08 -2.20639138e-08  7.87575856e-08
  9.84797598e-08 -4.74316039e-08 -4.17041531e-08  2.56319933e-08  9.13851541e-09 -2.22483994e-08
  3.41480302e-08 -1.16568130e-09 -1.31618536e-09  6.77586280e-08 -1.43913915e-08  6.62756016e-08
  1.54772892e-08 -5.83957401e-08 -5.90471917e-08  2.99860689e-08  1.86415815e-08 -1.76931162e-08
  3.13216380e-08 -5.13786813e-08 -2.69487303e-08  9.63901731e-08 -8.70090515e-09  5.19754649e-08
 -6.56621839e-08 -4.67847940e-08 -9.69595560e-08  2.47110244e-08  2.42906061e-08 -1.30075801e-08
  1.86656085e-08 -4.46407197e-08 -3.39447246e-08  1.05299906e-07 -6.10863028e-09  3.79576554e-08
 -7.41166161e-08  1.69355543e-08 -1.27701548e-07  1.95276855e-08  2.66391377e-08 -8.43930695e-09
 -6.03042958e-09 -9.27240616e-08 -2.43548560e-08  1.03748401e-07 -6.88753141e-09  2.55793439e-08
 -5.36636564e-08  3.31099643e-08 -1.18280313e-07  9.25017289e-09  3.02831615e-08 -4.13761297e-09
  9.81500320e-09 -9.86508507e-08 -1.92579455e-08  8.47559002e-08 -1.02022271e-08  1.55192798e-08
 -1.14907764e-08  5.79448429e-08 -1.21809914e-07  3.77072913e-10  3.95436137e-08 -3.55666354e-10
  9.78721659e-08 -1.10530205e-07  2.61229943e-08  6.87179881e-08 -1.50580178e-08  7.93802433e-09
 -7.39269913e-09  6.96266969e-08 -9.58273133e-08 -1.19824488e-08  5.32677292e-08  2.83246777e-09
  1.37750359e-07 -4.55841258e-08  3.02599470e-08  6.28333958e-08 -1.91993882e-08  2.47576646e-09
 -5.60968854e-09  3.70559249e-08 -1.03044275e-07 -2.46795698e-08  6.87401304e-08  4.82785646e-09
  2.42794422e-07 -2.48549877e-09  6.35733552e-08  7.22559292e-08 -2.17452586e-08 -7.54435315e-10
  3.50861286e-08  8.45726740e-08 -1.06126068e-07 -3.16348491e-08  7.85457749e-08  5.19297586e-09
  1.66335155e-07  1.07306904e-07  4.08990991e-08  8.76253504e-08 -1.97875788e-08 -2.74685118e-09
  3.98107508e-08  4.64285671e-09 -1.12616997e-07 -2.69703241e-08  7.89394062e-08  3.89967260e-09
  2.05751251e-07  1.00938480e-07  1.93898823e-08  1.07691906e-07 -1.53247552e-08 -4.41222737e-09
 -1.75779459e-08  1.05367460e-07 -1.03840677e-07 -1.86347809e-08  7.25427140e-08  1.21921800e-09
  1.43499513e-07  1.14079920e-07 -3.76365881e-09  1.17212659e-07 -8.97558916e-09 -7.10188582e-09
 -7.47548335e-08  1.37971795e-07 -8.67374556e-08  3.42393310e-09  6.30835676e-08 -2.24100508e-09
  7.64715282e-08  8.46369649e-08 -2.38372948e-08  1.20903303e-07  4.03921038e-10 -1.20133502e-08
 -1.11617801e-07  2.15550712e-07 -2.61073975e-08  2.60462925e-08  5.57370294e-08 -5.34871925e-09
  9.81558401e-08  9.08141500e-08 -5.44786817e-08  1.25940354e-07  1.06408700e-08 -1.85734449e-08
 -1.59065567e-07  2.92040257e-07  4.30809529e-08  3.41530174e-08  5.57185898e-08 -7.08322063e-09
 -2.09748247e-08  2.12359704e-08 -4.36127736e-08  1.28199620e-07  1.85107804e-08 -2.52749852e-08
 -1.44977922e-07  3.05132473e-07  1.00490183e-07  4.01196542e-08  6.04511015e-08 -7.43058214e-09
 -2.73283599e-09  4.22504209e-08 -6.17930576e-08  1.30443289e-07  2.48725328e-08 -2.99285088e-08
 -1.24604792e-07  2.95385496e-07  1.42993084e-07  3.02933588e-08  6.95615366e-08 -5.91080343e-09
 -4.69755300e-08  4.15581763e-09 -7.00604494e-08  1.26305753e-07  2.41652906e-08 -3.13073992e-08
 -1.26775986e-07  3.08377674e-07  1.52715811e-07  1.41310519e-08  7.82739075e-08 -2.75731705e-09
 -7.86064239e-08  5.44411682e-08 -1.02803715e-07  1.09483702e-07  1.72022858e-08 -2.92532818e-08
 -3.10018991e-08  2.24311105e-07  1.47175734e-07 -3.28664842e-10  8.80702417e-08  1.45753354e-09
 -3.12590615e-08  1.06271684e-07 -1.70687859e-07  7.32113531e-08  5.94820732e-09 -2.50644889e-08
 -5.57451287e-08  1.94517236e-07  1.18328615e-07 -1.69389150e-08  9.69747466e-08  6.38961054e-09
  1.43291321e-08  1.46361833e-07 -2.40621276e-07  2.02568232e-08 -7.27675859e-09 -2.07601356e-08
 -7.44481605e-08  1.49217744e-07  1.00072427e-07 -2.95992390e-08  1.04549855e-07  1.08513071e-08
 -4.48794765e-08  1.81095946e-07 -2.90872116e-07 -3.88874286e-08 -1.78162223e-08 -1.79829653e-08
  5.35320236e-08  6.70539243e-08  5.27795450e-08 -3.71622355e-08  1.09421440e-07  1.37500392e-08
  3.51620742e-08  2.11219924e-07 -3.58102844e-07 -9.69471393e-08 -2.32717563e-08 -1.75864174e-08
  5.29093425e-08  1.10012432e-08  6.44210544e-08 -5.95231642e-08  1.05168384e-07  1.42271329e-08
  3.65723291e-08  2.19632693e-07 -3.68185598e-07 -1.36063068e-07 -2.32946102e-08 -1.97214760e-08
  9.08022095e-08 -1.68895462e-09  7.33465722e-08 -9.18700300e-08  9.00305544e-08  1.19948169e-08
  6.13581977e-08  1.33832600e-07 -3.69259047e-07 -1.54665850e-07 -1.96032767e-08 -2.40712233e-08
  1.35694550e-09 -3.04132251e-08  1.11494874e-07 -1.41165068e-07  6.21724885e-08  7.45331714e-09
  8.26482006e-08  1.75372349e-07 -3.41142622e-07 -1.58225565e-07 -1.19180816e-08 -3.01114920e-08
  8.46689871e-08 -3.20811091e-08  1.46629386e-07 -1.94264806e-07  2.27037606e-08  1.84101045e-09
  8.62443274e-08  1.05206478e-07 -2.99248750e-07 -1.38733842e-07 -5.01236589e-09 -3.74401320e-08
  1.76200993e-08 -3.49610388e-08  2.09680679e-07 -2.57152193e-07 -2.15228967e-08 -3.49630206e-09
  9.11750156e-08  9.19862035e-08 -2.35198341e-07 -1.11002900e-07  1.54582111e-09 -4.46146509e-08
  1.42960579e-07 -1.33591250e-08  2.26717601e-07 -3.06743721e-07 -6.30761984e-08 -7.98150951e-09
  7.78355188e-08 -1.56700825e-08 -1.55037148e-07 -8.74813144e-08  1.06529444e-08 -4.95700145e-08
  3.81572661e-08  1.09936880e-08  2.34985384e-07 -3.39981321e-07 -9.54612411e-08 -1.09168640e-08
  9.15954580e-08 -3.35878739e-08 -9.99219021e-08 -7.67406849e-08  2.52576572e-08 -5.02197542e-08
  8.46585218e-08  4.43801447e-08  2.27040122e-07 -3.57789840e-07 -1.16266475e-07 -1.24528304e-08
  1.29166046e-07 -9.25925586e-08 -3.22913262e-08 -7.58005827e-08  4.69902109e-08 -4.48933051e-08
  6.95208428e-09  1.02523587e-07  2.05800939e-07 -3.47076462e-07 -1.19942705e-07 -1.34804370e-08
  1.58665242e-07 -8.02504376e-08  5.79459362e-09 -1.00688133e-07  7.76400822e-08 -3.28101084e-08
  7.93463406e-08  1.03767375e-07  1.62234979e-07 -3.16574264e-07 -1.11492666e-07 -1.42342710e-08
  2.18514665e-07 -1.02788571e-07  3.15255208e-08 -1.33524687e-07  1.16375564e-07 -1.56567351e-08
  5.68589055e-11  1.70709440e-07  1.17975222e-07 -2.64801060e-07 -9.53793543e-08 -1.44666474e-08
  1.68930759e-07 -1.49370776e-07  5.43714659e-08 -1.71951658e-07  1.57131144e-07  4.22643467e-09
  7.20113362e-08  1.67447259e-07  3.76582079e-08 -2.01881084e-07 -7.62644314e-08 -1.34192120e-08
  1.77056107e-07 -1.54449630e-07  4.31658403e-08 -2.02945713e-07  1.97484000e-07  2.37879431e-08
  9.12920198e-08  2.19390389e-07 -2.22693839e-08 -1.32789995e-07 -6.36995488e-08 -9.94530897e-09
  1.84367261e-07 -1.26154583e-07  2.23105694e-08 -2.22882227e-07  2.30039587e-07  3.97000771e-08
  3.06899787e-08  2.61283393e-07 -6.17285443e-08 -7.15132631e-08 -6.00906621e-08 -2.74052373e-09
  1.72193455e-07 -1.62484096e-07 -1.55473485e-08 -2.20068614e-07  2.49826806e-07  4.99306780e-08
 -5.99081800e-09  3.50115741e-07 -1.13593889e-07 -1.91069003e-08 -6.84843870e-08  8.42356677e-09
  1.68450010e-07 -1.01203222e-07 -5.64616609e-08 -2.09429605e-07  2.53816890e-07  5.32371816e-08
  5.29716011e-08  3.27101273e-07 -1.45661828e-07  2.74573504e-08 -8.71508869e-08  2.35119199e-08
  1.45061089e-07 -7.94742993e-08 -1.23155669e-07 -1.74944141e-07  2.40992653e-07  5.01337826e-08
