 -8.41246492e-08  1.15570061e-08  2.45417867e-08  7.45371900e-08 -8.77449803e-08 -1.00053656e-07  1.56184464e-06
  5.27398664e-12  2.29637669e-08 -5.08016599e-08  5.95186353e-08 -9.38467538e-09 -1.92211814e-07  1.16479178e-06
 -1.46760423e-08  1.35692829e-08  3.19225944e-08  8.33595670e-08 -1.01302275e-07 -1.28410245e-07  1.36067186e-06
  2.44252149e-07  4.83912890e-08 -6.76476959e-08  7.35546757e-08 -2.35572602e-09 -1.79781408e-07  1.24502871e-06
 -2.97545554e-08 -1.91450899e-08  7.29296888e-08  8.08876635e-08 -1.04676433e-07 -1.86284261e-07  1.22365443e-06
  5.25528495e-07  2.22506471e-08 -8.01203175e-08  6.75217350e-08  1.04053317e-08 -1.59902328e-07  1.20714546e-06
 -3.75245608e-08 -3.04292089e-08  7.31593302e-08  1.21352282e-07 -1.11966475e-07 -1.97222356e-07  1.17789968e-06
  5.19160322e-07  8.77076415e-09 -9.81442302e-08  7.16893902e-08  3.35834356e-08 -1.29302515e-07  1.03274378e-06
  2.22066320e-08 -1.68436983e-08  7.71792982e-08  1.49780886e-07 -1.10940134e-07 -2.38613070e-07  1.19355998e-06
  3.53985799e-07  4.99052783e-08 -8.98358464e-08  4.99071593e-08  5.70681372e-08 -8.48651105e-08  8.04303550e-07
  2.03809102e-08 -4.18020799e-08  1.03188079e-07  1.86012078e-07 -1.09670040e-07 -2.37954024e-07  1.24458626e-06
  1.45754855e-07 -4.98745116e-09 -9.95085063e-08  2.94714138e-08  9.21540137e-08 -4.69311199e-08  5.28000816e-07
  5.07014288e-08 -1.31401809e-08  9.54918368e-08  2.27186250e-07 -1.07007687e-07 -2.53598178e-07  1.28115600e-06
 -6.72057892e-08  5.93846418e-09 -6.21496817e-08  1.16654497e-08  1.10552589e-07 -4.45185067e-09  2.37804271e-07
 -2.15958090e-08 -1.22690740e-08  7.95520621e-08  2.67364989e-07 -1.00988582e-07 -2.33236780e-07  1.26909441e-06
 -3.46242414e-07 -1.25044307e-08 -4.72617287e-08 -1.08224293e-08  1.36429964e-07  1.62380326e-08 -3.67491966e-08
  3.53651836e-08 -7.03085634e-10  8.79667828e-08  2.85974267e-07 -9.14166753e-08 -2.12594940e-07  1.18308608e-06
 -3.69915313e-07 -2.60720907e-08 -6.10710132e-09 -3.27400427e-08  1.35411329e-07  4.28887532e-08 -3.12628451e-07
  2.49366412e-08  6.83304063e-09  5.06939449e-08  3.09640237e-07 -7.45006315e-08 -1.63535122e-07  1.02386399e-06
 -2.84516895e-07 -2.33466723e-08  1.34616831e-08 -4.59268605e-08  1.39335064e-07  4.45097586e-08 -5.42687163e-07
 -7.02209282e-08 -4.50200581e-10  6.63849781e-08  3.25132843e-07 -6.08918101e-08 -1.07350277e-07  8.01555746e-07
 -2.37956702e-07 -5.08104992e-08  3.26549820e-08 -6.49049415e-08  1.13278607e-07  4.95789344e-08 -7.60947300e-07
  1.29411508e-08  4.40329663e-09  2.20752573e-08  3.29064752e-07 -2.89395723e-08 -3.96934023e-08  5.83890693e-07
 -1.01495962e-08 -5.78555754e-08  5.77259904e-08 -5.38883647e-08  9.81277668e-08  4.25973236e-08 -8.98253578e-07
 -5.36379818e-08  6.85711722e-09  2.04286885e-08  3.17785803e-07 -1.16703381e-08  2.32908857e-08  3.58327435e-07
  7.57868813e-08 -5.73483286e-08  3.88199294e-08 -4.29221523e-08  5.51306611e-08  2.97246895e-08 -9.86335450e-07
 -5.66328247e-08  1.52976023e-09 -5.59716451e-09  2.88103048e-07  3.26542494e-08  7.14407786e-08  1.96716129e-07
  1.49272941e-07 -6.99934694e-08  5.66796427e-08 -7.01818861e-09  3.43399622e-08  1.61066757e-08 -9.63703954e-07
 -8.52295654e-09  1.25404449e-08 -1.18228841e-08  2.51378872e-07  4.35386557e-08  9.55992140e-08  4.94600246e-08
  1.81822871e-07 -8.19413571e-08  2.68400987e-08  1.38586277e-08 -6.32455610e-09 -1.43719975e-08 -8.42035069e-07
 -2.88688987e-08 -3.82834872e-09 -3.63475671e-08  2.15775131e-07  9.37414105e-08  9.42129618e-08 -4.90135609e-08
  1.30080106e-07 -5.41904072e-08  3.72989623e-08  5.93318192e-08 -1.98706971e-08 -3.17288430e-08 -6.00877094e-07
 -3.77328537e-08  5.49761518e-09 -5.08234794e-08  1.54222523e-07  8.98316387e-08  5.57059420e-08 -1.40032826e-07
  9.97083169e-08 -5.52519055e-08  9.81803434e-09  7.54272790e-08 -3.95245316e-08 -7.79166537e-08 -2.54403973e-07
 -9.40818529e-08  2.26791733e-08 -5.91340660e-08  1.16321550e-07  1.34640113e-07 -5.19051820e-10 -2.08555811e-07
 -2.14313580e-08 -6.00049675e-08  1.82669836e-08  8.83977628e-08 -3.61248668e-08 -1.05001484e-07  1.56772770e-07
 -2.92360599e-08  1.16367944e-08 -7.56082611e-08  4.27728824e-08  1.08635063e-07 -8.81828658e-08 -2.27942181e-07
 -1.61781268e-07 -6.66255589e-08 -1.06937506e-08  9.10448593e-08 -2.71051732e-08 -1.67717744e-07  5.69365603e-07
 -6.25615837e-08  3.24012459e-08 -9.43592951e-08  2.34029875e-08  1.39596785e-07 -1.63946994e-07 -2.21104042e-07
 -2.12868707e-07 -4.96510701e-08 -1.64785019e-08  7.60940427e-08 -1.68022909e-08 -2.10111906e-07  9.33544950e-07
  4.04270642e-09  3.84405305e-08 -8.12438783e-08 -6.18472117e-08  9.80628289e-08 -2.58669853e-07 -1.27887953e-07
 -3.85219790e-07 -2.35510791e-08 -1.95934166e-08  5.77422179e-08  1.92206467e-08 -2.76265000e-07  1.16942900e-06
  9.74372388e-08  1.56352038e-08 -7.69948923e-08 -8.54443504e-08  1.15256280e-07 -3.06472086e-07  1.17279235e-09
 -4.28841434e-07 -1.85901586e-08 -4.42082011e-08  2.94649026e-08  2.31170070e-08 -3.25283797e-07  1.25575757e-06
  1.32062978e-07  2.97901102e-08 -7.20675564e-08 -1.46887683e-07  6.57648273e-08 -3.53442784e-07  2.27084236e-07
 -4.13148052e-07  2.65746498e-08 -3.81522517e-08  2.71726830e-08  6.65148081e-08 -3.76295692e-07  1.14251320e-06
  1.41228104e-07  2.46696750e-08 -5.53580954e-08 -1.85692666e-07  7.20807778e-08 -3.49711128e-07  5.13245507e-07
 -3.61498656e-07 -1.09791673e-08 -3.44935029e-08 -4.12908085e-08  5.73581220e-08 -4.07508747e-07  8.84325178e-07
  2.45989466e-07  3.26946864e-08 -4.89663691e-08 -2.37765765e-07  2.84477239e-08 -3.24579051e-07  8.80983270e-07
 -2.42226611e-08  1.79084896e-08 -3.54421675e-08 -1.70610182e-08  9.18618519e-08 -4.24703019e-07  4.69314083e-07
  1.50174789e-07  1.39212130e-09 -3.95911042e-08 -2.62673341e-07  2.17221426e-08 -2.74875371e-07  1.29631966e-06
  2.34646343e-07  2.85154465e-08 -1.82778767e-08 -9.71151474e-08  6.21003936e-08 -4.27132376e-07  7.98019319e-09
 -4.88639889e-09  1.72228998e-08  1.99806852e-09 -2.85229638e-07 -1.20677880e-08 -1.97930404e-07  1.73314539e-06
  7.88503690e-07 -6.66274618e-09  6.06579877e-09 -6.29141123e-08  8.52651276e-08 -4.09990543e-07 -4.44562789e-07
 -1.11020349e-07 -1.00719253e-08  1.40081598e-08 -2.99880458e-07 -2.95624519e-08 -1.27625334e-07  2.14106997e-06
  1.10575656e-06  3.65334265e-08  3.46166251e-08 -1.47490570e-07  4.12323312e-08 -3.77578689e-07 -8.28940366e-07
 -3.18715429e-07  1.30343404e-08  2.63713263e-08 -2.73833844e-07 -5.58365071e-08 -3.48174649e-08  2.46866416e-06
  1.29723685e-06  1.67946067e-08  5.47742503e-08 -6.22238500e-08  4.57928953e-08 -3.42491698e-07 -1.05505843e-06
 -3.65121696e-07  1.32877923e-08  5.02374010e-08 -3.24089344e-07 -8.08126048e-08  2.21380416e-08  2.68083141e-06
  1.24537500e-06  4.63890391e-08  7.87644793e-08 -1.84481091e-07  3.72442588e-09 -2.81036466e-07 -1.15369228e-06
 -3.21521532e-07  2.70047247e-08  5.51044879e-08 -2.39961048e-07 -9.97264530e-08  9.43504624e-08  2.76927196e-06
  7.92635114e-07 -3.08205784e-08  9.85881461e-08 -4.93754492e-08 -1.25641187e-08 -2.36027540e-07 -1.06659832e-06
 -4.65696366e-08  4.72534930e-08  5.81874191e-08 -3.26903012e-07 -1.23067342e-07  1.25582967e-07  2.70014869e-06
  2.60467262e-07  6.08383761e-09  1.03504860e-07 -1.76175053e-07 -4.81401243e-08 -1.60776893e-07 -8.79162715e-07
  6.48539650e-08  4.75887638e-08  6.39506540e-08 -1.45855627e-07 -1.35915742e-07  1.56511892e-07  2.53496901e-06
 -4.05425872e-07 -3.42398907e-08  1.23492075e-07  2.07204826e-09 -8.18005640e-08 -1.04127045e-07 -5.66435038e-07
  2.76819350e-07  8.07453012e-08  7.48493637e-08 -3.30179324e-07 -1.36358399e-07  1.62954974e-07  2.24786308e-06
 -7.55082752e-07  1.90504762e-09  9.38410250e-08 -1.09717072e-07 -1.01793908e-07 -2.25330368e-08 -2.23806174e-07
  1.69916855e-07  6.50769513e-08  9.59873797e-08 -3.65413152e-08 -1.47168232e-07  1.60145310e-07  1.90183815e-06
 -1.10335346e-06 -3.29024377e-08  1.03125751e-07  5.40122602e-08 -1.39955260e-07  4.64074977e-08  1.35389395e-07
 -1.57880255e-08  9.07523664e-08  6.36477170e-08 -3.24297813e-07 -1.15324887e-07  1.48806578e-07  1.51920213e-06
 -1.04054965e-06 -8.98254035e-09  6.30298840e-08 -1.32981064e-08 -1.42121712e-07  1.22876439e-07  4.61858506e-07
  1.10988607e-07  4.18635193e-08  8.30657538e-08  4.91146163e-08 -1.21267596e-07  1.25137814e-07  1.09874792e-06
 -6.88817006e-07 -2.10472922e-08  4.85215992e-08  8.01621091e-08 -1.61686873e-07  2.08576365e-07  7.22327624e-07
 -5.36119269e-08  4.09396722e-08  5.39454925e-08 -3.48773904e-07 -6.21896901e-08  9.07171053e-08  7.01177663e-07
 -3.40550878e-07 -2.68546258e-08  2.14704165e-08  8.39000869e-08 -1.43031629e-07  2.73239980e-07  8.93965434e-07
  1.47745353e-07  5.27075125e-09  6.29861480e-08  1.20036388e-07 -6.80781530e-08  5.69808902e-08  2.56264787e-07
  2.12679133e-07 -8.12677051e-09 -8.10120966e-09  5.78280382e-08 -1.30648809e-07  3.56114027e-07  9.68324675e-07
  2.78549260e-08 -1.93692342e-08  4.39609417e-08 -3.30517061e-07 -9.37461517e-10  3.93746047e-09 -1.40013508e-07
  5.01010399e-07 -1.42479838e-08 -2.53931843e-08  1.70753897e-07 -1.01340165e-07  3.98405524e-07  9.44778958e-07
 -1.03575124e-07 -3.90497702e-08  5.69356166e-08  1.61987387e-07  2.09311403e-09 -2.41016241e-08 -5.78108297e-07
  3.38378784e-07 -2.61166511e-08 -5.50299745e-08 -2.79702510e-08 -6.28983575e-08  4.48896575e-07  8.43291516e-07
  5.22307260e-08 -3.53432052e-08  2.70482734e-08 -2.95947726e-07  5.11795442e-08 -6.73221172e-08 -9.94989035e-07
  5.12237217e-08 -4.46513359e-09 -3.96173308e-08  2.11122691e-07 -3.72546191e-08  4.49294700e-07  6.60520024e-07
  6.06877988e-08 -2.77436877e-08  3.12219938e-08  1.51520458e-07  6.37974584e-08 -6.71238087e-08 -1.41123492e-06
 -3.37904174e-07 -3.59179747e-08 -4.98268452e-08 -1.67100919e-07 -8.62416992e-10  4.43407632e-07  4.02692805e-07
  3.16690001e-07 -1.35551832e-08  1.08188405e-08 -2.59991206e-07  8.63809248e-08 -5.73641283e-08 -1.82317393e-06
 -1.01949090e-06 -3.12565302e-08 -1.14684308e-08  2.11931233e-07  1.25339173e-08  4.07427035e-07  9.29458591e-08
  4.92148537e-07 -5.93038744e-10  8.34622628e-09  8.95862146e-08  1.04932054e-07 -2.36351372e-08 -2.17895891e-06
 -1.14544677e-06 -4.69413587e-08 -1.10759417e-08 -3.04517973e-07  2.28264178e-08  3.54086844e-07 -2.92904428e-07
  5.28305321e-07  1.34563334e-08 -6.27123351e-09 -1.79979552e-07  1.01893833e-07  4.96130558e-08 -2.47904434e-06
 -9.74389125e-07 -3.01801077e-08  7.84642819e-08  1.60778288e-07  3.01675242e-08  2.90690189e-07 -6.67110014e-07
  2.81552180e-07 -2.72231671e-08 -1.67467754e-08 -4.25693991e-09  1.21928963e-07  1.05670087e-07 -2.64601709e-06
 -4.62063807e-07 -2.51353428e-08  1.17612582e-08 -3.55272864e-07  4.44939931e-10  2.21894747e-07 -1.04872806e-06
  1.00835018e-07 -1.99258186e-08  8.77461422e-09 -1.12994155e-07  1.09741565e-07  2.01113199e-07 -2.70310575e-06
  3.22651995e-07 -4.35780097e-08  1.59860745e-07  8.17286453e-08  1.23133398e-08  1.48771593e-07 -1.30529205e-06
  3.67683392e-08 -2.01301151e-08 -7.96235265e-08 -9.30507565e-08  1.15860141e-07  2.46409913e-07 -2.62595267e-06
  7.23712633e-07 -1.20410736e-08  7.96912191e-09 -2.91230415e-07 -4.76364574e-08  8.90446082e-08 -1.45345554e-06
 -2.75674475e-07 -4.42670760e-08  1.42364716e-08 -9.53907759e-08  1.10848909e-07  3.08725545e-07 -2.44059149e-06
  8.95817898e-07 -2.91339017e-08  1.73947603e-07  2.20097171e-08 -3.77147319e-08  3.23891729e-08 -1.41862045e-06
 -2.18096198e-07 -2.91579734e-08 -1.50979900e-07 -1.65920659e-07  1.02199200e-07  3.18245385e-07 -2.18244590e-06
  2.59850665e-07 -3.28978942e-08 -4.54208783e-08 -1.14391885e-07 -9.60034805e-08 -6.68072961e-10 -1.18405933e-06
  6.38370589e-09 -6.42465871e-08  4.17484709e-08 -1.38225857e-07  9.77188513e-08  3.16298273e-07 -1.88518382e-06
 -1.86278965e-07  5.01695700e-09  1.56911405e-07 -1.16225266e-08 -9.75736592e-08 -2.69222448e-08 -8.24106719e-07
 -3.27405052e-07 -2.16721481e-08 -2.63981600e-07 -1.48153409e-07  8.50673661e-08  2.91178093e-07 -1.53928666e-06
 -7.90539675e-08 -2.55997499e-08 -7.41424415e-08  9.47686508e-08 -1.25844031e-07 -4.32631051e-08 -3.00864042e-07
 -4.75747911e-07 -5.96905100e-08  1.21435457e-07 -2.70511336e-07  6.97244317e-08  2.35744941e-07 -1.21583776e-06
 -2.40984423e-08 -8.38830345e-11  1.02571792e-07 -2.18395221e-08 -1.37260356e-07 -3.57710915e-08  2.13627883e-07
 -6.25596346e-07  9.61079634e-09 -4.17891080e-07 -6.49981487e-08  6.05399047e-08  1.82984862e-07 -8.83436849e-07
  8.11865477e-07  3.53613150e-08 -7.75163369e-08  2.00225494e-07 -1.23381598e-07 -5.33621008e-08  7.17103234e-07
 -1.06080230e-06 -7.71937237e-09  2.07773826e-07 -4.05700224e-07  2.14299409e-08  1.08493010e-07 -5.98264769e-07
  1.37511760e-06  7.20828918e-08  1.79830779e-08 -3.40767153e-08 -1.30334672e-07 -2.27897772e-08  1.09555822e-06
 -9.72373587e-07 -8.02050371e-09 -5.44809924e-07  3.71137616e-09  3.14864564e-08  4.46715549e-08 -3.76072558e-07
  1.07380411e-06  9.06513816e-08 -3.59396806e-08  1.61882258e-07 -8.74047132e-08 -2.90424580e-08  1.30612050e-06
 -3.01216551e-07 -4.68180040e-08  3.24110284e-07 -4.63442383e-07 -2.02368974e-08 -1.76610702e-08 -1.73471505e-07
  9.41181576e-07  1.11110425e-07 -1.20387828e-07  4.06579015e-09 -7.60542930e-08  1.51384142e-09  1.36417574e-06
 -9.20228822e-08 -3.48270105e-08 -6.33379606e-07  1.77610518e-08  1.62418408e-10 -6.74699414e-08 -6.62032049e-08
  2.66409618e-07  1.38945128e-07  9.02036532e-08  5.30322063e-08 -2.82518602e-08  2.39805489e-08  1.24279926e-06
 -1.64995813e-07 -3.66015323e-08  4.41936587e-07 -4.00073354e-07 -3.46933014e-08 -9.62633700e-08  7.03401771e-08
 -7.61544074e-08  1.74243055e-07 -3.14860081e-07  3.86952594e-08 -2.40630238e-09  4.59366323e-08  9.94301712e-07
 -2.01246119e-07 -3.33323194e-08 -6.05015972e-07 -7.40533614e-08 -3.14390527e-08 -9.30421584e-08  1.31394544e-07
  4.78578819e-07  1.56511483e-07  2.43406653e-07 -2.60965218e-08  2.58198135e-08  9.97706271e-08  6.55966855e-07
 -8.09477015e-07 -2.73306874e-10  5.16994257e-07 -2.19095546e-07 -3.92433021e-08 -8.81508864e-08  1.78031353e-07
  8.62442747e-07  1.69798794e-07 -5.18895779e-07 -1.42006469e-08  4.74480169e-08  1.15048161e-07  2.63699649e-07
 -8.25889176e-07 -1.08801470e-08 -4.79753132e-07 -1.69130258e-07 -7.66197410e-08 -2.63379133e-08  2.14617280e-07
  7.59014804e-07  1.18047596e-07  4.99912257e-07 -2.67349346e-08  6.02577127e-08  1.64583584e-07 -1.54657355e-07
 -4.83900118e-07 -1.83364623e-08  4.54508016e-07 -1.35547691e-08 -6.14030706e-08  1.92957056e-08  1.60171765e-07
  4.32195077e-07  1.47358075e-07 -6.57078793e-07 -1.15065691e-07  4.94407539e-08  1.74567777e-07 -5.23360141e-07
  5.30124648e-08 -8.75020555e-08 -2.20000898e-07 -1.83764379e-07 -1.26532810e-07  8.85955753e-08  9.91605597e-08
 -4.62895152e-07  3.86054524e-08  7.06467805e-07  5.26257452e-08  6.88506470e-08  1.81104257e-07 -8.62409148e-07
  4.65288706e-07  3.66584522e-09  2.87863017e-07  1.87938205e-07 -1.21970439e-07  1.65946019e-07 -6.71361275e-08
 -8.74223760e-07  1.17711284e-07 -6.62528582e-07 -2.58285611e-07  3.03209310e-08  1.79705164e-07 -1.08076377e-06
  3.93138675e-07 -1.56686922e-07  5.28987015e-08 -3.01589259e-09 -1.68162409e-07  2.03124193e-07 -2.74179033e-07
 -1.50134959e-07  4.53911592e-08  6.70146627e-07  1.43169889e-07  4.14978242e-08  1.67395528e-07 -1.19659871e-06
  6.65395961e-07  1.25730432e-07  1.24424541e-07  3.05699516e-07 -1.83099119e-07  2.67720067e-07 -5.25909831e-07
 -1.92208545e-07  2.65518228e-08 -5.33721056e-07 -2.81690414e-07  1.98141101e-08  1.70256888e-07 -1.18190258e-06
  8.29856539e-07 -1.85081992e-07  2.01987791e-07  2.76831030e-07 -1.92020345e-07  2.61059573e-07 -7.95540256e-07
 -3.78803871e-07  6.63974470e-08  4.17724537e-07  1.47121107e-07 -4.85764449e-09  1.80397199e-07 -1.00049812e-06
  1.06041076e-06  2.38834142e-07  1.47716223e-08  4.11021210e-07 -1.97411308e-07  2.71278128e-07 -9.95797904e-07
 -4.46332259e-07 -9.56558296e-08 -2.40650605e-07 -5.20972695e-08  8.81113069e-09  2.07753693e-07 -7.55337730e-07
  1.38449381e-06 -3.10341443e-07  1.39069964e-07  4.70047470e-07 -1.72462492e-07  2.43504923e-07 -1.13343938e-06
 -1.28220654e-06  8.95387813e-08  6.45479430e-08  4.75976586e-08 -4.74973104e-08  2.53238187e-07 -3.39699392e-07
  9.07531812e-07  3.59323554e-07  1.00181432e-07  5.92395027e-07 -1.39781381e-07  1.90065416e-07 -1.19572663e-06
 -7.90654043e-07 -3.03551946e-07  1.02490180e-07  2.50612535e-07 -1.27972273e-08  3.12458120e-07  7.72519257e-08
  3.80003757e-07 -4.46029890e-07 -1.69182528e-07  5.31763645e-07 -9.90353014e-08  1.62341247e-07 -1.19745493e-06
 -3.18667447e-08  2.92195970e-07 -2.91772208e-07 -7.26431875e-08 -4.51405839e-08  3.56345026e-07  5.01797385e-07
  1.35058080e-07  5.22164588e-07  3.66460120e-07  7.73790358e-07 -3.94433531e-08  8.16748706e-08 -1.18405389e-06
 -5.52103371e-07 -6.46180577e-07  2.45026046e-07  3.60765085e-07 -1.31392320e-08  4.23971074e-07  8.98244682e-07
  3.24809044e-07 -4.97578973e-07 -5.60004884e-07  5.05974050e-07  1.71467633e-08  2.82084750e-08 -1.22933797e-06
 -5.03191563e-07  7.19441032e-07 -4.45466142e-07 -6.86565676e-08  3.13600517e-08  4.31275677e-07  1.10237482e-06
  3.61303083e-07  5.56469481e-07  5.37837828e-07  7.60258328e-07  5.42417467e-08 -5.41568421e-08 -1.29777963e-06
 -7.96546306e-07 -1.15149617e-06  1.43613329e-07  2.58887103e-07  4.79343507e-08  4.34664554e-07  1.22429197e-06
  5.28824278e-08 -3.81335611e-07 -7.27359751e-07  5.35250868e-07  1.36906594e-07 -1.46312338e-07 -1.47329830e-06
 -7.20939168e-07  1.32876588e-06 -3.04366791e-07  8.82014645e-08  1.35958569e-07  4.07395910e-07  1.15452262e-06
  1.71014712e-07  3.92372864e-07  3.98412175e-07  4.88165996e-07  1.46263027e-07 -2.20484240e-07 -1.72078218e-06
  3.21502542e-07 -1.80457620e-06 -7.22364472e-08  8.33215047e-08  1.48399995e-07  3.03889972e-07  9.62485368e-07
 -6.79648841e-08  1.31633537e-07 -4.45985800e-07  6.69451833e-07  2.15651279e-07 -2.88771076e-07 -1.94716143e-06
  1.11526281e-07  2.09187165e-06 -1.24491335e-07  1.42091996e-07  1.95757033e-07  2.28050126e-07  7.17773647e-07
  3.36712431e-07 -1.87734216e-07 -2.13025642e-08  1.62912962e-07  2.43505742e-07 -3.19193562e-07 -2.20830805e-06
 -2.56302016e-07 -2.49858378e-06 -1.69566395e-07 -2.38855371e-08  2.14904248e-07  6.60014953e-08  3.66601598e-07
  1.31057723e-06  9.54435975e-07  1.51542784e-07  6.29055011e-07  2.29103868e-07 -3.09438267e-07 -2.28575063e-06
 -2.01827733e-07  2.72318746e-06 -1.59217905e-07 -1.46570990e-08  2.13768708e-07 -8.38444091e-08  2.01679043e-09
  1.16531450e-06 -1.24728208e-06 -4.48953126e-07  6.90873498e-08  2.73527094e-07 -2.62006523e-07 -2.21643456e-06
 -5.63527228e-07 -2.88380300e-06  1.04191923e-07 -4.47313134e-08  2.22547396e-07 -2.28708505e-07 -4.12715921e-07
  2.10986787e-06  1.98520494e-06  5.73692932e-07  2.29517054e-07  1.93146935e-07 -2.15678088e-07 -1.96847413e-06
 -3.20172900e-07  2.88968175e-06 -3.99311442e-07 -1.02376775e-07  2.16227340e-07 -4.22840960e-07 -8.19369016e-07
  4.42352907e-06 -2.38842518e-06 -4.36260068e-07  1.99935508e-07  1.86272155e-07 -1.43689098e-07 -1.42388971e-06
 -6.03090078e-07 -2.65674524e-06  4.25033291e-07 -1.49717434e-07  1.96897151e-07 -5.44879180e-07 -1.16928796e-06
  5.31809824e-06  2.71681868e-06  4.68275311e-07 -1.47695311e-07  1.30365758e-07 -1.21477953e-07 -7.92227727e-07
 -2.19075595e-06  2.30541743e-06 -4.49784656e-07  4.81014064e-09  1.74224871e-07 -7.01690931e-07 -1.36700751e-06
  7.06358621e-06 -3.02588932e-06 -3.60933884e-08  2.57356308e-07  3.62900238e-08 -1.12848607e-07  2.34318845e-08
 -2.85370898e-06 -1.68270017e-06  2.90138655e-07 -2.91363821e-07  1.59768439e-07 -8.16467867e-07 -1.36408136e-06
  9.37043020e-06  2.24442272e-06  9.94351119e-08 -1.45446693e-07  2.01872329e-08 -9.50704892e-08  9.10766303e-07
 -1.66440610e-06  1.09329159e-06  8.16696419e-08  9.07257694e-08  9.90588962e-08 -8.73966059e-07 -1.13747243e-06
  8.63003069e-06 -2.49426713e-06  1.84265562e-07  8.07412964e-08 -9.66574591e-08 -1.46870541e-07  1.73035861e-06
 -2.31321916e-06 -4.29463655e-07 -3.28606400e-07 -1.04958614e-07  1.05591131e-07 -9.30954643e-07 -6.55284295e-07
  4.85161870e-06  8.43650731e-08 -5.24527766e-08  1.14650018e-07 -1.42578180e-07 -1.42878173e-07  2.63163815e-06
 -2.70030993e-06  7.29631039e-08  7.08858347e-07 -1.16322395e-07  5.53440624e-08 -8.99223499e-07 -1.21291589e-07
 -1.21950459e-07 -9.46085913e-07 -9.01662901e-08 -2.35684949e-08 -1.81689924e-07 -1.71570112e-07  3.43898096e-06
 -2.42057588e-07 -7.19810522e-08 -7.12146234e-07  2.93188255e-07  4.68425573e-09 -8.41388281e-07  4.63838797e-07
 -1.31629429e-05 -3.20524050e-06 -1.34051438e-07  2.12853643e-07 -2.48820745e-07 -2.41133805e-07  4.18940173e-06
  5.03442447e-06  2.19117159e-07  5.10892841e-07 -2.77806639e-07  2.47895251e-08 -7.44427215e-07  9.83468563e-07
 -4.27240676e-05  1.52935407e-07 -4.50632214e-07  1.16175684e-07 -2.33875852e-07 -2.21727570e-07  4.90085680e-06
  4.09941674e-06 -1.06196707e-06 -1.79486741e-07  2.98850820e-07 -6.75605145e-08 -6.10579500e-07  1.25608550e-06
 -7.79276503e-05 -5.47600678e-06 -7.68092536e-07  1.70320799e-07 -2.39144270e-07 -2.78261646e-07  5.39778413e-06
  1.08777124e-05  1.06596895e-06 -4.43059908e-07  1.40508156e-07 -4.41429286e-08 -4.53850879e-07  1.48899325e-06
 -1.19108782e-04 -1.11401703e-06 -5.53711691e-07  1.39870022e-07 -2.16080563e-07 -2.95190563e-07  5.69337505e-06
  2.06781752e-05 -2.14314897e-06  4.80277819e-07 -1.31296964e-07 -2.54964343e-08 -2.86121018e-07  1.50773032e-06
 -1.96596787e-04 -5.49279817e-06 -1.85948385e-06  2.95064846e-07 -1.71893349e-07 -2.60403583e-07  5.72939869e-06
  2.04706780e-05  8.62940571e-07 -8.30643170e-07  5.25596465e-07 -8.87780552e-08 -1.37819784e-07  1.32766900e-06
 -2.82790217e-04 -4.49401374e-06 -1.46551811e-06  8.02715805e-08 -1.09330883e-07 -3.25320700e-07  5.47316534e-06
  2.13959033e-05 -8.48177571e-07  6.14062858e-08 -1.18438061e-07  1.05651706e-08  3.49417527e-08  1.17601337e-06
 -3.18410355e-04 -4.26600517e-06 -2.16528607e-06  1.27494892e-07 -6.11192256e-08 -3.17829497e-07  4.94837920e-06
  2.68416894e-05 -2.20136042e-06 -1.19593285e-07  5.28843292e-08  6.66320053e-09  1.36752079e-07  8.11989755e-07
 -3.44338309e-04 -6.62018172e-06 -3.93322743e-06  4.10366149e-07 -4.06292367e-08 -3.00326653e-07  4.18557038e-06
  3.19336740e-05  3.32450162e-06 -8.20318107e-07  4.10812313e-07 -1.26433963e-08  1.88280982e-07  4.26741853e-07
 -4.49341140e-04 -4.56172665e-06 -3.04023257e-06 -1.59254377e-07  2.93249336e-08 -3.36996765e-07  3.27777169e-06
 -1.76327456e-06 -2.56297439e-06 -1.10079817e-07 -2.77654757e-07  9.99958972e-08  2.58662980e-07  1.79557785e-07
 -1.77053996e-04 -5.28192289e-06 -4.89871721e-06  1.54844337e-07 -5.27967740e-09 -2.71639058e-07  2.20178432e-06
  1.45858281e-05  2.17159024e-06 -6.47548466e-07  1.09496883e-07  6.14369969e-08  1.87167875e-07 -2.12306749e-07
  3.78968770e-04 -4.23604845e-06 -6.58879470e-06  3.82371256e-07 -5.77161836e-08 -2.05494623e-07  1.12281107e-06
 -0.00000000e+00  6.81869601e-06 -9.04370558e-07  2.62558967e-07  3.86567263e-08  8.43465886e-08 -5.57831089e-07
 -1.77053996e-04 -3.37857909e-06 -5.59825890e-06 -4.41782594e-07 -3.41303994e-08 -1.61425879e-07  2.02871209e-07
 -1.45858281e-05  2.54494281e-06 -8.82252798e-07 -1.72638290e-07  1.16189519e-07  2.61229606e-08 -8.09429476e-07
 -4.49341140e-04 -2.00680052e-06 -7.36156120e-06 -8.38398065e-08 -1.63999126e-07 -4.70076040e-08 -6.61881448e-07
  1.76327456e-06  8.69548795e-06 -1.24643289e-06  1.32661007e-07  7.50993334e-08 -1.59914078e-07 -1.20635926e-06
 -3.44338309e-04 -6.75761590e-08 -8.56817968e-06  1.28139196e-07 -2.92639334e-07  5.38267864e-08 -1.25959805e-06
 -3.19336740e-05  1.40618823e-05 -1.49084777e-06  2.45453197e-07  6.58272717e-08 -3.12714381e-07 -1.48475626e-06
 -3.18410355e-04  5.36516068e-09 -7.01510690e-06 -8.01660736e-07 -3.20163360e-07  1.12412955e-07 -1.45582943e-06
 -2.68416894e-05  9.87670606e-06 -2.04399920e-06  8.95310489e-09  1.58990581e-07 -3.31418199e-07 -1.53548147e-06
 -2.82790217e-04  3.17652987e-07 -6.46433960e-06 -7.33135978e-07 -4.94608086e-07  1.63760236e-07 -1.48864563e-06
 -2.13959033e-05  6.50540703e-06 -2.39491213e-06  5.72291752e-08  2.06491348e-07 -4.15075837e-07 -1.51486783e-06
 -1.96596787e-04  1.04196801e-06 -5.86615336e-06 -3.50555170e-07 -7.27349480e-07  1.65274665e-07 -1.21417426e-06
 -2.04706780e-05  6.75376122e-06 -2.59412094e-06  1.26763059e-07  2.89592488e-07 -4.44882794e-07 -1.25087286e-06
 -1.19108782e-04  6.90165960e-07 -2.75425662e-06 -9.18474127e-07 -8.65555359e-07  1.26422758e-07 -5.54078356e-07
 -2.06781752e-05  8.06175222e-06 -3.26117401e-06 -4.04844843e-09  4.60539303e-07 -3.10746103e-07 -6.98857234e-07
 -7.79276503e-05 -1.69818827e-07  1.09276517e-06 -9.80875681e-07 -1.12452198e-06  4.58005827e-08  9.73021389e-08
 -1.08777124e-05  9.45575001e-06 -3.74282854e-06 -1.10994841e-07  6.50995800e-07 -2.11676883e-07 -5.95930997e-08
 -4.27240676e-05 -1.22519696e-06  4.05639766e-06 -1.20383154e-07 -1.53223863e-06 -7.21904651e-08  6.89033226e-07
 -4.09941674e-06  1.00260151e-05 -3.59064328e-06 -2.23244135e-07  8.49754427e-07 -1.45610260e-07  5.98010269e-07
 -1.31629429e-05 -2.49090005e-06  6.25313526e-06  7.39176980e-07 -1.92454093e-06 -1.89980170e-07  1.33332905e-06
 -5.03442447e-06  8.70032190e-06 -3.09867895e-06 -2.84243043e-07  1.07907582e-06  2.11694181e-08  1.19496521e-06
 -1.21950459e-07 -3.85227714e-06  7.84368649e-06  1.87910769e-06 -2.37236700e-06 -3.15466240e-07  1.72474718e-06
  2.42057588e-07  6.05665861e-06 -2.59786937e-06 -2.68801998e-07  1.32092433e-06  1.82413947e-07  1.55746589e-06
  4.85161870e-06 -4.77638855e-06  8.86502166e-06  4.17609271e-06 -2.95062981e-06 -4.55442063e-07  1.74652036e-06
  2.70030993e-06  3.16393284e-06 -2.05352185e-06 -3.04188490e-07  1.55229379e-06  2.78370400e-07  1.61654485e-06
  8.63003069e-06 -5.29249797e-06  9.44617052e-06  7.55715288e-06 -3.54690772e-06 -5.59303727e-07  1.64876922e-06
  2.31321916e-06  5.46887003e-07 -1.69316134e-06 -1.65791293e-07  1.73662819e-06  4.19491263e-07  1.38828216e-06
  9.37043020e-06 -5.48924230e-06  9.28992802e-06  1.12700555e-05 -4.07640565e-06 -6.25202370e-07  1.45385987e-06
  1.66440610e-06 -1.47578724e-06 -1.57068161e-06  2.30809519e-07  1.87270282e-06  6.48265973e-07  9.34203279e-07
  7.06358621e-06 -5.34986345e-06  8.11657543e-06  1.46787779e-05 -4.52509148e-06 -6.95954318e-07  1.09895485e-06
  2.85370898e-06 -2.85357044e-06 -1.58600571e-06  7.81161179e-07  1.96702840e-06  9.33278440e-07  3.59053440e-07
  5.31809824e-06 -4.92293169e-06  5.83701794e-06  1.73191205e-05 -4.78518484e-06 -7.45177159e-07  7.68510485e-07
  2.19075595e-06 -3.62514275e-06 -1.64587455e-06  1.38435502e-06  2.00855496e-06  1.31923091e-06 -2.51760661e-07
  4.42352907e-06 -4.35009435e-06  2.87312750e-06  1.91489184e-05 -4.69656396e-06 -7.56776551e-07  5.88025943e-07
  6.03090078e-07 -3.87433365e-06 -1.83802248e-06  1.98795399e-06  1.97909382e-06  1.84725882e-06 -7.73022167e-07
  2.10986787e-06 -3.74378930e-06 -2.31232853e-07  2.04021020e-05 -4.14899801e-06 -7.69226850e-07  4.88840130e-07
  3.20172900e-07 -3.78878824e-06 -2.07840435e-06  2.57587204e-06  1.91656956e-06  2.50565041e-06 -1.05948859e-06
  1.16531450e-06 -3.07930756e-06 -2.99330231e-06  2.11725536e-05 -3.09979628e-06 -8.07264646e-07  3.69197973e-07
  5.63527228e-07 -3.46484649e-06 -2.36464580e-06  3.05878155e-06  1.86050302e-06  3.26193267e-06 -1.06850812e-06
  1.31057723e-06 -2.47921334e-06 -5.04854930e-06  2.13732969e-05 -1.57166545e-06 -8.60429793e-07  1.06490280e-07
  2.01827733e-07 -3.01095131e-06 -2.64544348e-06  3.40426421e-06  1.83921241e-06  4.06014485e-06 -8.33067497e-07
  3.36712431e-07 -1.90181753e-06 -6.36554344e-06  2.06563453e-05  3.37807840e-07 -9.41412978e-07 -5.11602597e-07
  2.56302016e-07 -2.54203348e-06 -2.86137569e-06  3.52135470e-06  1.85875396e-06  4.76984786e-06 -3.78236452e-07
 -6.79648841e-08 -1.42545546e-06 -6.90850516e-06  1.88987699e-05  2.42330658e-06 -1.11511049e-06 -1.68706286e-06
 -1.11526281e-07 -2.01960499e-06 -3.02968534e-06  3.34628595e-06  1.93665959e-06  5.18449395e-06  2.68176913e-07
  1.71014712e-07 -1.04872983e-06 -6.87041596e-06  1.61838423e-05  4.41237806e-06 -1.43929658e-06 -3.53090313e-06
 -3.21502542e-07 -1.59880833e-06 -3.03386904e-06  2.87924384e-06  2.08570576e-06  5.08297650e-06  9.65285147e-07
  5.28824278e-08 -7.00817982e-07 -6.41958013e-06  1.29143041e-05  6.01850445e-06 -1.93645135e-06 -6.12229484e-06
  7.20939168e-07 -1.15717427e-06 -2.96199614e-06  2.19398910e-06  2.31036041e-06  4.26399765e-06  1.55198300e-06
  3.61303083e-07 -4.32280638e-07 -5.68038175e-06  9.51231726e-06  7.00830865e-06 -2.61559212e-06 -9.48455782e-06
  7.96546306e-07 -8.83615617e-07 -2.76584335e-06  1.41687776e-06  2.60097718e-06  2.56125246e-06  1.94562373e-06
  3.24809044e-07 -1.89851842e-07 -4.84313875e-06  6.40541700e-06  7.23027220e-06 -3.45180870e-06 -1.33678359e-05
  5.03191563e-07 -6.21803956e-07 -2.49883622e-06  6.06241216e-07  2.92026818e-06 -1.33859244e-07  2.09004278e-06
  1.35058080e-07 -7.97435472e-08 -3.98074583e-06  3.85906773e-06  6.65435851e-06 -4.37760416e-06 -1.71164744e-05
  5.52103371e-07 -3.91071493e-07 -2.20933337e-06 -6.31113301e-08  3.19506787e-06 -3.76778476e-06  1.93240368e-06
  3.80003757e-07 -7.24006540e-09 -3.15066807e-06  1.92910088e-06  5.38485655e-06 -5.28856000e-06 -1.98053506e-05
  3.18667447e-08 -1.86059917e-07 -1.84799117e-06 -6.45681024e-07  3.37934244e-06 -8.04344820e-06  1.45262425e-06
  9.07531812e-07  7.31494903e-08 -2.38161898e-06  6.13814181e-07  3.61536514e-06 -6.04316803e-06 -2.04571128e-05
  7.90654043e-07 -1.29746777e-07 -1.51067183e-06 -1.01564782e-06  3.42025463e-06 -1.24609350e-05  6.43840331e-07
  1.38449381e-06  1.08960406e-07 -1.78407559e-06 -1.72310872e-07  1.61036232e-06 -6.51302742e-06 -1.80354942e-05
  1.28220654e-06  1.50595706e-08 -1.19198779e-06 -1.23784530e-06  3.31563880e-06 -1.63897622e-05 -4.09307241e-07
  1.06041076e-06  1.36783999e-07 -1.26720375e-06 -6.14914836e-07 -3.63645062e-07 -6.62556276e-06 -1.14779279e-05
  4.46332259e-07  2.99565022e-08 -9.33689486e-07 -1.31171936e-06  3.08732937e-06 -1.92336257e-05 -1.52586363e-06
  8.29856539e-07  1.60175997e-07 -8.50159387e-07 -7.80845043e-07 -2.09695750e-06 -6.37659201e-06  6.21562080e-08
  3.78803871e-07  1.21802600e-07 -6.74482390e-07 -1.32150418e-06  2.77179136e-06 -2.05817737e-05 -2.46575679e-06
  6.65395961e-07  1.36503669e-07 -5.56370953e-07 -7.67149313e-07 -3.45196938e-06 -5.83530144e-06  1.67513775e-05
  1.92208545e-07  1.44837772e-07 -4.45975450e-07 -1.20048806e-06  2.40351332e-06 -2.02750751e-05 -2.92334021e-06
  3.93138675e-07  1.39250264e-07 -3.05740844e-07 -6.84798954e-07 -4.36632010e-06 -5.12668615e-06  3.75522853e-05
  1.50134959e-07  1.40272487e-07 -2.72972503e-07 -1.05478548e-06  2.03009599e-06 -1.84317883e-05 -2.62686950e-06
  4.65288706e-07  1.25855958e-07 -1.72173325e-07 -5.36429559e-07 -4.86364444e-06 -4.38213615e-06  6.01217347e-05
  8.74223760e-07  1.11667944e-07 -9.00529483e-08 -8.88228575e-07  1.67579826e-06 -1.54178832e-05 -1.44105541e-06
  5.30124648e-08  1.67672948e-07 -8.47394449e-08 -4.07141279e-07 -4.99407414e-06 -3.71133812e-06  8.12269504e-05
  4.62895152e-07  7.97409017e-08  6.41750695e-09 -7.35968884e-07  1.34885643e-06 -1.17290058e-05  5.50802529e-07
 -4.83900118e-07  8.45491315e-08 -1.40935016e-08 -2.90238902e-07 -4.84300528e-06 -3.19409777e-06  9.75378068e-05
 -4.32195077e-07  7.84240727e-08  8.63440276e-08 -5.90809224e-07  1.05856618e-06 -7.89204688e-06  3.05618996e-06
 -8.25889176e-07  1.04823494e-07  1.87768055e-08 -1.82962261e-07 -4.49160845e-06 -2.85561674e-06  1.06474961e-04
 -7.59014804e-07  5.75157394e-08  1.61254317e-07 -4.76102523e-07  8.04171881e-07 -4.35700973e-06  5.57858866e-06
 -8.09477015e-07  8.71468317e-08  4.62706659e-08 -1.07568656e-07 -4.01198299e-06 -2.67048302e-06  1.06808464e-04
 -8.62442747e-07  9.24899549e-08  1.95203730e-07 -3.32053910e-07  5.83965945e-07 -1.43831579e-06  7.57725996e-06
 -2.01246119e-07  9.30203205e-08  5.38704396e-08 -7.19586561e-08 -3.46514267e-06 -2.59205969e-06  9.88645310e-05
 -4.78578819e-07  4.32846074e-08  2.07157550e-07 -2.22896583e-07  3.96598048e-07  7.14328954e-07  8.61859234e-06
 -1.64995813e-07  1.46983177e-07  6.54300897e-08 -6.37233451e-08 -2.90028864e-06 -2.55594183e-06  8.42932704e-05
  7.61544074e-08  3.50133950e-08  1.93399960e-07 -1.19080634e-07  2.36608661e-07  2.09515981e-06  8.48209321e-06
 -9.20228822e-08  1.19786255e-07  5.87242237e-08 -6.48913304e-08 -2.35185809e-06 -2.51663568e-06  6.55848336e-05
 -2.66409618e-07  4.73205568e-08  1.84850506e-07 -5.64876181e-08  1.01051903e-07  2.80348054e-06  7.20094488e-06
 -3.01216551e-07  1.10789946e-07  1.12516500e-07 -8.93719633e-08 -1.84083058e-06 -2.43436141e-06  4.54726465e-05
 -9.41181576e-07  2.64762097e-08  1.59963870e-07  8.65259468e-09 -6.85476221e-09  2.99546736e-06  5.03117428e-06
 -9.72373587e-07  4.07478382e-08  1.38892052e-07 -9.86075168e-08 -1.38664222e-06 -2.30037403e-06  2.63771596e-05
 -1.07380411e-06  3.80381891e-08  1.56279259e-07  4.64191672e-08 -8.62083541e-08  2.82857233e-06  2.38427349e-06
 -1.06080230e-06  3.38181072e-08  1.81002774e-07 -1.12109569e-07 -1.00141554e-06 -2.11566912e-06  1.00748905e-05
 -1.37511760e-06 -1.40785002e-08  1.19134349e-07  7.77784234e-08 -1.32047413e-07  2.44803265e-06 -2.89826607e-07
 -6.25596346e-07  2.10008024e-08  1.98013944e-07 -1.37400180e-07 -6.85717090e-07 -1.89139398e-06 -2.45883612e-06
 -8.11865477e-07 -4.97375764e-08  1.00497362e-07  6.32435215e-08 -1.53186478e-07  1.97086331e-06 -2.59813411e-06
 -4.75747911e-07 -1.82200963e-09  2.02884883e-07 -1.52682250e-07 -4.43735643e-07 -1.65249704e-06 -1.10216317e-05
  2.40984423e-08 -8.41106759e-08  2.84294628e-08  7.36239149e-08 -1.52145674e-07  1.47501688e-06 -4.28126654e-06
 -3.27405052e-07  3.31240486e-09  2.17383171e-07 -1.63884446e-07 -2.65293264e-07 -1.41340547e-06 -1.59576191e-05
  7.90539675e-08 -1.05066428e-07  4.98241412e-08  2.74722295e-08 -1.28327019e-07  1.01548981e-06 -5.23999014e-06
  6.38370589e-09 -4.09121399e-08  2.08821355e-07 -1.41687906e-07 -1.39710583e-07 -1.18117390e-06 -1.79534808e-05
  1.86278965e-07 -9.25686734e-08  2.47736368e-08  4.99083932e-08 -9.59536086e-08  6.19078582e-07 -5.52570095e-06
 -2.18096198e-07 -5.46429233e-08  1.76372788e-07 -1.15119223e-07 -5.44697892e-08 -9.57907183e-07 -1.78018534e-05
 -2.59850665e-07 -5.48198697e-08  6.00537756e-08  3.64344339e-08 -5.44332874e-08  2.99652751e-07 -5.27950928e-06
 -2.75674475e-07 -6.36159991e-08  1.36537900e-07 -7.79569275e-08  2.05712027e-09 -7.45830477e-07 -1.62456081e-05
 -8.95817898e-07 -7.77896761e-08  4.92098115e-08  2.39868653e-08 -1.95222256e-08  6.55910835e-08 -4.68488186e-06
  3.67683392e-08 -4.52714266e-08  7.35849222e-08 -5.35286583e-08  4.11405285e-08 -5.37873636e-07 -1.39003618e-05
 -7.23712633e-07 -1.14650646e-07  6.39011766e-08 -1.34312967e-08  2.36623699e-09 -8.31321807e-08 -3.94318886e-06
  1.00835018e-07 -1.82654885e-08 -1.67398393e-08 -1.08024094e-08  7.12801409e-08 -3.34472544e-07 -1.12223401e-05
 -3.22651995e-07 -9.44579566e-08  3.86663199e-08 -4.16119623e-08  4.21462584e-09 -1.53657873e-07 -3.20452005e-06
  2.81552180e-07  6.40614227e-09 -5.00424146e-08 -1.51156780e-08  1.05283485e-07 -1.33612062e-07 -8.52390613e-06
  4.62063807e-07 -1.11910774e-07  5.43249658e-08 -5.67853204e-08 -5.46523295e-09 -1.54040886e-07 -2.55051706e-06
  5.28305321e-07  2.71103209e-08 -8.80662604e-08 -1.80324934e-08  1.42710635e-07  5.74680369e-08 -6.02396447e-06
  9.74389125e-07 -9.94312570e-08  5.44747368e-08 -5.54542462e-08 -2.47269409e-08 -1.10134830e-07 -2.02200152e-06
  4.92148537e-07  9.98262285e-09 -1.04076293e-07 -5.77180028e-08  1.79798448e-07  2.33918979e-07 -3.85080208e-06
  1.14544677e-06 -9.20588829e-08  8.45969394e-08 -2.91227656e-08 -5.27397422e-08 -4.05739761e-08 -1.60427214e-06
  3.16690001e-07 -3.31846063e-09 -1.49423680e-07 -1.16866860e-07  2.21274828e-07  3.72694240e-07 -2.10099850e-06
  1.01949090e-06 -5.15719066e-08  8.16758413e-08 -1.63800256e-08 -8.28673925e-08  4.23665960e-08 -1.25275525e-06
  6.06877988e-08 -5.68129440e-09 -1.50135359e-07 -2.32497439e-07  2.54922827e-07  4.61530372e-07 -8.33037659e-07
  3.37904174e-07 -2.56955920e-08  9.25697602e-08 -1.88595354e-08 -1.09295373e-07  1.14191211e-07 -9.27244212e-07
  5.22307260e-08  1.16848625e-08 -1.70635002e-07 -3.08877179e-07  2.79495293e-07  4.94724902e-07 -6.63356283e-08
 -5.12237217e-08 -2.59264612e-08  6.38974882e-08 -2.44061248e-08 -1.31531000e-07  1.59981225e-07 -5.77051322e-07
 -1.03575124e-07  3.97970602e-08 -1.77530758e-07 -3.98701721e-07  2.90352564e-07  4.73158044e-07  2.39710011e-07
 -3.38378784e-07  9.19501055e-09  4.45323476e-08 -6.42178896e-09 -1.41248993e-07  1.68267741e-07 -1.69108503e-07
  2.78549260e-08  8.09080165e-08 -1.48810047e-07 -4.55708566e-07  2.85225210e-07  4.07959987e-07  1.62958054e-07
 -5.01010399e-07 -3.03854869e-08  1.99469456e-08 -1.28726671e-09 -1.38750214e-07  1.38523831e-07  3.08099254e-07
  1.47745353e-07  1.21022572e-07 -1.26585530e-07 -5.12018927e-07  2.59507074e-07  3.14501469e-07 -1.84354305e-07
 -2.12679133e-07  8.13378350e-09  3.45902093e-08  2.82260572e-08 -1.32139107e-07  7.52845437e-08  7.96896497e-07
 -5.36119269e-08  8.27024990e-08 -7.81569144e-08 -5.50938925e-07  2.11931249e-07  2.11680808e-07 -6.56456088e-07
  3.40550878e-07  1.36825472e-08  1.79532307e-09  5.15420784e-08 -1.26238027e-07 -9.57937338e-09  1.22994982e-06
  1.10988607e-07  6.64911498e-08 -3.03444614e-08 -5.79521662e-07  1.48352681e-07  1.15831908e-07 -1.09713958e-06
  6.88817006e-07  5.89960758e-08  2.81261372e-08  3.48666349e-08 -1.20486663e-07 -9.41945348e-08  1.52146774e-06
 -1.57880255e-08  8.82331872e-09  1.42021680e-08 -5.98870586e-07  7.52914426e-08  4.36231150e-08 -1.38421460e-06
  1.04054965e-06  4.88407019e-08 -8.84643002e-09  2.13975912e-08 -1.15316851e-07 -1.72203630e-07  1.61743102e-06
  1.69916855e-07 -4.26528838e-10  3.81107015e-08 -5.85463641e-07 -2.08528855e-09  4.78277507e-09 -1.43214454e-06
  1.10335346e-06  9.15636404e-08 -1.92119397e-08 -1.82231671e-08 -1.05871534e-07 -2.30950577e-07  1.48376521e-06
  2.76819350e-07 -4.52189235e-08  5.67945223e-08 -5.58581754e-07 -7.24729675e-08 -4.21978281e-09 -1.20460838e-06
  7.55082752e-07  7.28629544e-08 -6.10729226e-08 -2.97016570e-08 -8.95207744e-08 -2.54406570e-07  1.17447314e-06
  6.48539650e-08  2.70167682e-09  8.90317728e-08 -5.08671426e-07 -1.32672486e-07  9.81941383e-09 -7.62141308e-07
  4.05425872e-07  8.88383412e-08 -5.99785522e-08 -5.18243942e-08 -6.58494405e-08 -2.35933088e-07  7.24301936e-07
 -4.65696366e-08 -3.42982633e-08  9.67147472e-08 -4.22941016e-07 -1.84049288e-07  3.98063723e-08 -1.67376997e-07
 -2.60467262e-07  7.93632428e-08 -5.07760558e-08 -3.75526222e-08 -4.67707793e-08 -1.69986169e-07  2.37153023e-07
 -3.21521532e-07  2.89618668e-08  1.25048927e-07 -3.38963875e-07 -2.15370623e-07  7.45610609e-08  4.49450498e-07
 -7.92635114e-07  7.36165324e-08 -1.11944454e-08 -3.12990252e-08 -3.25224279e-08 -5.38616506e-08 -2.01846268e-07
 -3.65121696e-07 -3.17102848e-08  1.15964346e-07 -2.50755575e-07 -2.36918664e-07  1.15829087e-07  1.01273238e-06
 -1.24537500e-06  6.58925183e-08  2.43012351e-08 -4.21429779e-08 -2.66875562e-08  9.34637218e-08 -5.25420362e-07
 -3.18715429e-07  3.98288673e-08  1.30700314e-07 -1.58144390e-07 -2.38764045e-07  1.66699859e-07  1.40185443e-06
 -1.29723685e-06  1.96255603e-08  7.84804001e-08 -7.44159130e-08 -3.31323234e-08  2.56931215e-07 -6.98806455e-07
 -1.11020349e-07 -2.41161868e-08  8.31781038e-08 -8.46002304e-08 -2.27193808e-07  2.26824179e-07  1.58889513e-06
 -1.10575656e-06  2.48016585e-08  8.18446247e-08 -9.96196547e-08 -4.37697443e-08  4.13365795e-07 -7.45718064e-07
 -4.88639889e-09  1.42720902e-08  9.49713085e-08 -2.41945289e-09 -2.01635959e-07  2.94607529e-07  1.49299885e-06
 -7.88503690e-07 -3.35911824e-09  9.25731432e-08 -1.25646205e-07 -6.09797326e-08  5.49455994e-07 -7.04529137e-07
  1.50174789e-07 -2.93373275e-08  4.65297662e-08  5.66038735e-08 -1.63430418e-07  3.58021817e-07  1.13842644e-06
 -2.34646343e-07  1.07203708e-08  8.30086366e-08 -1.09498508e-07 -7.75770737e-08  6.59574636e-07 -6.40406310e-07
  2.45989466e-07 -2.03098637e-08  5.61297804e-08  1.09357009e-07 -1.18181263e-07  4.11183508e-07  4.88119238e-07
  2.42226611e-08  2.79531297e-08  5.36653161e-08 -6.57731361e-08 -9.94089587e-08  7.36157027e-07 -5.79685878e-07
  1.41228104e-07 -4.59618717e-08  1.00455772e-08  1.53439583e-07 -6.69597922e-08  4.41562927e-07 -3.50000175e-07
  3.61498656e-07  1.88697155e-08  4.94262852e-08 -5.05172858e-09 -1.21785176e-07  7.81833616e-07 -5.27105994e-07
  1.32062978e-07 -4.22768248e-08  2.01996463e-08  1.59406832e-07 -7.54590871e-09  4.45636930e-07 -1.34013702e-06
  4.13148052e-07  7.14254861e-10  1.07881443e-08  5.81179462e-08 -1.40792562e-07  7.99799510e-07 -4.28414895e-07
  9.74372388e-08 -6.46355150e-08 -8.90094854e-09  1.77943055e-07  4.66540708e-08  4.22642990e-07 -2.34013653e-06
  4.28841434e-07 -3.81815127e-09  8.50420661e-10  9.59047552e-08 -1.54153265e-07  7.78020017e-07 -2.96195772e-07
  4.04270642e-09 -1.17048897e-08 -1.43940767e-08  1.95823629e-07  1.00902189e-07  3.75881684e-07 -3.28459594e-06
  3.85219790e-07  1.36917208e-08 -7.50327313e-09  1.18628988e-07 -1.54603604e-07  7.34581714e-07 -6.18626910e-08
 -6.25615837e-08 -4.08899200e-08  9.76282931e-09  1.71920823e-07  1.49968987e-07  3.03102599e-07 -4.07007302e-06
  2.12868707e-07 -1.89365114e-08 -3.99928998e-08  1.21807214e-07 -1.37730410e-07  6.63746720e-07  1.92189665e-07
 -2.92360599e-08 -1.19517312e-08  5.44842476e-09  1.98029094e-07  1.79468453e-07  2.16552694e-07 -4.67472050e-06
  1.61781268e-07 -2.55598023e-08 -3.13875743e-08  1.03352087e-07 -1.06750372e-07  5.70670152e-07  4.85446187e-07
 -9.40818529e-08 -6.09542023e-09 -8.46598487e-09  1.85140981e-07  1.98889455e-07  1.13766977e-07 -5.04485017e-06
  2.14313580e-08 -2.84526300e-08 -3.70494895e-08  8.96802920e-08 -6.27530050e-08  4.65507899e-07  7.06992984e-07
 -3.77328537e-08 -2.64388477e-08  3.16678438e-10  1.59319571e-07  2.01085711e-07  1.85259760e-08 -5.17720130e-06
 -9.97083169e-08 -2.81567282e-08 -5.09793456e-08  6.00624312e-08 -1.26830667e-08  3.46113865e-07  8.72488298e-07
 -2.88688987e-08 -4.17776931e-08 -1.99093270e-08  1.65937526e-07  1.88352797e-07 -7.03687821e-08 -5.09030286e-06
 -1.30080106e-07 -1.35264240e-08 -5.65623170e-08  4.70594344e-08  3.41326857e-08  2.22053489e-07  8.88408347e-07
 -8.52295654e-09 -1.71786551e-08 -3.40787067e-08  1.51101813e-07  1.67769131e-07 -1.31275311e-07 -4.78858910e-06
 -1.81822871e-07  1.15666637e-08 -6.91350044e-08  2.42990387e-08  7.64406751e-08  8.93695324e-08  7.91027101e-07
 -5.66328247e-08 -5.77954620e-08 -4.05465291e-08  1.69353384e-07  1.41307725e-07 -1.62709957e-07 -4.30854209e-06
 -1.49272941e-07  1.63450356e-08 -8.39824186e-08  1.68442396e-08  1.05432567e-07 -2.86499808e-08  5.26353247e-07
 -5.36379818e-08 -2.42597228e-09 -7.25743597e-08  1.56188089e-07  1.17119370e-07 -1.55948429e-07 -3.66952679e-06
 -7.57868813e-08  2.30255191e-08 -7.78925450e-08  1.95805038e-08  1.21245190e-07 -1.41872144e-07  1.67622543e-07
  1.29411508e-08 -6.87822544e-08 -7.76415735e-08  1.66069054e-07  9.02258821e-08 -1.22532880e-07 -2.91858351e-06
  1.01495962e-08  5.53286690e-08 -8.87198497e-08  1.52285655e-08  1.27181889e-07 -2.21183708e-07 -2.62094681e-07
 -7.02209282e-08 -1.28231048e-08 -8.21716903e-08  1.49976300e-07  7.02574867e-08 -6.06426948e-08 -2.06684879e-06
  2.37956702e-07 -6.05939270e-09 -4.20130062e-08  4.52448555e-09  1.20033404e-07 -2.81944609e-07 -6.73034282e-07
  2.49366412e-08 -5.85368206e-08 -8.69852543e-08  1.47857582e-07  5.43849847e-08  9.06252086e-09 -1.17315385e-06
  2.84516895e-07  4.30568130e-08 -4.70579759e-08  5.21778722e-09  1.05982346e-07 -2.96590861e-07 -1.00115308e-06
  3.53651836e-08 -2.20626086e-08 -8.13987952e-08  1.27163613e-07  3.94916075e-08  7.30139081e-08 -2.89263160e-07
  3.69915313e-07  1.37896557e-08 -1.50995732e-08 -1.92374294e-08  9.03152397e-08 -3.03259506e-07 -1.19020604e-06
 -2.15958090e-08 -1.27116800e-08 -7.91735660e-08  1.18370179e-07  2.81120176e-08  1.23908849e-07  5.38451037e-07
  3.46242414e-07  6.63678412e-08  5.69082794e-09 -4.17453874e-08  7.22541793e-08 -2.70726791e-07 -1.20677408e-06
  5.07014288e-08 -1.28803489e-08 -6.72736438e-08  7.75670271e-08  1.63616671e-08  1.45367609e-07  1.22297218e-06
  6.72057892e-08  2.14632504e-08 -2.23812481e-09 -4.35169152e-08  5.76396570e-08 -2.51978989e-07 -1.05555564e-06
  2.03809102e-08 -1.29870582e-08 -6.79776639e-08  7.58146877e-08 -1.04426743e-09  1.49097044e-07  1.73904816e-06
 -1.45754855e-07  4.67754796e-08  2.87888340e-08 -5.58853030e-08  4.00103794e-08 -2.14909516e-07 -7.49713888e-07
  2.22066320e-08  2.09077918e-08 -7.38642826e-08  5.39073017e-08 -1.67308713e-08  1.12130928e-07  2.02358783e-06
 -3.53985799e-07  6.32899037e-09  2.16284405e-08 -2.57128935e-08  2.87628732e-08 -2.05040710e-07 -3.30042457e-07
 -3.75245608e-08  2.36195093e-09 -4.52854559e-08  3.91499446e-08 -3.73887567e-08  7.84584215e-08  2.11876560e-06
 -5.19160322e-07  4.82252507e-08  9.56578745e-09 -1.63909762e-08  1.37446657e-08 -1.84082251e-07  1.22679250e-07
 -2.97545554e-08  4.03724391e-08 -3.40782179e-08  5.95264863e-08 -5.67214060e-08  1.02320899e-08  2.00783110e-06
 -5.25528495e-07  6.69366289e-09 -5.55885655e-09  2.23483366e-08  2.28227668e-09 -1.93479440e-07  5.69010926e-07
 -1.46760423e-08  3.43990349e-08  1.59593838e-10  5.76770484e-08 -7.58355336e-08 -3.20730365e-08  1.81288768e-06
 -2.44252149e-07  4.44658192e-08 -3.03793008e-08  3.08400092e-08 -4.54568111e-09 -1.85348678e-07  9.22910052e-07
 -8.41246492e-08  1.15560026e-08  2.45401009e-08  7.45407325e-08 -8.77453804e-08 -1.00050954e-07  1.56184471e-06
 -5.27398664e-12  2.29643952e-08 -5.08020344e-08  5.95195748e-08 -9.38455456e-09 -1.92218399e-07  1.16480949e-06
