LRDFITv3   01/10/2007    #116166 00700ms           3  41  41
 1.614899993e+00 3.480000019e+00 8.557808399e-01 1.851000041e-01 0.000000000e+00
 1.033504605e+00-1.356941415e-03 4.510359839e-02-2.292152308e-02-4.434665740e-01
 9.136451875e+05 4.510359839e-02 0.000000000e+00 1.033504605e+00 0.000000000e+00
-1.356941415e-03 0.000000000e+00-2.292152308e-02 0.000000000e+00 0.000000000e+00
-3.829782009e-01-3.828802109e-01-3.827890754e-01-3.827102184e-01-3.826460242e-01
-3.825954199e-01-3.825541735e-01-3.825162053e-01-3.824779987e-01-3.824388385e-01
-3.823980987e-01-3.823552430e-01-3.823097050e-01-3.822609782e-01-3.822085261e-01
-3.821519911e-01-3.820908666e-01-3.820248842e-01-3.819537461e-01-3.818771839e-01
-3.817950189e-01-3.817071617e-01-3.816135526e-01-3.815141916e-01-3.814091384e-01
-3.812986016e-01-3.811827004e-01-3.810617328e-01-3.809359968e-01-3.808058798e-01
-3.806718290e-01-3.805342317e-01-3.803936243e-01-3.802505732e-01-3.801055849e-01
-3.799592853e-01-3.798121810e-01-3.796719015e-01-3.795681894e-01-3.795195520e-01
-3.795103133e-01
 3.110682422e+04 3.025182422e+04 2.939678711e+04 2.854167773e+04 2.768645898e+04
 2.683109766e+04 2.597556055e+04 2.511981641e+04 2.426383594e+04 2.340758984e+04
 2.255105664e+04 2.169421094e+04 2.083703516e+04 1.997951172e+04 1.912163086e+04
 1.826338086e+04 1.740475391e+04 1.654575195e+04 1.568637207e+04 1.482662207e+04
 1.396650781e+04 1.310604102e+04 1.224523730e+04 1.138411523e+04 1.052269336e+04
 9.660998047e+03 8.799054688e+03 7.936891113e+03 7.074539551e+03 6.212031738e+03
 5.349401367e+03 4.486672852e+03 3.623844482e+03 2.765043945e+03 1.951114990e+03
 1.244316040e+03 6.915479126e+02 3.127472229e+02 9.938489532e+01 1.484767342e+01
 1.760106534e-01
 2.241064049e-02 2.158859931e-02 1.931973547e-02 1.613754593e-02 1.279535983e-02
 1.007999480e-02 8.641386405e-03 8.530299179e-03 8.675391786e-03 8.959908970e-03
 9.375128895e-03 9.917025454e-03 1.057925820e-02 1.135465875e-02 1.223450899e-02
 1.320882607e-02 1.426700596e-02 1.539693680e-02 1.658614539e-02 1.782131568e-02
 1.908858679e-02 2.037386224e-02 2.166272327e-02 2.294079401e-02 2.419374697e-02
 2.540767193e-02 2.656882629e-02 2.766442299e-02 2.868211456e-02 2.961045317e-02
 3.043930791e-02 3.115906753e-02 3.176201507e-02 3.224108368e-02 3.258946538e-02
 3.280764446e-02 3.300360963e-02 2.876090072e-02 1.710444130e-02 5.053877365e-03
-2.647522706e-06
 5.029558125e+05 5.029665938e+05 5.029987812e+05 5.030521250e+05 5.031260938e+05
 5.032199688e+05 5.033329062e+05 5.034638438e+05 5.036115312e+05 5.037745938e+05
 5.039514688e+05 5.041405625e+05 5.043400312e+05 5.045480312e+05 5.047626250e+05
 5.049817500e+05 5.052034062e+05 5.054254688e+05 5.056458438e+05 5.058625000e+05
 5.060733750e+05 5.062764688e+05 5.064699375e+05 5.066519062e+05 5.068206875e+05
 5.069747188e+05 5.071124688e+05 5.072327500e+05 5.073343438e+05 5.074159062e+05
 5.074778438e+05 5.075540938e+05 5.077652812e+05 4.996768750e+05 4.539867812e+05
 3.745554062e+05 2.747225625e+05 1.713821250e+05 8.190175781e+04 2.140347852e+04
 4.420036316e+00
-1.607263088e-02-2.165114693e-02-2.118777670e-02-2.118506283e-02-2.154451981e-02
-2.211815491e-02-2.278057300e-02-2.354193293e-02-2.441403456e-02-2.541091293e-02
-2.654594183e-02-2.784441970e-02-2.932991832e-02-3.100737557e-02-3.290415928e-02
-3.504814208e-02-3.746495023e-02-4.017390311e-02-4.318795726e-02-4.651709646e-02
-5.017676950e-02-5.418877676e-02-5.857988447e-02-6.338068098e-02-6.862471998e-02
-7.434681058e-02-8.057939261e-02-8.733893186e-02-9.459950775e-02-1.022248939e-01
-1.098259315e-01-1.167396978e-01-1.221102253e-01-1.255097091e-01-1.269219965e-01
-1.268779039e-01-1.261376143e-01-1.252343208e-01-1.244460717e-01-1.240249425e-01
-1.485817581e-01-1.464436855e-02-1.585832611e-02-1.771911420e-02-1.910747401e-02
-2.024178766e-02-2.123653702e-02-2.216894180e-02-2.309691347e-02-2.406558208e-02
-2.511486784e-02-2.627833001e-02-2.757869475e-02-2.905043960e-02-3.072773851e-02
-3.263846785e-02-3.480509669e-02-3.725517541e-02-4.001488909e-02-4.310781509e-02
-4.655471817e-02-5.038780719e-02-5.464289337e-02-5.936170742e-02-6.459651142e-02
-7.041443884e-02-7.690439373e-02-8.418602496e-02-9.242997319e-02-1.018923894e-01
-1.129717603e-01-1.265082210e-01-1.400190741e-01-1.483621150e-01-1.518684030e-01
-1.496763974e-01-1.433335245e-01-1.385374665e-01-1.352255642e-01-1.329837590e-01
-1.315290481e-01-1.309830695e-01-1.370264310e-02-1.489671599e-02-1.708224043e-02
-1.873981208e-02-2.003087476e-02-2.108310536e-02-2.200578898e-02-2.287861332e-02
-2.376235090e-02-2.470676042e-02-2.575447597e-02-2.694369666e-02-2.831014618e-02
-2.988781594e-02-3.170890361e-02-3.380407766e-02-3.620300069e-02-3.893567622e-02
-4.203118384e-02-4.551266879e-02-4.941649362e-02-5.378146842e-02-5.865223706e-02
-6.408248097e-02-7.014855742e-02-7.695442438e-02-8.464173973e-02-9.341888130e-02
-1.036212891e-01-1.158201620e-01-1.311125159e-01-1.465010196e-01-1.560069323e-01
-1.599403471e-01-1.574122906e-01-1.498581320e-01-1.440253556e-01-1.402687132e-01
-1.379201412e-01-1.365196705e-01-1.356867105e-01-1.907986775e-02-1.929445192e-02
-2.010052092e-02-2.077583782e-02-2.136485837e-02-2.189372480e-02-2.239866555e-02
-2.291636355e-02-2.348370664e-02-2.413799241e-02-2.491652407e-02-2.585629374e-02
-2.699360438e-02-2.836363763e-02-3.000005893e-02-3.193475679e-02-3.419781476e-02
-3.681762889e-02-3.982139006e-02-4.323594645e-02-4.708910361e-02-5.141104385e-02
-5.623594671e-02-6.160458922e-02-6.756424159e-02-7.416822761e-02-8.147821575e-02
-8.955907822e-02-9.846318513e-02-1.081733182e-01-1.183455139e-01-1.278624535e-01
-1.352299899e-01-1.398129612e-01-1.415749639e-01-1.411446184e-01-1.399874240e-01
-1.390729547e-01-1.386056095e-01-1.385579854e-01-1.388476044e-01-2.638548240e-02
-2.500023134e-02-2.411259711e-02-2.357584611e-02-2.324586920e-02-2.304539084e-02
-2.294146083e-02-2.292780019e-02-2.301581018e-02-2.322860807e-02-2.359694988e-02
-2.415620349e-02-2.494375221e-02-2.599675581e-02-2.735039406e-02-2.903715521e-02
-3.108631447e-02-3.352350369e-02-3.637102991e-02-3.964835778e-02-4.337227345e-02
-4.755708948e-02-5.221519247e-02-5.736063421e-02-6.303001940e-02-6.923186779e-02
-7.592244446e-02-8.304493129e-02-9.050875902e-02-9.814474732e-02-1.056730822e-01
-1.127325296e-01-1.189277247e-01-1.240753159e-01-1.280830801e-01-1.311122328e-01
-1.334777921e-01-1.354585588e-01-1.372690946e-01-1.390249580e-01-1.407741457e-01
-2.866930701e-02-2.745905519e-02-2.634687722e-02-2.536328137e-02-2.449942939e-02
-2.374019101e-02-2.307425812e-02-2.250030451e-02-2.203291468e-02-2.169999108e-02
-2.153938822e-02-2.159602381e-02-2.191776969e-02-2.255069278e-02-2.353306860e-02
-2.489890531e-02-2.667831816e-02-2.889181487e-02-3.155381605e-02-3.467498347e-02
-3.826010227e-02-4.230774939e-02-4.680918530e-02-5.174433812e-02-5.710430071e-02
-6.303318590e-02-6.932545453e-02-7.588800788e-02-8.264026791e-02-8.946692944e-02
-9.622388333e-02-1.027542204e-01-1.089147031e-01-1.146042347e-01-1.197857261e-01
-1.244697422e-01-1.287174970e-01-1.326107681e-01-1.362264901e-01-1.396218240e-01
-1.428297162e-01-2.951321751e-02-2.839349397e-02-2.722596936e-02-2.604465187e-02
-2.486211807e-02-2.368931845e-02-2.253385447e-02-2.140794694e-02-2.033543028e-02
-1.936132275e-02-1.854183525e-02-1.794575527e-02-1.764547452e-02-1.771324128e-02
-1.821507514e-02-1.920283213e-02-2.069952525e-02-2.269959450e-02-2.519567683e-02
-2.820192650e-02-3.171135858e-02-3.571014851e-02-4.018317163e-02-4.511171579e-02
-5.047283694e-02-5.624448508e-02-6.237682328e-02-6.875938177e-02-7.533805817e-02
-8.203732967e-02-8.877404034e-02-9.546283633e-02-1.020250022e-01-1.083968580e-01
-1.145351455e-01-1.204177365e-01-1.260416955e-01-1.314109862e-01-1.365262121e-01
-1.413879246e-01-1.459881663e-01-2.973347157e-02-2.859237045e-02-2.735367417e-02
-2.599734999e-02-2.454097010e-02-2.299887314e-02-2.138060518e-02-1.970612817e-02
-1.802029088e-02-1.638923585e-02-1.488842163e-02-1.359815802e-02-1.259841491e-02
-1.196941454e-02-1.178474352e-02-1.212141477e-02-1.305877510e-02-1.467280183e-02
-1.700618304e-02-2.002234012e-02-2.359558456e-02-2.767598070e-02-3.226358816e-02
-3.732585534e-02-4.283148795e-02-4.874497652e-02-5.502487347e-02-6.162720919e-02
-6.840811670e-02-7.536394894e-02-8.246951550e-02-8.966404945e-02-9.689053148e-02
-1.040986031e-01-1.112450808e-01-1.182930395e-01-1.252093762e-01-1.319620758e-01
-1.385256052e-01-1.448492855e-01-1.508838236e-01-2.968403883e-02-2.849008329e-02
-2.710533515e-02-2.553804964e-02-2.379877865e-02-2.189337090e-02-1.983292960e-02
-1.765634865e-02-1.543422323e-02-1.325005386e-02-1.119380724e-02-9.348725900e-03
-7.779483218e-03-6.550912745e-03-5.732359830e-03-5.397323519e-03-5.622770637e-03
-6.488236599e-03-8.074922487e-03-1.047179848e-02-1.379218232e-02-1.804761961e-02
-2.297783829e-02-2.836329304e-02-3.421249241e-02-4.048630223e-02-4.714390635e-02
-5.414253101e-02-6.143521518e-02-6.897018105e-02-7.672691345e-02-8.467580378e-02
-9.277592599e-02-1.009885743e-01-1.092762426e-01-1.176002547e-01-1.259180605e-01
-1.341800541e-01-1.423302889e-01-1.502959579e-01-1.579796523e-01-2.952686511e-02
-2.820820734e-02-2.665232681e-02-2.486131340e-02-2.283897251e-02-2.058596537e-02
-1.812694222e-02-1.552763674e-02-1.287406217e-02-1.026204973e-02-7.769577205e-03
-5.457834806e-03-3.388881916e-03-1.628132188e-03-2.447888546e-04 6.880615838e-04
 1.093388069e-03 8.901077672e-04-7.371521406e-06-1.690094941e-03-4.254481290e-03
-7.793064229e-03-1.240514591e-02-1.816568710e-02-2.460127883e-02-3.145264089e-02
-3.870401159e-02-4.632639512e-02-5.429114401e-02-6.257031858e-02-7.115454972e-02
-8.004038781e-02-8.917751163e-02-9.854841977e-02-1.081312820e-01-1.178987473e-01
-1.278145611e-01-1.378284246e-01-1.478733867e-01-1.578548700e-01-1.676356345e-01
-2.928612195e-02-2.783367224e-02-2.610263042e-02-2.409080975e-02-2.179784887e-02
-1.922877878e-02-1.643030904e-02-1.348556951e-02-1.048872713e-02-7.524007931e-03
-4.650412127e-03-1.927268226e-03 5.829233560e-04 2.814231440e-03 4.697028548e-03
 6.157731172e-03 7.118565030e-03 7.497359999e-03 7.207301445e-03 6.156729069e-03
 4.249064252e-03 1.382418326e-03-2.552297199e-03-7.667942438e-03-1.407130901e-02
-2.166575380e-02-2.966939844e-02-3.806607053e-02-4.684375599e-02-5.599339679e-02
-6.551076472e-02-7.540149987e-02-8.566004783e-02-9.628418088e-02-1.072759181e-01
-1.186352074e-01-1.303553134e-01-1.424154043e-01-1.547724009e-01-1.673408300e-01
-1.799851060e-01-2.902029082e-02-2.743187174e-02-2.552970871e-02-2.330886200e-02
-2.076643333e-02-1.791979186e-02-1.483755559e-02-1.160861924e-02-8.324981667e-03
-5.049589090e-03-1.838874770e-03 1.247734181e-03 4.147576168e-03 6.794461515e-03
 9.118365124e-03 1.104511600e-02 1.249613427e-02 1.338820159e-02 1.363323536e-02
 1.313807070e-02 1.180419046e-02 9.527309798e-03 6.196870003e-03 1.695517800e-03
-4.102678970e-03-1.132153906e-02-2.005061880e-02-2.930449322e-02-3.895390406e-02
-4.900892079e-02-5.948193371e-02-7.039068639e-02-8.176979423e-02-9.364264458e-02
-1.060444564e-01-1.190212741e-01-1.326266229e-01-1.469179392e-01-1.619523466e-01
-1.777633727e-01-1.943306476e-01-2.875755168e-02-2.703935094e-02-2.497718669e-02
-2.256439999e-02-1.979956217e-02-1.671669818e-02-1.339569595e-02-9.928439744e-03
-6.392410491e-03-2.842058660e-03 6.664182874e-04 4.073769320e-03 7.317407057e-03
 1.033106633e-02 1.304445043e-02 1.538290270e-02 1.726712845e-02 1.861296967e-02
 1.933120750e-02 1.932737231e-02 1.850146428e-02 1.674756594e-02 1.395325456e-02
 9.998739697e-03 4.755700473e-03-1.914378139e-03-1.016042475e-02-2.009589411e-02
-3.059313819e-02-4.151117802e-02-5.287552252e-02-6.471790373e-02-7.708689570e-02
-9.005834907e-02-1.036814526e-01-1.180527285e-01-1.332976669e-01-1.495804638e-01
-1.671248525e-01-1.862203181e-01-2.072166502e-01-2.851341665e-02-2.667677961e-02
-2.447023615e-02-2.188629843e-02-1.892782748e-02-1.564506814e-02-1.212272886e-02
-8.451037109e-03-4.692702554e-03-9.006135515e-04 2.869425807e-03 6.558516528e-03
 1.010431442e-02 1.344064623e-02 1.649712399e-02 1.919879764e-02 2.146586590e-02
 2.321349271e-02 2.435164899e-02 2.478500456e-02 2.441277914e-02 2.312844060e-02
 2.081926726e-02 1.736555621e-02 1.263958495e-02 6.504252087e-03-1.187854446e-03
-1.059475821e-02-2.181628160e-02-3.349457309e-02-4.562296718e-02-5.823370814e-02
-7.137539983e-02-8.512663096e-02-9.957814962e-02-1.148318201e-01-1.310448050e-01
-1.484329402e-01-1.673077494e-01-1.881092638e-01-2.114713192e-01-2.829675190e-02
-2.635544538e-02-2.402259968e-02-2.129045874e-02-1.816671155e-02-1.471604872e-02
-1.102395821e-02-7.175889332e-03-3.224557266e-03 7.774509140e-04 4.774745088e-03
 8.708854206e-03 1.251780335e-02 1.613567956e-02 1.949220151e-02 2.251234837e-02
 2.511608042e-02 2.721818723e-02 2.872820012e-02 2.955039963e-02 2.958380803e-02
 2.872211486e-02 2.685342357e-02 2.385973744e-02 1.961602829e-02 1.398907229e-02
 6.836256944e-03-1.994237537e-03-1.265964471e-02-2.505263314e-02-3.781291097e-02
-5.099332333e-02-6.464216858e-02-7.882225513e-02-9.361297637e-02-1.091020703e-01
-1.254093796e-01-1.426914781e-01-1.611628532e-01-1.810958683e-01-2.027999610e-01
-2.811071463e-02-2.608017623e-02-2.363989875e-02-2.078189701e-02-1.752273366e-02
-1.393408608e-02-1.010197215e-02-6.102626212e-03-1.986439805e-03 2.194657456e-03
 6.385899615e-03 1.052939240e-02 1.456368249e-02 1.842328534e-02 2.203821577e-02
 2.533361875e-02 2.822950669e-02 3.064062819e-02 3.247639909e-02 3.364097700e-02
 3.403341025e-02 3.354797512e-02 3.207436576e-02 2.949717082e-02 2.569486015e-02
 2.053820714e-02 1.388827432e-02 5.593819544e-03-4.510523286e-03-1.659708656e-02
-2.981269732e-02-4.335128516e-02-5.725103244e-02-7.154852152e-02-8.628401905e-02
-1.015022025e-01-1.172517091e-01-1.335818172e-01-1.505428851e-01-1.681594551e-01
-1.863621771e-01-2.795720473e-02-2.585374750e-02-2.332584187e-02-2.036559209e-02
-1.699761488e-02-1.329737715e-02-9.351166897e-03-5.227616988e-03-9.756500949e-04
 3.353259992e-03 7.704916876e-03 1.202201191e-02 1.624367386e-02 2.030496113e-02
 2.413635701e-02 2.766343020e-02 3.080657125e-02 3.348089382e-02 3.559622914e-02
 3.705643117e-02 3.775965050e-02 3.760031611e-02 3.647033125e-02 3.425922990e-02
 3.085167520e-02 2.612527087e-02 1.995019056e-02 1.218752470e-02 2.688230481e-03
-8.704185486e-03-2.211457863e-02-3.583164141e-02-4.981053993e-02-6.404089928e-02
-7.852132618e-02-9.324988723e-02-1.082171425e-01-1.233979166e-01-1.387354583e-01
-1.541298330e-01-1.694289446e-01-2.783763409e-02-2.567758597e-02-2.308184281e-02
-2.004267275e-02-1.659089886e-02-1.280464977e-02-8.770138025e-03-4.549436271e-03
-1.911131112e-04 4.253820982e-03 8.731677197e-03 1.318572741e-02 1.755568571e-02
 2.177719958e-02 2.578134462e-02 2.949429862e-02 3.283714876e-02 3.572587669e-02
 3.807030991e-02 3.977270797e-02 4.073090106e-02 4.084058851e-02 3.999558836e-02
 3.808817267e-02 3.500964493e-02 3.064788505e-02 2.488184720e-02 1.758415066e-02
 8.620042354e-03-2.151401015e-03-1.486878097e-02-2.890324406e-02-4.298675060e-02
-5.713512748e-02-7.134518027e-02-8.559937775e-02-9.986437112e-02-1.140873805e-01
-1.281743050e-01-1.420010924e-01-1.554528326e-01-2.775248699e-02-2.555220760e-02
-2.290825546e-02-1.981335692e-02-1.630256325e-02-1.245589834e-02-8.357999846e-03
-4.067564383e-03 3.671612649e-04 4.895566031e-03 9.464418516e-03 1.401747204e-02
 1.849496178e-02 2.283305675e-02 2.696341462e-02 3.081280924e-02 3.430303559e-02
 3.735083714e-02 3.986452892e-02 4.174544290e-02 4.289240390e-02 4.320319742e-02
 4.257350788e-02 4.089729488e-02 3.806795180e-02 3.397986665e-02 2.852240205e-02
 2.157605626e-02 1.301636640e-02 2.714803675e-03-9.453710169e-03-2.356725931e-02
-3.764246404e-02-5.167783424e-02-6.565406919e-02-7.954059541e-02-9.329316020e-02
-1.068523452e-01-1.201239303e-01-1.329983324e-01-1.453948319e-01-2.770193666e-02
-2.547774650e-02-2.280511893e-02-1.967745088e-02-1.613193378e-02-1.224958617e-02
-8.113909513e-03-3.781821579e-03 6.986472872e-04 5.277133547e-03 9.900712408e-03
 1.451346651e-02 1.905598864e-02 2.346481383e-02 2.767197415e-02 3.160468116e-02
 3.518520668e-02 3.833035752e-02 4.094714299e-02 4.293670878e-02 4.419914261e-02
 4.463391379e-02 4.413821548e-02 4.260680452e-02 3.993329033e-02 3.601321951e-02
 3.074187227e-02 2.400303073e-02 1.567298733e-02 5.619895644e-03-6.295403931e-03
-2.020791173e-02-3.425645828e-02-4.820930213e-02-6.203673780e-02-7.570148259e-02
-8.915604651e-02-1.023413464e-01-1.151687503e-01-1.275420785e-01-1.394034326e-01
-2.768606320e-02-2.545453794e-02-2.277300507e-02-1.963517256e-02-1.607890055e-02
-1.218535658e-02-8.037782274e-03-3.692496335e-03 8.025622228e-04 5.397127010e-03
 1.003839076e-02 1.467056386e-02 1.923436671e-02 2.366648056e-02 2.789907902e-02
 3.185954317e-02 3.547031060e-02 3.864804283e-02 4.129929841e-02 4.332531616e-02
 4.462660849e-02 4.510337114e-02 4.465318844e-02 4.317124188e-02 4.055100307e-02
 3.668807819e-02 3.147944063e-02 2.481055632e-02 1.655870490e-02 6.593584549e-03
-5.220453721e-03-1.900590770e-02-3.308245540e-02-4.702553526e-02-6.081358343e-02
-7.441259921e-02-8.777721226e-02-1.008507833e-01-1.135419384e-01-1.257537603e-01
-1.374477595e-01-2.770516463e-02-2.548281848e-02-2.281220257e-02-1.968672127e-02
-1.614346541e-02-1.226337999e-02-8.129948750e-03-3.800090402e-03 6.782014971e-04
 5.254598334e-03 9.876208380e-03 1.448714454e-02 1.902802475e-02 2.343541384e-02
 2.764135972e-02 3.157309070e-02 3.515289351e-02 3.829758242e-02 4.091414437e-02
 4.290371016e-02 4.416636750e-02 4.460158199e-02 4.410654679e-02 4.257598147e-02
 3.990343586e-02 3.598438203e-02 3.071415983e-02 2.397650667e-02 1.564752124e-02
 5.594903603e-03-6.321458146e-03-2.023594640e-02-3.429709747e-02-4.826247692e-02
-6.210259348e-02-7.578064501e-02-8.924998343e-02-1.024525836e-01-1.152879968e-01
-1.276483536e-01-1.394997388e-01-2.775952779e-02-2.556290291e-02-2.292305976e-02
-1.983264834e-02-1.632650569e-02-1.248447318e-02-8.391157724e-03-4.105264787e-03
 3.250331210e-04 4.849198274e-03 9.414064698e-03 1.396344975e-02 1.843763888e-02
 2.277285606e-02 2.690079436e-02 3.074826486e-02 3.423708305e-02 3.728399053e-02
 3.979730234e-02 4.167829826e-02 4.282576963e-02 4.313751683e-02 4.250920936e-02
 4.083473235e-02 3.800742701e-02 3.392171487e-02 2.846717089e-02 2.152439393e-02
 1.296903472e-02 2.672433155e-03-9.491893463e-03-2.362559736e-02-3.772555664e-02
-5.178527534e-02-6.578531861e-02-7.969535142e-02-9.347142279e-02-1.070544943e-01
-1.203367636e-01-1.331970096e-01-1.455796808e-01-2.784914523e-02-2.569479495e-02
-2.310546674e-02-2.007341385e-02-1.662899740e-02-1.285006851e-02-8.822657168e-03
-4.608981777e-03-2.574873215e-04 4.180931486e-03 8.652692661e-03 1.310115959e-02
 1.746613160e-02 2.168332040e-02 2.568387054e-02 2.939399518e-02 3.273481131e-02
 3.562230617e-02 3.796629980e-02 3.966898099e-02 4.062811658e-02 4.073936492e-02
 3.989646956e-02 3.799165040e-02 3.491624445e-02 3.055837564e-02 2.479724772e-02
 1.750585064e-02 8.550055325e-03-2.210475970e-03-1.491217222e-02-2.899421193e-02
-4.311760888e-02-5.730234087e-02-7.154624909e-02-8.583247662e-02-1.001279280e-01
-1.143796220e-01-1.284785718e-01-1.422891766e-01-1.557227373e-01-2.797407098e-02
-2.587872185e-02-2.336005680e-02-2.041002363e-02-1.705256850e-02-1.336273365e-02
-9.426559322e-03-5.312826484e-03-1.070345053e-03 3.249578178e-03 7.592889015e-03
 1.190240588e-02 1.611736603e-02 2.017291822e-02 2.399961837e-02 2.752307989e-02
 3.066371381e-02 3.333663195e-02 3.545162082e-02 3.691247851e-02 3.761727363e-02
 3.746027127e-02 3.633328900e-02 3.412576020e-02 3.072239086e-02 2.600097843e-02
 1.983190514e-02 1.207672153e-02 2.587009687e-03-8.792981505e-03-2.222100645e-02
-3.598719090e-02-5.001115054e-02-6.428372115e-02-7.880412042e-02-9.357140958e-02
-1.085771322e-01-1.237968057e-01-1.391492188e-01-1.545139402e-01-1.697839648e-01
-2.813417464e-02-2.611475624e-02-2.368714847e-02-2.084319480e-02-1.759847254e-02
-1.402399503e-02-1.020539645e-02-6.219103001e-03-2.115401905e-03 2.053975360e-03
 6.234452594e-03 1.036829129e-02 1.439417526e-02 1.824672893e-02 2.185604535e-02
 2.514731511e-02 2.804056183e-02 3.045051731e-02 3.228652477e-02 3.345263377e-02
 3.384772316e-02 3.336586058e-02 3.189657629e-02 2.932433225e-02 2.552745491e-02
 2.037658542e-02 1.373274159e-02 5.444703158e-03-4.653279670e-03-1.674041338e-02
-3.000797704e-02-4.359462112e-02-5.754119903e-02-7.188271731e-02-8.665950596e-02
-1.019180417e-01-1.177095547e-01-1.340856701e-01-1.510621905e-01-1.686324030e-01
-1.867935508e-01-2.832837217e-02-2.640193142e-02-2.408615500e-02-2.137283236e-02
-1.826888695e-02-1.483726874e-02-1.116302609e-02-7.331627887e-03-3.396158107e-03
 5.911085755e-04 4.575039260e-03 8.497364819e-03 1.229627803e-02 1.590599306e-02
 1.925631426e-02 2.227225900e-02 2.487378195e-02 2.697562985e-02 2.848721854e-02
 2.931266837e-02 2.935078554e-02 2.849500626e-02 2.663316578e-02 2.364695258e-02
 1.941098087e-02 1.379165798e-02 6.645984482e-03-2.178602386e-03-1.283965725e-02
-2.527341992e-02-3.809595481e-02-5.133747309e-02-6.504337490e-02-7.926962525e-02
-9.409159422e-02-1.096098796e-01-1.259503812e-01-1.432719231e-01-1.617520601e-01
-1.816315353e-01-2.032867372e-01-2.855539322e-02-2.673851885e-02-2.455465868e-02
-2.199579403e-02-1.906367578e-02-1.580609754e-02-1.230705529e-02-8.656668477e-03
-4.918251652e-03-1.144355629e-03 2.609502757e-03 6.284652278e-03 9.818941355e-03
 1.314633712e-02 1.619654149e-02 1.889463700e-02 2.116079628e-02 2.291010134e-02
 2.405237965e-02 2.449207753e-02 2.412814647e-02 2.285372652e-02 2.055571415e-02
 1.711396873e-02 1.240030676e-02 6.277248729e-03-1.402992173e-03-1.079719514e-02
-2.205120400e-02-3.380115703e-02-4.600329325e-02-5.869504437e-02-7.192859054e-02
-8.571462333e-02-1.001517400e-01-1.154110283e-01-1.316431910e-01-1.490611881e-01
-1.679377407e-01-1.886800826e-01-2.119885087e-01-2.881297469e-02-2.712067962e-02
-2.508832701e-02-2.270865627e-02-1.997875422e-02-1.692983136e-02-1.363960747e-02
-1.019914448e-02-6.687542424e-03-3.159142332e-03 3.302075493e-04 3.721548710e-03
 6.952517200e-03 9.957003407e-03 1.266479585e-02 1.500126347e-02 1.688705944e-02
 1.823790558e-02 1.896440051e-02 1.897180080e-02 1.815977506e-02 1.642200723e-02
 1.364558656e-02 9.710155427e-03 4.486803431e-03-2.163215773e-03-1.038953662e-02
-2.034835331e-02-3.090386838e-02-4.188681766e-02-5.332957208e-02-6.526611000e-02
-7.771393657e-02-9.066211432e-02-1.042748243e-01-1.186491773e-01-1.339091659e-01
-1.502173543e-01-1.677601337e-01-1.867951453e-01-2.077364624e-01-2.909289487e-02
-2.753807232e-02-2.567461878e-02-2.349676378e-02-2.100093663e-02-1.819992438e-02
-1.515868213e-02-1.196468621e-02-8.710440248e-03-5.461099558e-03-2.272543032e-03
 7.961777737e-04 3.682663897e-03 6.320902146e-03 8.640939370e-03 1.056860108e-02
 1.202522591e-02 1.292742696e-02 1.318688225e-02 1.271011028e-02 1.139821485e-02
 9.146498516e-03 5.843948107e-03 1.372762490e-03-4.392125644e-03-1.158423536e-02
-2.031674422e-02-2.960296534e-02-3.929302469e-02-4.940174520e-02-5.994717404e-02
-7.094968110e-02-8.232452720e-02-9.418953210e-02-1.065938175e-01-1.195818484e-01
-1.332065463e-01-1.475248337e-01-1.625585854e-01-1.783116162e-01-1.948253512e-01
-2.938092500e-02-2.797180042e-02-2.629035898e-02-2.433354780e-02-2.210012637e-02
-1.959232800e-02-1.684951223e-02-1.395144034e-02-1.099109091e-02-8.057398722e-03
-5.209187977e-03-2.505469369e-03-8.569546480e-06 2.215709537e-03 4.097773694e-03
 5.563996732e-03 6.536482833e-03 6.932822987e-03 6.665875204e-03 5.643587094e-03
 3.768960945e-03 9.399054106e-04-2.951754723e-03-8.019354194e-03-1.439415105e-02
-2.196412720e-02-2.997310646e-02-3.837521002e-02-4.716031253e-02-5.632530153e-02
-6.587816775e-02-7.580706477e-02-8.608695120e-02-9.673070908e-02-1.077425405e-01
-1.191244945e-01-1.308711320e-01-1.429629624e-01-1.553225964e-01-1.678356677e-01
-1.804288328e-01-2.965131029e-02-2.838815376e-02-2.689515799e-02-2.517333627e-02
-2.322577499e-02-2.105195448e-02-1.866794005e-02-1.613279991e-02-1.353059988e-02
-1.095404197e-02-8.489655331e-03-6.197923794e-03-4.140834324e-03-2.383901970e-03
-9.962924523e-04-5.109405902e-05 3.745677823e-04 1.992772304e-04-6.631168653e-04
-2.303962829e-03-4.818403628e-03-8.302245289e-03-1.287397183e-02-1.859517582e-02
-2.498114109e-02-3.181357309e-02-3.904448077e-02-4.664210230e-02-5.456608906e-02
-6.276983023e-02-7.132919133e-02-8.030213416e-02-8.948832750e-02-9.889320284e-02
-1.085045561e-01-1.182999909e-01-1.282457709e-01-1.382932663e-01-1.483426690e-01
-1.582706422e-01-1.680028290e-01-2.985122427e-02-2.872781269e-02-2.742115781e-02
-2.593810484e-02-2.428830601e-02-2.247745916e-02-2.051292919e-02-1.842447929e-02
-1.627455093e-02-1.414422411e-02-1.212206576e-02-1.029399224e-02-8.732717484e-03
-7.502951194e-03-6.673059426e-03-6.316028070e-03-6.508115213e-03-7.328512613e-03
-8.861227892e-03-1.120588556e-02-1.448125951e-02-1.867015474e-02-2.350862324e-02
-2.883981727e-02-3.464710712e-02-4.088722914e-02-4.752358049e-02-5.451479182e-02
-6.181003526e-02-6.928423792e-02-7.697916031e-02-8.491741121e-02-9.302466363e-02
-1.012515202e-01-1.095580757e-01-1.179053783e-01-1.262506098e-01-1.345435828e-01
-1.426907182e-01-1.506026536e-01-1.582415253e-01-2.996435761e-02-2.891523950e-02
-2.777245641e-02-2.651541494e-02-2.516022697e-02-2.372115105e-02-2.220919542e-02
-2.064073086e-02-1.904986240e-02-1.749420166e-02-1.604752243e-02-1.479019225e-02
-1.380349696e-02-1.316762902e-02-1.296307426e-02-1.327080000e-02-1.416899823e-02
-1.572877727e-02-1.798210852e-02-2.088589780e-02-2.433710918e-02-2.832595073e-02
-3.283199295e-02-3.781876341e-02-4.325909168e-02-4.912152886e-02-5.537342653e-02
-6.198258325e-02-6.874082237e-02-7.563605905e-02-8.268708736e-02-8.984660357e-02
-9.705644101e-02-1.042624563e-01-1.114183292e-01-1.184850633e-01-1.254268289e-01
-1.322052479e-01-1.387234032e-01-1.450048834e-01-1.510057300e-01-2.985263057e-02
-2.885298431e-02-2.780372836e-02-2.673610859e-02-2.565938048e-02-2.458600700e-02
-2.352675982e-02-2.249469049e-02-2.151226997e-02-2.061472647e-02-1.985519938e-02
-1.929732412e-02-1.901070774e-02-1.906716824e-02-1.953098364e-02-2.044868283e-02
-2.184920572e-02-2.374146879e-02-2.613941208e-02-2.904975228e-02-3.245966136e-02
-3.635793179e-02-4.073065519e-02-4.555955902e-02-5.082122609e-02-5.649766698e-02
-6.256274879e-02-6.893005222e-02-7.547771186e-02-8.213865012e-02-8.883816749e-02
-9.549777955e-02-1.020426750e-01-1.084106043e-01-1.145588309e-01-1.204657704e-01
-1.260916442e-01-1.314223558e-01-1.365088820e-01-1.413500309e-01-1.459363550e-01
-2.922219038e-02-2.817556076e-02-2.720319666e-02-2.633400634e-02-2.556009404e-02
-2.487244084e-02-2.426581085e-02-2.374378778e-02-2.332047746e-02-2.302054502e-02
-2.287840843e-02-2.293619700e-02-2.323920839e-02-2.383406833e-02-2.476442233e-02
-2.606759593e-02-2.777329274e-02-2.990366332e-02-3.247608617e-02-3.550243005e-02
-3.898750246e-02-4.292919114e-02-4.731695354e-02-5.212670192e-02-5.734959617e-02
-6.319809705e-02-6.942860782e-02-7.592774183e-02-8.261579275e-02-8.938096464e-02
-9.608547390e-02-1.025773585e-01-1.087167040e-01-1.143938825e-01-1.195408851e-01
-1.242026910e-01-1.284395307e-01-1.323310733e-01-1.359525025e-01-1.393586844e-01
-1.425804645e-01-2.740808949e-02-2.624005266e-02-2.547570691e-02-2.499932609e-02
-2.469267137e-02-2.449581586e-02-2.438538149e-02-2.436000481e-02-2.443271689e-02
-2.462625131e-02-2.497001551e-02-2.549783513e-02-2.624582686e-02-2.725067362e-02
-2.854792401e-02-3.017063253e-02-3.214853629e-02-3.450779244e-02-3.727112710e-02
-4.045799002e-02-4.408478364e-02-4.816505685e-02-5.271048099e-02-5.773576349e-02
-6.328653544e-02-6.937483698e-02-7.595043629e-02-8.295549452e-02-9.030073881e-02
-9.782201797e-02-1.052383110e-01-1.121842861e-01-1.182898656e-01-1.233827546e-01
-1.273745447e-01-1.304203868e-01-1.328238845e-01-1.348538697e-01-1.367171407e-01
-1.385248005e-01-1.403224319e-01-2.149252780e-02-2.164481767e-02-2.227885276e-02
-2.281050384e-02-2.327494510e-02-2.369651198e-02-2.410846204e-02-2.454487793e-02
-2.504011057e-02-2.562882379e-02-2.634571306e-02-2.722540684e-02-2.830228023e-02
-2.961012721e-02-3.118174709e-02-3.304853290e-02-3.524031863e-02-3.778526932e-02
-4.071007669e-02-4.404035956e-02-4.780231416e-02-5.202511325e-02-5.674229562e-02
-6.199203804e-02-6.781890243e-02-7.427635789e-02-8.142709732e-02-8.931422234e-02
-9.799973667e-02-1.074709669e-01-1.173932329e-01-1.266860962e-01-1.339049637e-01
-1.384358555e-01-1.402430832e-01-1.399331242e-01-1.389204115e-01-1.381405592e-01
-1.377905458e-01-1.378438175e-01-1.382229179e-01-1.712296344e-02-1.810542308e-02
-1.987508126e-02-2.121999860e-02-2.226845175e-02-2.312701382e-02-2.389083058e-02
-2.463145182e-02-2.540363930e-02-2.625185065e-02-2.721410803e-02-2.832483687e-02
-2.961698547e-02-3.112271056e-02-3.287293762e-02-3.489750251e-02-3.722574562e-02
-3.988794982e-02-4.291305691e-02-4.631651565e-02-5.013115704e-02-5.439632758e-02
-5.915455148e-02-6.444760412e-02-7.035627961e-02-7.698359340e-02-8.446770906e-02
-9.301032871e-02-1.029351726e-01-1.147927046e-01-1.296411008e-01-1.445854455e-01
-1.538524926e-01-1.577408016e-01-1.553913951e-01-1.481895596e-01-1.426491886e-01
-1.391122639e-01-1.369334012e-01-1.356703937e-01-1.350421607e-01-1.810478792e-02
-1.893906668e-02-2.045494877e-02-2.159036323e-02-2.250443026e-02-2.329435199e-02
-2.404900081e-02-2.483485453e-02-2.568771318e-02-2.663808130e-02-2.771547623e-02
-2.893447690e-02-3.032813035e-02-3.193145990e-02-3.377213702e-02-3.586879373e-02
-3.824917972e-02-4.094067588e-02-4.396869987e-02-4.733521119e-02-5.107272044e-02
-5.521972105e-02-5.981742963e-02-6.491696090e-02-7.058320194e-02-7.690223306e-02
-8.398953825e-02-9.201003611e-02-1.012108549e-01-1.119764075e-01-1.251173317e-01
-1.382361650e-01-1.463676244e-01-1.498308033e-01-1.477933675e-01-1.417488158e-01
-1.371977478e-01-1.340798140e-01-1.319936514e-01-1.306476891e-01-1.295413524e-01
-1.845596731e-02-2.373900078e-02-2.346632443e-02-2.352679148e-02-2.374784835e-02
-2.407677844e-02-2.455181070e-02-2.517532930e-02-2.594993822e-02-2.684291080e-02
-2.789551020e-02-2.913145721e-02-3.055076301e-02-3.216037899e-02-3.398899361e-02
-3.606467322e-02-3.841312230e-02-4.105279222e-02-4.399425536e-02-4.724429920e-02
-5.081592128e-02-5.472959578e-02-5.901125818e-02-6.369067729e-02-6.880048662e-02
-7.437451184e-02-8.044418693e-02-8.702545613e-02-9.409323335e-02-1.015158594e-01
-1.089173555e-01-1.156573966e-01-1.209092289e-01-1.242594197e-01-1.256919652e-01
-1.257189214e-01-1.250742376e-01-1.242739558e-01-1.235836968e-01-1.232027188e-01
-1.458936930e-01
 1.363895893e+00 1.397847652e+00 1.434511304e+00 1.473992109e+00 1.516638875e+00
 1.560881734e+00 1.607191682e+00 1.654322386e+00 1.703043938e+00 1.752253413e+00
 1.804059625e+00 1.857165456e+00 1.911808729e+00 1.969864130e+00 2.029768467e+00
 2.092925549e+00 2.159253359e+00 2.228801012e+00 2.302921772e+00 2.380825758e+00
 2.464307070e+00 2.553871155e+00 2.648485184e+00 2.751419067e+00 2.863002777e+00
 2.982909441e+00 3.114340782e+00 3.257988930e+00 3.416066408e+00 3.591402769e+00
 3.784199715e+00 3.999948263e+00 4.244844437e+00 4.528105736e+00 4.868950844e+00
 5.281420231e+00 5.817803383e+00 6.556319714e+00 7.618624687e+00 9.327466965e+00
 1.258059788e+01
  201   33
 2.637751698e-01-1.007133513e-03 2.638234496e-01 2.318417281e-02 2.639479935e-01
 4.741547257e-02 2.641502619e-01 7.172758877e-02 2.644323707e-01 9.616175294e-02
 2.647968531e-01 1.207598448e-01 2.652469873e-01 1.455646753e-01 2.657869756e-01
 1.706201434e-01 2.664218843e-01 1.959715635e-01 2.671580911e-01 2.216657847e-01
 2.680039704e-01 2.477511615e-01 2.689692378e-01 2.742780447e-01 2.700644135e-01
 3.012992740e-01 2.713026106e-01 3.288698196e-01 2.726995945e-01 3.570469618e-01
 2.742737234e-01 3.858905733e-01 2.760457695e-01 4.154636264e-01 2.780406773e-01
 4.458313286e-01 2.802903950e-01 4.770597517e-01 2.828271091e-01 5.092198253e-01
 2.856896520e-01 5.423839092e-01 2.889307737e-01 5.766200423e-01 2.926032245e-01
 6.120014191e-01 2.967896163e-01 6.485814452e-01 3.015579581e-01 6.864291430e-01
 3.069941700e-01 7.256019115e-01 3.132209480e-01 7.661221027e-01 3.203300238e-01
 8.080425262e-01 3.285203874e-01 8.512915969e-01 3.378797770e-01 8.959141374e-01
 3.486786187e-01 9.417107105e-01 3.609638512e-01 9.887516499e-01 3.750956655e-01
 1.036634684e+00 3.912179768e-01 1.085206985e+00 4.096792340e-01 1.133906364e+00
 4.310237169e-01 1.181621790e+00 4.560145140e-01 1.226431370e+00 4.859747589e-01
 1.264487505e+00 5.221362710e-01 1.290810943e+00 5.637596846e-01 1.304033399e+00
 6.088318229e-01 1.306304812e+00 6.554861665e-01 1.300480247e+00 7.024633884e-01
 1.288697362e+00 7.490235567e-01 1.272129059e+00 7.946899533e-01 1.251420021e+00
 8.390268087e-01 1.227499962e+00 8.816514611e-01 1.201815009e+00 9.225230813e-01
 1.174097776e+00 9.615916610e-01 1.143583775e+00 9.986096621e-01 1.112506509e+00
 1.033603191e+00 1.080429435e+00 1.066515446e+00 1.046278000e+00 1.097358346e+00
 1.012352109e+00 1.126087546e+00 9.773742557e-01 1.152674913e+00 9.415422082e-01
 1.177251101e+00 9.059497714e-01 1.199659348e+00 8.694896102e-01 1.220207572e+00
 8.338125348e-01 1.238811255e+00 7.982255220e-01 1.255699158e+00 7.634521723e-01
 1.270975947e+00 7.295511365e-01 1.284847140e+00 6.968498230e-01 1.297510147e+00
 6.655455828e-01 1.308969259e+00 6.353263259e-01 1.319480419e+00 6.065127850e-01
 1.329304934e+00 5.793401599e-01 1.338326097e+00 5.532816648e-01 1.346509218e+00
 5.280880928e-01 1.354076147e+00 5.039774179e-01 1.361250758e+00 4.811115861e-01
 1.367951632e+00 4.591840208e-01 1.374146342e+00 4.380185008e-01 1.379886627e+00
 4.175776839e-01 1.385264516e+00 3.978743255e-01 1.390319943e+00 3.788576424e-01
 1.395115733e+00 3.605054021e-01 1.399699450e+00 3.427802026e-01 1.404134274e+00
 3.256599605e-01 1.408381224e+00 3.090362549e-01 1.412372231e+00 2.927962840e-01
 1.416059136e+00 2.768634260e-01 1.419413209e+00 2.611890733e-01 1.422483802e+00
 2.457840741e-01 1.425343156e+00 2.306672782e-01 1.428001523e+00 2.158152163e-01
 1.430466890e+00 2.012050450e-01 1.432744622e+00 1.868145913e-01 1.434837103e+00
 1.726223081e-01 1.436766744e+00 1.586166322e-01 1.438544869e+00 1.447808594e-01
 1.440167189e+00 1.310935467e-01 1.441633105e+00 1.175365448e-01 1.442940593e+00
 1.040928960e-01 1.444087029e+00 9.074692428e-02 1.445077062e+00 7.748576254e-02
 1.445928335e+00 6.429881603e-02 1.446636796e+00 5.117120594e-02 1.447196960e+00
 3.808904439e-02 1.447602868e+00 2.503958158e-02 1.447848678e+00 1.201111916e-02
 1.447927594e+00-1.007066108e-03 1.447835445e+00-1.402476523e-02 1.447577596e+00
-2.705204859e-02 1.447160482e+00-4.009966180e-02 1.446590424e+00-5.317940190e-02
 1.445873141e+00-6.630413234e-02 1.445014477e+00-7.948786765e-02 1.444016576e+00
-9.274522960e-02 1.442860365e+00-1.060863510e-01 1.441544056e+00-1.195247322e-01
 1.440070152e+00-1.330760866e-01 1.438440681e+00-1.467574090e-01 1.436655879e+00
-1.605868042e-01 1.434720159e+00-1.745857596e-01 1.432615757e+00-1.887679994e-01
 1.430324674e+00-2.031466216e-01 1.427845120e+00-2.177432775e-01 1.425172567e+00
-2.325804383e-01 1.422300577e+00-2.476817966e-01 1.419219971e+00-2.630718350e-01
 1.415849209e+00-2.787248790e-01 1.412155271e+00-2.946420014e-01 1.408168793e+00
-3.108745217e-01 1.403939128e+00-3.275019228e-01 1.399534345e+00-3.446390927e-01
 1.394978285e+00-3.623819649e-01 1.390209198e+00-3.807537556e-01 1.385177851e+00
-3.997899890e-01 1.379820585e+00-4.195117056e-01 1.374097705e+00-4.399696887e-01
 1.367913842e+00-4.611460268e-01 1.361231923e+00-4.830977917e-01 1.354084730e+00
-5.060049295e-01 1.346540928e+00-5.301555991e-01 1.338363767e+00-5.553641915e-01
 1.329347491e+00-5.814375877e-01 1.319542646e+00-6.086588502e-01 1.309047818e+00
-6.375215650e-01 1.297597289e+00-6.677796841e-01 1.284940243e+00-6.991221309e-01
 1.271064758e+00-7.318379879e-01 1.255779743e+00-7.657433152e-01 1.238888741e+00
-8.005409241e-01 1.220279098e+00-8.361461163e-01 1.199742317e+00-8.719375730e-01
 1.177351236e+00-9.085950255e-01 1.152791381e+00-9.444772601e-01 1.126223207e+00
-9.808224440e-01 1.097475529e+00-1.016225219e+00 1.066600204e+00-1.050980449e+00
 1.033603430e+00-1.086116552e+00 9.984613657e-01-1.119245648e+00 9.611635208e-01
-1.152405858e+00 9.217100143e-01-1.184715867e+00 8.802922368e-01-1.214590192e+00
 8.367306590e-01-1.244012952e+00 7.911794782e-01-1.271837950e+00 7.439541817e-01
-1.296823502e+00 6.950460076e-01-1.319601178e+00 6.445248723e-01-1.340224266e+00
 5.926245451e-01-1.358200669e+00 5.394909978e-01-1.373457193e+00 4.852502942e-01
-1.385989070e+00 4.525697827e-01-1.392201424e+00 4.310999215e-01-1.281392217e+00
 4.136284888e-01-1.217776418e+00 3.968296945e-01-1.159294248e+00 3.814625144e-01
-1.103717208e+00 3.673224151e-01-1.050897956e+00 3.548090458e-01-9.998226762e-01
 3.436586261e-01-9.506345987e-01 3.337872326e-01-9.032046795e-01 3.251310289e-01
-8.574030995e-01 3.175102174e-01-8.132553697e-01 3.108520508e-01-7.706590891e-01
 3.049930334e-01-7.296174765e-01 2.998542786e-01-6.900433898e-01 2.953357100e-01
-6.518775821e-01 2.913537920e-01-6.150493622e-01 2.878530622e-01-5.794703364e-01
 2.847547531e-01-5.450775027e-01 2.820134759e-01-5.117870569e-01 2.795790434e-01
-4.795255065e-01 2.774164677e-01-4.482147992e-01 2.754978240e-01-4.177791476e-01
 2.737917304e-01-3.881504834e-01 2.722753882e-01-3.592608571e-01 2.709298134e-01
-3.310454190e-01 2.697369754e-01-3.034432232e-01 2.686823308e-01-2.763956487e-01
 2.677538991e-01-2.498466820e-01 2.669411302e-01-2.237430811e-01 2.662351131e-01
-1.980337948e-01 2.656284273e-01-1.726698577e-01 2.651147544e-01-1.476041675e-01
 2.646890879e-01-1.227911785e-01 2.643477917e-01-9.818670154e-02 2.640880048e-01
-7.374774665e-02 2.639068961e-01-4.943232611e-02 2.638028562e-01-2.519908547e-02
 2.637751698e-01-1.007133513e-03
 1.851000041e-01 0.000000000e+00 1.851000041e-01 1.008100033e+00 2.793999910e-01
 1.171399951e+00 2.793999910e-01 1.577999949e+00 2.978999913e-01 1.603399992e+00
 5.712000132e-01 1.603399992e+00 6.169999838e-01 1.628000021e+00 1.043300033e+00
 1.460287452e+00 1.043300033e+00 1.429999948e+00 1.319200039e+00 1.039700031e+00
 1.335800052e+00 9.976000190e-01 1.485100031e+00 5.450000167e-01 1.483999968e+00
 4.900000095e-01 1.559000015e+00 1.141000018e-01 1.565000057e+00 7.636000216e-02
 1.569000006e+00 3.826100007e-02 1.570000052e+00 0.000000000e+00 1.569000006e+00
-3.826100007e-02 1.565000057e+00-7.636000216e-02 1.559000015e+00-1.141000018e-01
 1.483999968e+00-4.900000095e-01 1.485100031e+00-5.450000167e-01 1.335800052e+00
-9.976000190e-01 1.319200039e+00-1.039700031e+00 1.043300033e+00-1.429999948e+00
 1.043300033e+00-1.460287452e+00 6.169999838e-01-1.628000021e+00 5.712000132e-01
-1.603399992e+00 2.978999913e-01-1.603399992e+00 2.793999910e-01-1.577999949e+00
 2.793999910e-01-1.171399951e+00 1.851000041e-01-1.008100033e+00 1.851000041e-01
 0.000000000e+00
    3 1.033504605e+00    0
 0.000000000e+00 0.000000000e+00 0.000000000e+00 0.000000000e+00 0.000000000e+00
 0.000000000e+00 0.000000000e+00 0.000000000e+00 0.000000000e+00 0.000000000e+00
 0.000000000e+00 0.000000000e+00 0.000000000e+00 0.000000000e+00 0.000000000e+00
 0.000000000e+00 0.000000000e+00 0.000000000e+00 0.000000000e+00 0.000000000e+00
 0.000000000e+00 0.000000000e+00 0.000000000e+00 0.000000000e+00 0.000000000e+00
 0.000000000e+00 0.000000000e+00 0.000000000e+00 0.000000000e+00 0.000000000e+00
 0.000000000e+00 0.000000000e+00 0.000000000e+00 0.000000000e+00 0.000000000e+00
 0.000000000e+00 0.000000000e+00 0.000000000e+00 0.000000000e+00 0.000000000e+00
 0.000000000e+00
 0.000000000e+00 0.000000000e+00 0.000000000e+00 0.000000000e+00 0.000000000e+00
 0.000000000e+00 0.000000000e+00 0.000000000e+00 0.000000000e+00 0.000000000e+00
 0.000000000e+00 0.000000000e+00 0.000000000e+00 0.000000000e+00 0.000000000e+00
 0.000000000e+00 0.000000000e+00 0.000000000e+00 0.000000000e+00 0.000000000e+00
 0.000000000e+00 0.000000000e+00 0.000000000e+00 0.000000000e+00 0.000000000e+00
 0.000000000e+00 0.000000000e+00 0.000000000e+00 0.000000000e+00 0.000000000e+00
 0.000000000e+00 0.000000000e+00 0.000000000e+00 0.000000000e+00 0.000000000e+00
 0.000000000e+00 0.000000000e+00 0.000000000e+00 0.000000000e+00 0.000000000e+00
 0.000000000e+00
 0.000000000e+00 1.059744135e-01 1.484436691e-01 1.828539222e-01 2.126044333e-01
 2.393898219e-01 2.641343474e-01 2.873944342e-01 3.095168769e-01 3.307425976e-01
 3.512518704e-01 3.711847961e-01 3.906424940e-01 4.097172618e-01 4.284845889e-01
 4.470048845e-01 4.653356969e-01 4.835237265e-01 5.016154647e-01 5.196526647e-01
 5.376741886e-01 5.557243824e-01 5.738375187e-01 5.920514464e-01 6.104139686e-01
 6.289631724e-01 6.477440000e-01 6.668068171e-01 6.862037778e-01 7.059968710e-01
 7.262463570e-01 7.470214367e-01 7.684122324e-01 7.905340791e-01 8.135609627e-01
 8.377165198e-01 8.633447886e-01 8.910298347e-01 9.216955900e-01 9.569088221e-01
 1.000586748e+00
    1
 0.000000000e+00 0.000000000e+00 0.000000000e+00 0.000000000e+00 0.000000000e+00
 0.000000000e+00 0.000000000e+00 0.000000000e+00 0.000000000e+00 0.000000000e+00
 0.000000000e+00 0.000000000e+00 0.000000000e+00 0.000000000e+00 0.000000000e+00
 0.000000000e+00 0.000000000e+00 0.000000000e+00 0.000000000e+00 0.000000000e+00
 0.000000000e+00 0.000000000e+00 0.000000000e+00 0.000000000e+00 0.000000000e+00
 0.000000000e+00 0.000000000e+00 0.000000000e+00 0.000000000e+00 0.000000000e+00
 0.000000000e+00 0.000000000e+00 0.000000000e+00 0.000000000e+00 0.000000000e+00
 0.000000000e+00 0.000000000e+00 0.000000000e+00 0.000000000e+00 0.000000000e+00
 0.000000000e+00
