  EFITD    01/23/2002    #116132 00154ms           3  65  65
 2.140000105e+00 4.400000095e+00 8.500000238e-01 9.999999776e-03 0.000000000e+00
 8.753983974e-01-1.257658732e-04 6.475994736e-02 3.926107194e-03-4.441269934e-01
 6.854523125e+05 6.475994736e-02 0.000000000e+00 8.753983974e-01 0.000000000e+00
-1.257658732e-04 0.000000000e+00 3.926107194e-03 0.000000000e+00 0.000000000e+00
-4.385801554e-01-4.369043708e-01-4.352501631e-01-4.336181581e-01-4.320088625e-01
-4.304228425e-01-4.288606346e-01-4.273227155e-01-4.258095622e-01-4.243216515e-01
-4.228593707e-01-4.214231670e-01-4.200133979e-01-4.186304212e-01-4.172745645e-01
-4.159461260e-01-4.146453738e-01-4.133725464e-01-4.121278822e-01-4.109115303e-01
-4.097236693e-01-4.085644186e-01-4.074338377e-01-4.063320458e-01-4.052590132e-01
-4.042147398e-01-4.031992257e-01-4.022123814e-01-4.012540877e-01-4.003241956e-01
-3.994225264e-01-3.985489011e-01-3.977030516e-01-3.968846798e-01-3.960934877e-01
-3.953291476e-01-3.945912123e-01-3.938792646e-01-3.931928873e-01-3.925315440e-01
-3.918946981e-01-3.912818134e-01-3.906922340e-01-3.901253641e-01-3.895804882e-01
-3.890569210e-01-3.885538876e-01-3.880706131e-01-3.876062632e-01-3.871600032e-01
-3.867309391e-01-3.863181472e-01-3.859206736e-01-3.855375051e-01-3.851675987e-01
-3.848099411e-01-3.844633996e-01-3.841268420e-01-3.837991357e-01-3.834790885e-01
-3.831654191e-01-3.828569353e-01-3.825522661e-01-3.822501600e-01-3.819492161e-01
 2.113558655e+02 2.116560211e+02 2.116253052e+02 2.112741394e+02 2.106129913e+02
 2.096522675e+02 2.084024200e+02 2.068738861e+02 2.050770874e+02 2.030224915e+02
 2.007205048e+02 1.981815948e+02 1.954161682e+02 1.924346771e+02 1.892475739e+02
 1.858652649e+02 1.822982178e+02 1.785568390e+02 1.746515961e+02 1.705929108e+02
 1.663912201e+02 1.620569763e+02 1.576005859e+02 1.530325165e+02 1.483632050e+02
 1.436030579e+02 1.387625427e+02 1.338520966e+02 1.288821259e+02 1.238631058e+02
 1.188054581e+02 1.137196121e+02 1.086160126e+02 1.035051041e+02 9.839731598e+01
 9.330308533e+01 8.823284912e+01 8.319705200e+01 7.820612335e+01 7.327050018e+01
 6.840062714e+01 6.360693741e+01 5.889986801e+01 5.428985977e+01 4.978734589e+01
 4.540276337e+01 4.114655304e+01 3.702915192e+01 3.306099701e+01 2.925252533e+01
 2.561417389e+01 2.215638161e+01 1.888958359e+01 1.582421875e+01 1.297072411e+01
 1.033953762e+01 7.941095829e+00 5.785837173e+00 3.884198666e+00 2.246617794e+00
 8.835316896e-01-1.946219206e-01-9.774056673e-01-1.454382062e+00-1.615113854e+00
 7.781201005e-01 7.653595209e-01 7.524402142e-01 7.393736839e-01 7.261714339e-01
 7.128449082e-01 6.994056702e-01 6.858652830e-01 6.722351313e-01 6.585267782e-01
 6.447517276e-01 6.309215426e-01 6.170476675e-01 6.031415462e-01 5.892148614e-01
 5.752789378e-01 5.613453984e-01 5.474256873e-01 5.335313678e-01 5.196739435e-01
 5.058648586e-01 4.921156466e-01 4.784378409e-01 4.648429155e-01 4.513424039e-01
 4.379478097e-01 4.246706069e-01 4.115223587e-01 3.985145390e-01 3.856586218e-01
 3.729662001e-01 3.604486883e-01 3.481176496e-01 3.359845877e-01 3.240609765e-01
 3.123583496e-01 3.008882105e-01 2.896620631e-01 2.786914110e-01 2.679877579e-01
 2.575626373e-01 2.474275231e-01 2.375939488e-01 2.280733883e-01 2.188773751e-01
 2.100174129e-01 2.015050054e-01 1.933516562e-01 1.855688691e-01 1.781681627e-01
 1.711610407e-01 1.645589918e-01 1.583735496e-01 1.526162028e-01 1.472984701e-01
 1.424318552e-01 1.380278617e-01 1.340979934e-01 1.306537539e-01 1.277066618e-01
 1.252682209e-01 1.233499423e-01 1.219633222e-01 1.211198643e-01 1.208310947e-01
-4.925732422e+02-1.389860077e+02 2.036205902e+02 5.352465210e+02 8.558917847e+02
 1.165556396e+03 1.464240356e+03 1.751943604e+03 2.028666260e+03 2.294408203e+03
 2.549169678e+03 2.792950195e+03 3.025750244e+03 3.247569580e+03 3.458408203e+03
 3.658266113e+03 3.847143555e+03 4.025040283e+03 4.191956055e+03 4.347891602e+03
 4.492846191e+03 4.626820312e+03 4.749813965e+03 4.861826660e+03 4.962858398e+03
 5.052910156e+03 5.131980957e+03 5.200070801e+03 5.257180176e+03 5.303309082e+03
 5.338457031e+03 5.362624512e+03 5.375811523e+03 5.378017578e+03 5.369243164e+03
 5.349487793e+03 5.318751953e+03 5.277035645e+03 5.224338379e+03 5.160660645e+03
 5.086001953e+03 5.000362793e+03 4.903743164e+03 4.796142578e+03 4.677561523e+03
 4.547999512e+03 4.407457031e+03 4.255934082e+03 4.093430176e+03 3.919945801e+03
 3.735480713e+03 3.540034912e+03 3.333608398e+03 3.116201416e+03 2.887813721e+03
 2.648445312e+03 2.398096191e+03 2.136766602e+03 1.864456177e+03 1.581165039e+03
 1.286893433e+03 9.816410522e+02 6.654080200e+02 3.381943359e+02-0.000000000e+00
-2.460094038e-06-4.485818499e-05-1.289609063e-04-2.197961003e-04-2.576531842e-04
-2.203906624e-04-1.166390066e-04 4.387778245e-05 2.538088011e-04 5.081222043e-04
 8.034034399e-04 1.137140207e-03 1.507060835e-03 1.910424675e-03 2.343095606e-03
 2.798129339e-03 3.263421357e-03 3.717680927e-03 4.124019295e-03 4.422752187e-03
 4.532160237e-03 4.368005786e-03 3.872503294e-03 3.027850296e-03 1.844804850e-03
 3.434996179e-04-1.453563571e-03-3.519513644e-03-5.821826868e-03-8.324062452e-03
-1.098886412e-02-1.378048304e-02-1.666614413e-02-1.961636171e-02-2.260459214e-02
-2.560661174e-02-2.859987877e-02-3.156301379e-02-3.447549045e-02-3.731751814e-02
-4.007015750e-02-4.271559045e-02-4.523750022e-02-4.762153700e-02-4.985577241e-02
-5.193109065e-02-5.384147540e-02-5.558409542e-02-5.715928972e-02-5.857031047e-02
-5.982298031e-02-6.092523038e-02-6.188657880e-02-6.271761656e-02-6.342951953e-02
-6.403362751e-02-6.454108655e-02-6.496258080e-02-6.530813873e-02-6.558700651e-02
-6.580758840e-02-6.597743928e-02-6.610324979e-02-6.619092822e-02-6.624560803e-02
-5.337262792e-06-1.007982719e-04-3.178641491e-04-6.646006368e-04-7.387918886e-04
-5.793615128e-04-3.532252158e-04-7.449453551e-05 2.516974346e-04 6.234869361e-04
 1.040422241e-03 1.502655796e-03 2.010301920e-03 2.562711481e-03 3.157507163e-03
 3.789012088e-03 4.445647821e-03 5.106210243e-03 5.735469982e-03 6.280259695e-03
 6.668157876e-03 6.811360363e-03 6.617291365e-03 6.004398223e-03 4.918108694e-03
 3.341545351e-03 1.298037358e-03-1.155699254e-03-3.944133874e-03-6.989172194e-03
-1.022135839e-02-1.358402520e-02-1.703255810e-02-2.053161897e-02-2.405211143e-02
-2.756861597e-02-3.105751984e-02-3.449578583e-02-3.786030784e-02-4.112773016e-02
-4.427473247e-02-4.727858678e-02-5.011800304e-02-5.277408659e-02-5.523128062e-02
-5.747820437e-02-5.950819328e-02-6.131955236e-02-6.291541457e-02-6.430328637e-02
-6.549430639e-02-6.650240719e-02-6.734333187e-02-6.803377718e-02-6.859060377e-02
-6.903023273e-02-6.936816126e-02-6.961866468e-02-6.979465485e-02-6.990756840e-02
-6.996743381e-02-6.998291612e-02-6.996141374e-02-6.990920752e-02-6.983157247e-02
-8.075386177e-06-1.534632756e-04-4.899509950e-04-1.041012118e-03-1.353478758e-03
-1.016483642e-03-6.261592498e-04-2.121821890e-04 2.372885210e-04 7.284032763e-04
 1.266252832e-03 1.856307150e-03 2.503902651e-03 3.213455202e-03 3.989470191e-03
 4.837483633e-03 5.761461332e-03 6.758501288e-03 7.812527940e-03 8.884659037e-03
 9.896413423e-03 1.070843637e-02 1.111733820e-02 1.090393122e-02 9.907166474e-03
 8.067808114e-03 5.445489194e-03 2.205708995e-03-1.448330004e-03-5.350437015e-03
-9.391589090e-03-1.350617502e-02-1.765459962e-02-2.181095257e-02-2.595539391e-02
-3.006959707e-02-3.413413838e-02-3.812704235e-02-4.202324525e-02-4.579470307e-02
-4.941116273e-02-5.284147710e-02-5.605536327e-02-5.902543664e-02-6.172925979e-02
-6.415108591e-02-6.628303230e-02-6.812555343e-02-6.968703121e-02-7.098273933e-02
-7.203325629e-02-7.286269218e-02-7.349690050e-02-7.396194339e-02-7.428291440e-02
-7.448304445e-02-7.458326221e-02-7.460192591e-02-7.455484569e-02-7.445538789e-02
-7.431470603e-02-7.414197922e-02-7.394465059e-02-7.372873276e-02-7.349899411e-02
-9.596456948e-06-1.816959266e-04-5.745487288e-04-1.200979808e-03-1.569520799e-03
-1.220972044e-03-7.644754369e-04-2.624306071e-04 2.826687123e-04 8.689173847e-04
 1.500743674e-03 2.193357097e-03 2.967578126e-03 3.822687082e-03 4.754414782e-03
 5.796282552e-03 6.996529642e-03 8.387139067e-03 1.000003982e-02 1.187332906e-02
 1.403694879e-02 1.641037501e-02 1.844892465e-02 1.920369454e-02 1.843167469e-02
 1.595430449e-02 1.176561136e-02 6.642817985e-03 1.394870109e-03-3.785610665e-03
-8.870414458e-03-1.386915147e-02-1.879822090e-02-2.367100865e-02-2.849430777e-02
-3.326683864e-02-3.797858208e-02-4.261048883e-02-4.713459313e-02-5.151468888e-02
-5.570778996e-02-5.966663733e-02-6.334318966e-02-6.669288874e-02-6.967913359e-02
-7.227720320e-02-7.447685301e-02-7.628311217e-02-7.771515846e-02-7.880356908e-02
-7.958664745e-02-8.010656387e-02-8.040586114e-02-8.052492142e-02-8.050020784e-02
-8.036348969e-02-8.014156669e-02-7.985651493e-02-7.952616364e-02-7.916459441e-02
-7.878278941e-02-7.838912308e-02-7.798987627e-02-7.758967578e-02-7.719181478e-02
-1.024347603e-05-1.933760796e-04-6.074339617e-04-1.253669267e-03-1.637219335e-03
-1.277787844e-03-7.779513835e-04-1.956421620e-04 4.539800866e-04 1.113829552e-03
 1.758894185e-03 2.439617645e-03 3.237329423e-03 4.141415469e-03 5.124493502e-03
 6.309241522e-03 7.691705134e-03 9.362891316e-03 1.141040958e-02 1.396885421e-02
 1.732008345e-02 2.190105803e-02 2.791891992e-02 2.886668779e-02 2.874931693e-02
 2.597759478e-02 1.821586117e-02 1.005449705e-02 3.001631470e-03-3.406464355e-03
-9.418590926e-03-1.518636197e-02-2.080625482e-02-2.633961104e-02-3.182294220e-02
-3.727313876e-02-4.268972948e-02-4.805550352e-02-5.333637446e-02-5.848142132e-02
-6.342409551e-02-6.808565557e-02-7.238152623e-02-7.623038441e-02-7.956461608e-02
-8.233989775e-02-8.454156667e-02-8.618602902e-02-8.731714636e-02-8.799850941e-02
-8.830398321e-02-8.830883354e-02-8.808310330e-02-8.768776804e-02-8.717329800e-02
-8.657985181e-02-8.593837172e-02-8.527204394e-02-8.459777385e-02-8.392754197e-02
-8.326954395e-02-8.262909204e-02-8.200939000e-02-8.141206205e-02-8.083762974e-02
-1.056986002e-05-1.992492034e-04-6.239309441e-04-1.285803854e-03-1.672765706e-03
-1.307350816e-03-7.820413448e-04-1.432376012e-04 5.880192621e-04 1.280408818e-03
 1.867900835e-03 2.436365001e-03 3.114684019e-03 3.926631529e-03 4.892203491e-03
 6.055367179e-03 7.411754690e-03 9.082020260e-03 1.109099668e-02 1.361308340e-02
 1.676945388e-02 2.114151418e-02 2.763795853e-02 2.773922496e-02 2.750636078e-02
 2.476510964e-02 1.671324112e-02 8.433097973e-03 1.216503908e-03-5.416227970e-03
-1.171314251e-02-1.782745309e-02-2.386051044e-02-2.988073975e-02-3.593291715e-02
-4.204216227e-02-4.821449146e-02-5.443479493e-02-6.066285819e-02-6.682837009e-02
-7.282697409e-02-7.852080464e-02-8.374785632e-02-8.834242076e-02-9.216286242e-02
-9.511838108e-02-9.718623012e-02-9.841488302e-02-9.891183674e-02-9.881957620e-02
-9.828811139e-02-9.745369107e-02-9.642787278e-02-9.529547393e-02-9.411752969e-02
-9.293597192e-02-9.177836031e-02-9.066180140e-02-8.959607780e-02-8.858588338e-02
-8.763250709e-02-8.673499525e-02-8.589094877e-02-8.509714901e-02-8.434989303e-02
-1.089160651e-05-2.052119671e-04-6.419349811e-04-1.317476039e-03-1.728515606e-03
-1.381827402e-03-8.757724427e-04-2.574531827e-04 4.494520836e-04 1.104023308e-03
 1.635363209e-03 2.125806175e-03 2.702880185e-03 3.385486314e-03 4.184356891e-03
 5.115624983e-03 6.201604381e-03 7.474112790e-03 8.957217447e-03 1.056439988e-02
 1.235825755e-02 1.426695194e-02 1.578773744e-02 1.610278711e-02 1.491621137e-02
 1.205838751e-02 7.552676834e-03 2.053780248e-03-3.731739940e-03-9.605881758e-03
-1.554301847e-02-2.156557888e-02-2.770984173e-02-3.401441127e-02-4.051523283e-02
-4.724216461e-02-5.421480909e-02-6.143593043e-02-6.888067722e-02-7.647948712e-02
-8.409389853e-02-9.149076790e-02-9.833654016e-02-1.042453647e-01-1.088766456e-01
-1.120197847e-01-1.136359498e-01-1.138682067e-01-1.130119413e-01-1.114271283e-01
-1.094357446e-01-1.072721705e-01-1.050862968e-01-1.029656455e-01-1.009568870e-01
-9.908140451e-02-9.734550864e-02-9.574682266e-02-9.427820891e-02-9.293015301e-02
-9.169213474e-02-9.055352956e-02-8.950402588e-02-8.853393793e-02-8.763429523e-02
-1.131905265e-05-2.133226080e-04-6.677752826e-04-1.372210332e-03-1.824035193e-03
-1.526279375e-03-1.069457852e-03-5.205933703e-04 7.139636000e-05 6.302507245e-04
 1.126222312e-03 1.590842847e-03 2.072551753e-03 2.596419305e-03 3.176415572e-03
 3.814572934e-03 4.507742822e-03 5.249234382e-03 6.015907507e-03 6.701992825e-03
 7.276612334e-03 7.598138414e-03 7.479747757e-03 6.708698813e-03 5.120361224e-03
 2.642643172e-03-6.908631185e-04-4.751937464e-03-9.377984330e-03-1.443897653e-02
-1.985909045e-02-2.560788393e-02-3.168639541e-02-3.811689466e-02-4.493658990e-02
-5.219372734e-02-5.994446576e-02-6.824876368e-02-7.716231793e-02-8.671768755e-02
-9.687764198e-02-1.074165031e-01-1.176567525e-01-1.263527870e-01-1.325885355e-01
-1.359385252e-01-1.363226473e-01-1.339951903e-01-1.299425811e-01-1.253884733e-01
-1.209608763e-01-1.168853343e-01-1.132191122e-01-1.099534854e-01-1.070552692e-01
-1.044841483e-01-1.021999717e-01-1.001656055e-01-9.834790975e-02-9.671773016e-02
-9.524969757e-02-9.392177314e-02-9.271488339e-02-9.161249548e-02-9.060031176e-02
-1.179713945e-05-2.224512718e-04-6.972731790e-04-1.439246233e-03-1.940269023e-03
-1.718162908e-03-1.285524457e-03-7.211486809e-04-1.294794929e-04 2.215758432e-04
 6.123089697e-04 9.959952440e-04 1.339970389e-03 1.694186591e-03 2.059226157e-03
 2.415495925e-03 2.751365071e-03 3.025963670e-03 3.231218085e-03 3.313557710e-03
 3.210415598e-03 2.777951071e-03 1.986960880e-03 7.322211168e-04-1.067639329e-03
-3.446949646e-03-6.419877522e-03-9.963152930e-03-1.403673366e-02-1.860064454e-02
-2.362228930e-02-2.909109555e-02-3.501715511e-02-4.143118858e-02-4.838646203e-02
-5.596084148e-02-6.426042318e-02-7.342653722e-02-8.365007490e-02-9.519751370e-02
-1.084591001e-01-1.240729690e-01-1.434872001e-01-1.580757797e-01-1.674718410e-01
-1.698632389e-01-1.707361639e-01-1.593857557e-01-1.470739394e-01-1.377864778e-01
-1.303894669e-01-1.243532300e-01-1.193461046e-01-1.151383296e-01-1.115635335e-01
-1.084977612e-01-1.058465019e-01-1.035362333e-01-1.015087441e-01-9.971725941e-02
-9.812372923e-02-9.669684619e-02-9.541064501e-02-9.424345940e-02-9.317707270e-02
-1.220286322e-05-2.301789209e-04-7.220744155e-04-1.488284208e-03-2.034034347e-03
-1.883813995e-03-1.508339657e-03-1.029664883e-03-6.432344671e-04-3.338242532e-04
-3.815233140e-05 2.465609286e-04 5.107367178e-04 7.463598740e-04 9.446435724e-04
 1.091821701e-03 1.168460003e-03 1.149793970e-03 1.004923251e-03 6.946364301e-04
 1.706822222e-04-6.196398172e-04-1.726306160e-03-3.205695655e-03-5.110945553e-03
-7.448851597e-03-1.025381126e-02-1.355560217e-02-1.732569560e-02-2.156286314e-02
-2.626802213e-02-3.145007417e-02-3.713078424e-02-4.334471747e-02-5.015740916e-02
-5.766316876e-02-6.600175798e-02-7.534528524e-02-8.592166007e-02-9.808321297e-02
-1.123796254e-01-1.296597570e-01-1.510363221e-01-1.673112661e-01-1.775553823e-01
-1.802263260e-01-1.800179929e-01-1.673358977e-01-1.530160457e-01-1.421774626e-01
-1.338216364e-01-1.272056252e-01-1.218458638e-01-1.174237654e-01-1.137213930e-01
-1.105838567e-01-1.078972816e-01-1.055755541e-01-1.035519615e-01-1.017738283e-01
-1.001989171e-01-9.879291058e-02-9.752766788e-02-9.637992829e-02-9.533039480e-02
-1.243995575e-05-2.346845140e-04-7.365574711e-04-1.522937790e-03-2.093867864e-03
-2.009319142e-03-1.705458504e-03-1.367447432e-03-1.056544366e-03-7.741894224e-04
-5.216053687e-04-3.009298525e-04-1.183983331e-04 1.629137660e-05 9.050768858e-05
 8.850685117e-05-8.926107512e-06-2.247483353e-04-5.858184886e-04-1.122810878e-03
-1.869582804e-03-2.861874644e-03-4.135665484e-03-5.725259893e-03-7.660740521e-03
-9.967090562e-03-1.266643126e-02-1.577263698e-02-1.928837597e-02-2.324322984e-02
-2.764611691e-02-3.248084337e-02-3.780567273e-02-4.363128543e-02-4.997783899e-02
-5.685497075e-02-6.463068724e-02-7.339410484e-02-8.304309100e-02-9.386049956e-02
-1.060603335e-01-1.198920235e-01-1.354366988e-01-1.477947980e-01-1.559797525e-01
-1.592503190e-01-1.590553075e-01-1.523246318e-01-1.435028911e-01-1.360262036e-01
-1.297850311e-01-1.245653853e-01-1.201777756e-01-1.164664701e-01-1.133062020e-01
-1.105966717e-01-1.082573831e-01-1.062233075e-01-1.044415087e-01-1.028685868e-01
-1.014687419e-01-1.002122834e-01-9.907450527e-02-9.803480655e-02-9.707600623e-02
-1.246897409e-05-2.351638250e-04-7.375591085e-04-1.520488528e-03-2.083056606e-03
-1.944309799e-03-1.700308640e-03-1.411189907e-03-1.185278175e-03-9.782090783e-04
-7.829484530e-04-6.171681453e-04-4.946429399e-04-4.289938079e-04-4.350350646e-04
-5.293542054e-04-7.305899635e-04-1.059527043e-03-1.539021847e-03-2.193732187e-03
-3.049626714e-03-4.133275244e-03-5.470981356e-03-7.087852340e-03-9.006970562e-03
-1.124883164e-02-1.383105852e-02-1.676846296e-02-2.007385902e-02-2.375888824e-02
-2.783366479e-02-3.230968863e-02-3.720521554e-02-4.253162444e-02-4.829397798e-02
-5.458690971e-02-6.140818074e-02-6.873288751e-02-7.652152330e-02-8.522357047e-02
-9.420432895e-02-1.033576056e-01-1.121339649e-01-1.196998283e-01-1.254079938e-01
-1.288969815e-01-1.300964355e-01-1.292582005e-01-1.270057410e-01-1.240888387e-01
-1.210283861e-01-1.180913150e-01-1.153908446e-01-1.129614413e-01-1.107995659e-01
-1.088845506e-01-1.071890742e-01-1.056843773e-01-1.043428034e-01-1.031389534e-01
-1.020500883e-01-1.010562703e-01-1.001401916e-01-9.928708524e-02-9.848442674e-02
-1.233285639e-05-2.325856040e-04-7.295046235e-04-1.503580133e-03-2.057424514e-03
-1.915240777e-03-1.686047646e-03-1.445899135e-03-1.219831873e-03-1.016761060e-03
-8.389148279e-04-6.954703713e-04-5.989218480e-04-5.633547553e-04-6.041634479e-04
-7.380248862e-04-9.828645270e-04-1.357757137e-03-1.882746816e-03-2.578576095e-03
-3.466328140e-03-4.566992633e-03-5.900989752e-03-7.487694733e-03-9.345013648e-03
-1.148905978e-02-1.393397246e-02-1.669189893e-02-1.977312192e-02-2.318630926e-02
-2.693881094e-02-3.103701957e-02-3.548640013e-02-4.029101133e-02-4.545191303e-02
-5.096578971e-02-5.682269856e-02-6.299569458e-02-6.943458319e-02-7.603889704e-02
-8.264562488e-02-8.916671574e-02-9.522877634e-02-1.006505564e-01-1.052688658e-01
-1.086852849e-01-1.109267771e-01-1.120825708e-01-1.123535484e-01-1.119908616e-01
-1.112296283e-01-1.102537736e-01-1.091901138e-01-1.081180573e-01-1.070829108e-01
-1.061071604e-01-1.051988378e-01-1.043571681e-01-1.035763547e-01-1.028480157e-01
-1.021627858e-01-1.015112698e-01-1.008846834e-01-1.002752110e-01-9.967618436e-02
-1.203820921e-05-2.270592231e-04-7.124933763e-04-1.473949989e-03-2.001868328e-03
-1.837752061e-03-1.586165046e-03-1.325790188e-03-1.086721080e-03-8.740240592e-04
-6.858899724e-04-5.313666770e-04-4.233247018e-04-3.763970744e-04-4.064973909e-04
-5.305353552e-04-7.661494892e-04-1.131448545e-03-1.644751988e-03-2.324319212e-03
-3.188064322e-03-4.253266845e-03-5.536295474e-03-7.052362431e-03-8.815285750e-03
-1.083727553e-02-1.312876120e-02-1.569825970e-02-1.855229028e-02-2.169529721e-02
-2.512955666e-02-2.885501459e-02-3.286902979e-02-3.716591001e-02-4.173287377e-02
-4.654418305e-02-5.157395452e-02-5.679221451e-02-6.214327365e-02-6.754422933e-02
-7.288543135e-02-7.803249359e-02-8.283865452e-02-8.718153834e-02-9.085894376e-02
-9.404430538e-02-9.674580395e-02-9.876815230e-02-1.003081352e-01-1.014014035e-01
-1.021411419e-01-1.026082039e-01-1.028729454e-01-1.029926911e-01-1.030106843e-01
-1.029573753e-01-1.028527841e-01-1.027089730e-01-1.025322825e-01-1.023252010e-01
-1.020878479e-01-1.018190980e-01-1.015174091e-01-1.011813730e-01-1.008100808e-01
-1.155193149e-05-2.178852010e-04-6.837940891e-04-1.410221448e-03-1.902964083e-03
-1.688682474e-03-1.379515044e-03-1.055411529e-03-7.881504134e-04-5.494850338e-04
-3.232455929e-04-1.227380999e-04 3.669602665e-05 1.385486685e-04 1.653439394e-04
 9.895274707e-05-7.891442510e-05-3.863271559e-04-8.408466820e-04-1.459268737e-03
-2.257369924e-03-3.249681322e-03-4.449365195e-03-5.868252367e-03-7.516753394e-03
-9.403675795e-03-1.153602265e-02-1.391880307e-02-1.655482687e-02-1.944446750e-02
-2.258534543e-02-2.597190253e-02-2.959481068e-02-3.344017267e-02-3.748864308e-02
-4.171475396e-02-4.609357566e-02-5.058096349e-02-5.519177392e-02-5.984940752e-02
-6.445398927e-02-6.891267747e-02-7.313651592e-02-7.704341412e-02-8.056507260e-02
-8.364862949e-02-8.624362200e-02-8.840522915e-02-9.018028527e-02-9.236573428e-02
-9.423275292e-02-9.581686556e-02-9.715314209e-02-9.827622771e-02-9.921734780e-02
-1.000025719e-01-1.006520987e-01-1.011806205e-01-1.015983596e-01-1.019122601e-01
-1.021271646e-01-1.022468060e-01-1.022745892e-01-1.022141501e-01-1.020696610e-01
-1.087679811e-05-2.050769253e-04-6.431742222e-04-1.327384729e-03-1.756081940e-03
-1.456431113e-03-1.043612487e-03-6.427829503e-04-3.710860910e-04-6.944034249e-05
 2.361631778e-04 5.272087874e-04 7.853971911e-04 9.916183772e-04 1.125689712e-03
 1.166442526e-03 1.093639992e-03 8.883499540e-04 5.329870037e-04 1.143755162e-05
-6.906153285e-04-1.585223712e-03-2.681967337e-03-3.989485092e-03-5.515363999e-03
-7.265666965e-03-9.244557470e-03-1.145415753e-02-1.389433723e-02-1.656243019e-02
-1.945287921e-02-2.255677618e-02-2.586120926e-02-2.934833243e-02-3.299381211e-02
-3.676366061e-02-4.060474783e-02-4.443468526e-02-4.862781987e-02-5.289220065e-02
-5.712514743e-02-6.124884263e-02-6.520744413e-02-6.895137578e-02-7.243813574e-02
-7.563333213e-02-7.851182669e-02-8.105869591e-02-8.327718079e-02-8.516930789e-02
-8.766399324e-02-9.018692374e-02-9.242508560e-02-9.439807385e-02-9.613677859e-02
-9.766434133e-02-9.899767488e-02-1.001486406e-01-1.011254787e-01-1.019342169e-01
-1.025799811e-01-1.030679792e-01-1.034042835e-01-1.035962552e-01-1.036526635e-01
-1.008847266e-05-1.901007781e-04-5.954930675e-04-1.225297572e-03-1.576351700e-03
-1.157544320e-03-6.499664742e-04-2.793553867e-04 1.165446301e-04 5.416531931e-04
 9.826500900e-04 1.420580433e-03 1.834881143e-03 2.204787219e-03 2.507233294e-03
 2.710356843e-03 2.791037317e-03 2.729847096e-03 2.509093611e-03 2.112373710e-03
 1.525254571e-03 7.376823341e-04-2.496689267e-04-1.442676643e-03-2.848007949e-03
-4.470417276e-03-6.311650854e-03-8.371636271e-03-1.064828970e-02-1.313713007e-02
-1.583106630e-02-1.872012205e-02-2.179110050e-02-2.502718382e-02-2.840757370e-02
-3.190748766e-02-3.549914062e-02-3.915288299e-02-4.285258800e-02-4.667253792e-02
-5.070130900e-02-5.471182242e-02-5.858708918e-02-6.231635436e-02-6.588080525e-02
-6.926109642e-02-7.244192809e-02-7.541436702e-02-7.817627490e-02-8.072526008e-02
-8.303969353e-02-8.601426333e-02-8.896794915e-02-9.164211899e-02-9.406224638e-02
-9.624566883e-02-9.819969535e-02-9.992643446e-02-1.014256030e-01-1.026966646e-01
-1.037404835e-01-1.045606136e-01-1.051640362e-01-1.055613905e-01-1.057666987e-01
-9.282930478e-06-1.748840004e-04-5.478220992e-04-1.126429997e-03-1.415693900e-03
-9.498399450e-04-4.383756313e-04 9.454888641e-05 6.706806016e-04 1.284850878e-03
 1.925599994e-03 2.575367922e-03 3.208231414e-03 3.811060451e-03 4.384278320e-03
 4.811923485e-03 5.091537256e-03 5.212313496e-03 5.158724263e-03 4.911531229e-03
 4.446592648e-03 3.730360884e-03 2.846884541e-03 1.767705660e-03 4.755699192e-04
-1.037354115e-03-2.765147947e-03-4.706258886e-03-6.858147215e-03-9.215242229e-03
-1.176990476e-02-1.451236196e-02-1.743067242e-02-2.051071823e-02-2.373636700e-02
-2.708989941e-02-3.055282868e-02-3.410722315e-02-3.773836419e-02-4.144712538e-02
-4.525409266e-02-4.911056161e-02-5.295056850e-02-5.673636124e-02-6.044229493e-02
-6.405045837e-02-6.754782051e-02-7.092548162e-02-7.417871803e-02-7.731004059e-02
-8.036258817e-02-8.355089277e-02-8.689950407e-02-9.012762457e-02-9.315002710e-02
-9.594523907e-02-9.849606454e-02-1.007844135e-01-1.027927995e-01-1.045068502e-01
-1.059178039e-01-1.070244610e-01-1.078341156e-01-1.083623543e-01-1.086317375e-01
-8.474584320e-06-1.596936054e-04-5.007044529e-04-1.035680994e-03-1.244748011e-03
-7.008217508e-04-1.015543312e-04 5.900677061e-04 1.360027236e-03 2.197590424e-03
 3.094010521e-03 4.041313659e-03 4.921122920e-03 5.729833618e-03 6.453528535e-03
 7.064809557e-03 7.542236242e-03 7.866385393e-03 8.018556051e-03 7.980705239e-03
 7.736269850e-03 7.272447459e-03 6.585996132e-03 5.664636381e-03 4.490073305e-03
 3.035015659e-03 1.390141319e-03-4.647039459e-04-2.535082167e-03-4.810154904e-03
-7.281966042e-03-9.941115044e-03-1.277700253e-02-1.577770151e-02-1.893012971e-02
-2.222035639e-02-2.563407086e-02-2.915709279e-02-3.277561441e-02-3.647492081e-02
-4.023311287e-02-4.400988296e-02-4.795340076e-02-5.187242851e-02-5.577434599e-02
-5.964722857e-02-6.348054111e-02-6.726642698e-02-7.099955529e-02-7.467713207e-02
-7.830728590e-02-8.203507960e-02-8.593805134e-02-8.976017684e-02-9.342262149e-02
-9.687972814e-02-1.000850275e-01-1.029905602e-01-1.055500284e-01-1.077239215e-01
-1.094853207e-01-1.108244807e-01-1.117508113e-01-1.122915521e-01-1.124876142e-01
-7.572702543e-06-1.427929528e-04-4.488697159e-04-9.283909458e-04-1.091457088e-03
-4.744270118e-04 3.078822629e-04 1.191367395e-03 2.175136702e-03 3.255223623e-03
 4.424969200e-03 5.562705919e-03 6.651613861e-03 7.674955763e-03 8.613929152e-03
 9.447245859e-03 1.015315205e-02 1.071012486e-02 1.109729055e-02 1.129490137e-02
 1.128492970e-02 1.105173584e-02 1.058238093e-02 9.865224361e-03 8.890461177e-03
 7.652123924e-03 6.153166760e-03 4.385520238e-03 2.330217976e-03 8.563653682e-05
-2.358653583e-03-4.992652219e-03-7.807763759e-03-1.079361048e-02-1.393890288e-02
-1.723161712e-02-2.065926604e-02-2.420906350e-02-2.786795981e-02-3.162252530e-02
-3.545869514e-02-3.935628012e-02-4.332929850e-02-4.746187851e-02-5.160572380e-02
-5.577569455e-02-5.996580794e-02-6.417036802e-02-6.838384271e-02-7.259701937e-02
-7.678560913e-02-8.112330735e-02-8.578681946e-02-9.037143737e-02-9.483794868e-02
-9.913157672e-02-1.031750217e-01-1.068756133e-01-1.101340279e-01-1.128586084e-01
-1.149828732e-01-1.164803281e-01-1.173705608e-01-1.177138910e-01-1.175971553e-01
-6.479475360e-06-1.220094709e-04-3.824738960e-04-7.876350428e-04-8.313607541e-04
-6.873573875e-05 8.418299258e-04 1.900288742e-03 3.104500240e-03 4.443478305e-03
 5.792398471e-03 7.131111342e-03 8.439242840e-03 9.695724584e-03 1.087838132e-02
 1.196389645e-02 1.292824652e-02 1.374722552e-02 1.439701021e-02 1.485475153e-02
 1.509917621e-02 1.511114370e-02 1.487406995e-02 1.437416393e-02 1.360078063e-02
 1.254679728e-02 1.120861899e-02 9.584541433e-03 7.675453089e-03 5.488284864e-03
 3.013122827e-03 3.540391917e-04-2.496032743e-03-5.524588749e-03-8.721397258e-03
-1.207521744e-02-1.557462011e-02-1.920811646e-02-2.296440303e-02-2.683258988e-02
-3.080252372e-02-3.486508131e-02-3.900403902e-02-4.329923168e-02-4.772146046e-02
-5.221132562e-02-5.677401647e-02-6.140932813e-02-6.611873955e-02-7.090916485e-02
-7.581406087e-02-8.093392849e-02-8.630009741e-02-9.178557247e-02-9.729181230e-02
-1.027344540e-01-1.079952940e-01-1.129042059e-01-1.172438040e-01-1.207847595e-01
-1.233476400e-01-1.248618066e-01-1.253888309e-01-1.250979006e-01-1.242068186e-01
-5.300480098e-06-9.976097499e-05-3.128520329e-04-6.456759293e-04-5.973486695e-04
 2.863809641e-04 1.384982257e-03 2.657179022e-03 4.115590360e-03 5.630399100e-03
 7.178365253e-03 8.737193421e-03 1.028422453e-02 1.179575734e-02 1.324677747e-02
 1.461100299e-02 1.586119272e-02 1.696963236e-02 1.790873706e-02 1.865171455e-02
 1.917327009e-02 1.945027709e-02 1.946239173e-02 1.919258200e-02 1.862756908e-02
 1.775813662e-02 1.657923311e-02 1.508982945e-02 1.329282392e-02 1.119477954e-02
 8.804625832e-03 6.136321463e-03 3.185611917e-03 6.046725321e-05-3.244061489e-03
-6.714130286e-03-1.033893973e-02-1.410749927e-02-1.800956205e-02-2.203596942e-02
-2.617880516e-02-3.043157794e-02-3.478921577e-02-3.924853727e-02-4.393973574e-02
-4.876286164e-02-5.369746312e-02-5.875627697e-02-6.394930929e-02-6.928101182e-02
-7.470484078e-02-8.038235456e-02-8.694406599e-02-9.354623407e-02-1.003727019e-01
-1.074189842e-01-1.145932227e-01-1.216553375e-01-1.281221956e-01-1.332920939e-01
-1.365578771e-01-1.376967430e-01-1.369468868e-01-1.349272430e-01-1.323010474e-01
-4.058284958e-06-7.635403017e-05-2.396599302e-04-4.939096398e-04-3.448922071e-04
 6.709651789e-04 1.942904899e-03 3.411691403e-03 5.073990673e-03 6.797786802e-03
 8.568995632e-03 1.036871597e-02 1.217471529e-02 1.396204066e-02 1.570338383e-02
 1.736944728e-02 1.892942190e-02 2.035159059e-02 2.160403505e-02 2.265543304e-02
 2.347587794e-02 2.403770387e-02 2.431625873e-02 2.429059148e-02 2.394403145e-02
 2.326462977e-02 2.224542201e-02 2.088450082e-02 1.918491907e-02 1.715433039e-02
 1.480436698e-02 1.214983501e-02 9.206931107e-03 5.995452404e-03 2.515158383e-03
-1.124333823e-03-4.926879425e-03-8.878192864e-03-1.296786033e-02-1.718800329e-02
-2.153277770e-02-2.599830553e-02-3.058349155e-02-3.529413417e-02-4.016722366e-02
-4.528019577e-02-5.055211857e-02-5.599012598e-02-6.162202358e-02-6.748622656e-02
-7.364403456e-02-8.019227535e-02-8.721644431e-02-9.476809204e-02-1.029378176e-01
-1.118692756e-01-1.217520982e-01-1.328082681e-01-1.451475173e-01-1.548392922e-01
-1.599807143e-01-1.595475674e-01-1.536010355e-01-1.465225220e-01-1.405308098e-01
-2.767634896e-06-5.183863323e-05-1.616117806e-04-3.324334102e-04-3.299289165e-05
 1.193557400e-03 2.565173898e-03 4.244687501e-03 6.058366038e-03 7.974580862e-03
 9.968670085e-03 1.201670710e-02 1.409327425e-02 1.617058367e-02 1.821825095e-02
 2.020346373e-02 2.209141105e-02 2.384595200e-02 2.543041296e-02 2.680850774e-02
 2.794530988e-02 2.880820073e-02 2.936780080e-02 2.959878743e-02 2.948060073e-02
 2.899800986e-02 2.814149484e-02 2.690743841e-02 2.529812232e-02 2.332145534e-02
 2.099045180e-02 1.832241565e-02 1.533782110e-02 1.205901708e-02 8.508002385e-03
 4.708327819e-03 6.615611492e-04-3.520931350e-03-7.834697142e-03-1.227563713e-02
-1.684084162e-02-2.152910270e-02-2.634136938e-02-3.128248453e-02-3.637181967e-02
-4.167006537e-02-4.719778150e-02-5.291376635e-02-5.884635448e-02-6.504203379e-02
-7.156019658e-02-7.849843800e-02-8.597374707e-02-9.408446401e-02-1.030221507e-01
-1.130820289e-01-1.247336417e-01-1.387427449e-01-1.562285721e-01-1.698267162e-01
-1.772504449e-01-1.752611250e-01-1.640975326e-01-1.527780741e-01-1.444082707e-01
-1.521464014e-06-2.847543328e-05-8.942395652e-05-1.841753547e-04 1.816791337e-04
 1.477315440e-03 3.092702711e-03 4.974052776e-03 6.986991502e-03 9.117287584e-03
 1.134621538e-02 1.365133189e-02 1.600659639e-02 1.838235557e-02 2.074544504e-02
 2.305953018e-02 2.528565750e-02 2.738305740e-02 2.931007370e-02 3.102524951e-02
 3.248842806e-02 3.366187587e-02 3.451130539e-02 3.500684351e-02 3.512381390e-02
 3.484340012e-02 3.415313736e-02 3.304718062e-02 3.152640536e-02 2.959824167e-02
 2.727626823e-02 2.457946166e-02 2.153111808e-02 1.815737784e-02 1.448529866e-02
 1.054050867e-02 6.343413610e-03 1.908359700e-03-2.648851601e-03-7.324490231e-03
-1.211656723e-02-1.702515222e-02-2.205276489e-02-2.720499039e-02-3.249397129e-02
-3.795445710e-02-4.361097515e-02-4.945557192e-02-5.550783500e-02-6.180378050e-02
-6.839089096e-02-7.534987479e-02-8.277478814e-02-9.073708951e-02-9.937353432e-02
-1.088767797e-01-1.195191666e-01-1.317102760e-01-1.462982148e-01-1.575969756e-01
-1.652679592e-01-1.638426930e-01-1.551716030e-01-1.467983276e-01-1.402792037e-01
-2.740345337e-07-4.871669717e-06-1.453951245e-05-2.707736894e-05 4.586302675e-04
 1.899173949e-03 3.654137719e-03 5.691146012e-03 7.885298692e-03 1.022190414e-02
 1.268177107e-02 1.524171699e-02 1.787429675e-02 2.054766938e-02 2.322571725e-02
 2.586844750e-02 2.843265608e-02 3.087284230e-02 3.314232454e-02 3.519445285e-02
 3.698389605e-02 3.846786916e-02 3.960730880e-02 4.036788270e-02 4.072089121e-02
 4.064394534e-02 4.012152553e-02 3.914532810e-02 3.771445900e-02 3.583539650e-02
 3.352170065e-02 3.079343960e-02 2.767626010e-02 2.420005389e-02 2.039722167e-02
 1.630050875e-02 1.194048859e-02 7.343004458e-03 2.526246011e-03-2.392620547e-03
-7.411438972e-03-1.253015921e-02-1.775116101e-02-2.307971008e-02-2.852428891e-02
-3.409591690e-02-3.980625048e-02-4.566739500e-02-5.169442296e-02-5.790753290e-02
-6.433470547e-02-7.101795077e-02-7.799438387e-02-8.527993411e-02-9.289032221e-02
-1.008204147e-01-1.089989319e-01-1.171962246e-01-1.248601526e-01-1.310752928e-01
-1.350434273e-01-1.364847273e-01-1.357002854e-01-1.335216910e-01-1.307994127e-01
 8.802163052e-07 1.709825301e-05 5.492334458e-05 1.168923918e-04 7.124734111e-04
 2.297539962e-03 4.238323774e-03 6.391468458e-03 8.742204867e-03 1.126790978e-02
 1.394524798e-02 1.674828120e-02 1.964707486e-02 2.260703966e-02 2.558882162e-02
 2.854864299e-02 3.143901750e-02 3.420978412e-02 3.680934757e-02 3.918608651e-02
 4.128975794e-02 4.307287931e-02 4.449197650e-02 4.550866783e-02 4.609057307e-02
 4.621201754e-02 4.585461318e-02 4.500763863e-02 4.366829619e-02 4.184179381e-02
 3.954124078e-02 3.678723052e-02 3.360714018e-02 3.003402427e-02 2.610503137e-02
 2.185943164e-02 1.733618043e-02 1.257116441e-02 7.594127208e-03 2.425315324e-03
-2.818237757e-03-8.135325275e-03-1.352642477e-02-1.899383403e-02-2.454140410e-02
-3.017408028e-02-3.589744121e-02-4.171732813e-02-4.763949662e-02-5.366847292e-02
-5.980135128e-02-6.605774909e-02-7.249753922e-02-7.900602371e-02-8.556158096e-02
-9.209205210e-02-9.847199917e-02-1.045081392e-01-1.099410504e-01-1.144866794e-01
-1.179178953e-01-1.201438606e-01-1.212411895e-01-1.214205697e-01-1.209462360e-01
 1.879668616e-06 3.587792526e-05 1.130910168e-04 2.359211067e-04 8.993936353e-04
 2.581037348e-03 4.672941286e-03 6.981679238e-03 9.498276748e-03 1.220816653e-02
 1.509104948e-02 1.812130958e-02 2.126787975e-02 2.449407615e-02 2.775768377e-02
 3.101141751e-02 3.420378268e-02 3.728025779e-02 4.018471390e-02 4.286097735e-02
 4.525440559e-02 4.731336981e-02 4.899058118e-02 5.024420470e-02 5.103874952e-02
 5.134576187e-02 5.114436150e-02 5.042165518e-02 4.917299747e-02 4.740221053e-02
 4.512158036e-02 4.235169664e-02 3.912095353e-02 3.546465933e-02 3.142371029e-02
 2.704271302e-02 2.236765623e-02 1.744312048e-02 1.230917871e-02 6.998059805e-03
 1.530662295e-03-3.976952750e-03-9.522793815e-03-1.510736533e-02-2.073202841e-02
-2.639819682e-02-3.210680932e-02-3.785779700e-02-4.364952818e-02-4.947834462e-02
-5.533930287e-02-6.122745574e-02-6.712391227e-02-7.298590243e-02-7.875864208e-02
-8.437197655e-02-8.973512053e-02-9.473770857e-02-9.925873578e-02-1.031839401e-01
-1.064281985e-01-1.089548469e-01-1.107835323e-01-1.119831875e-01-1.126536205e-01
 2.747409326e-06 5.237387450e-05 1.660678390e-04 3.472219396e-04 1.126057119e-03
 2.960613696e-03 5.081475712e-03 7.493522484e-03 1.014730614e-02 1.301839575e-02
 1.608340070e-02 1.931520738e-02 2.268125862e-02 2.614289708e-02 2.965533361e-02
 3.316815943e-02 3.662630543e-02 3.997138888e-02 4.314330220e-02 4.608194530e-02
 4.872894660e-02 5.102923885e-02 5.293244123e-02 5.439397320e-02 5.537591130e-02
 5.584762618e-02 5.578627065e-02 5.517712981e-02 5.401394889e-02 5.229915306e-02
 5.004404113e-02 4.726875201e-02 4.400202259e-02 4.028053582e-02 3.614778072e-02
 3.165236115e-02 2.684573270e-02 2.177945524e-02 1.650206000e-02 1.105581224e-02
 5.473701283e-03-2.227561927e-04-5.911374465e-03-1.159793697e-02-1.728467830e-02
-2.297171950e-02-2.865739353e-02-3.433804959e-02-4.000756890e-02-4.565648362e-02
-5.127010122e-02-5.684298649e-02-6.236567348e-02-6.777713448e-02-7.303710282e-02
-7.809566706e-02-8.289469779e-02-8.737123758e-02-9.146281332e-02-9.511451423e-02
-9.828650951e-02-1.009600386e-01-1.031398997e-01-1.048528180e-01-1.061421633e-01
 3.392415238e-06 6.444872997e-05 2.028821036e-04 4.212895874e-04 1.217619865e-03
 3.063697834e-03 5.349354818e-03 7.884994149e-03 1.066420041e-02 1.367268525e-02
 1.688985154e-02 2.028897218e-02 2.383673750e-02 2.749297395e-02 3.121076897e-02
 3.493709117e-02 3.861389682e-02 4.217959195e-02 4.557081684e-02 4.872430488e-02
 5.157872289e-02 5.407635123e-02 5.616447702e-02 5.779650435e-02 5.893275514e-02
 5.954104289e-02 5.959708244e-02 5.908478424e-02 5.799657851e-02 5.633367226e-02
 5.410633981e-02 5.133404955e-02 4.804540426e-02 4.427772015e-02 4.007606208e-02
 3.549171612e-02 3.057996184e-02 2.539723180e-02 1.999764703e-02 1.442906260e-02
 8.728472516e-03 2.916276455e-03-2.876073588e-03-8.641535416e-03-1.437678374e-02
-2.007903904e-02-2.574456483e-02-3.136781231e-02-3.694083914e-02-4.245283455e-02
-4.789045453e-02-5.324526876e-02-5.850064382e-02-6.361595541e-02-6.855676323e-02
-7.328736782e-02-7.776976377e-02-8.196554333e-02-8.583863825e-02-8.935844153e-02
-9.250279516e-02-9.526032209e-02-9.763138741e-02-9.962770343e-02-1.012705564e-01
 3.876516075e-06 7.363228360e-05 2.319455671e-04 4.820834147e-04 1.324960729e-03
 3.226533299e-03 5.571920425e-03 8.180056699e-03 1.104619633e-02 1.415489987e-02
 1.748479530e-02 2.100845799e-02 2.469164878e-02 2.849290892e-02 3.236365318e-02
 3.624884784e-02 4.008818418e-02 4.381767660e-02 4.737154767e-02 5.068421736e-02
 5.369223654e-02 5.633600801e-02 5.856123194e-02 6.031996757e-02 6.157139316e-02
 6.228231266e-02 6.242748722e-02 6.198989600e-02 6.096100435e-02 5.934108421e-02
 5.713951960e-02 5.437510088e-02 5.107609183e-02 4.727998748e-02 4.303274304e-02
 3.838740289e-02 3.340201452e-02 2.813689597e-02 2.265138179e-02 1.700029708e-02
 1.123056561e-02 5.378548056e-03-5.306237726e-04-6.372550502e-03-1.215191465e-02
-1.786937378e-02-2.352253161e-02-2.910626121e-02-3.461276367e-02-4.003164917e-02
-4.535103217e-02-5.056304857e-02-5.565262213e-02-6.058733538e-02-6.533931941e-02
-6.988205761e-02-7.418886572e-02-7.823390514e-02-8.199363947e-02-8.544842154e-02
-8.858392388e-02-9.139218926e-02-9.387218207e-02-9.602964669e-02-9.787646681e-02
 4.177260507e-06 7.938746421e-05 2.506331366e-04 5.215549609e-04 1.414008555e-03
 3.369405167e-03 5.721044727e-03 8.363108151e-03 1.127938367e-02 1.444842108e-02
 1.784700528e-02 2.144687437e-02 2.521308511e-02 2.910332382e-02 3.306795657e-02
 3.705070540e-02 4.098986089e-02 4.481996596e-02 4.847377911e-02 5.188431591e-02
 5.498686433e-02 5.772074312e-02 6.003072113e-02 6.186810508e-02 6.319144368e-02
 6.396697462e-02 6.416892260e-02 6.377973408e-02 6.279027462e-02 6.120020524e-02
 5.901831388e-02 5.626286566e-02 5.296178907e-02 4.915253073e-02 4.488142580e-02
 4.020240903e-02 3.517501429e-02 2.986165509e-02 2.432430536e-02 1.862075925e-02
 1.280069351e-02 6.901654880e-03 9.448368801e-04-4.933569580e-03-1.073520537e-02
-1.645966247e-02-2.210423537e-02-2.766380832e-02-3.313074261e-02-3.849454224e-02
-4.373982921e-02-4.886464030e-02-5.387634039e-02-5.871634930e-02-6.336951256e-02
-6.781569868e-02-7.203414291e-02-7.600500435e-02-7.971047610e-02-8.313576877e-02
-8.627001196e-02-8.910681307e-02-9.164468199e-02-9.388694912e-02-9.584152699e-02
 4.251362043e-06 8.066814189e-05 2.535102831e-04 5.253524287e-04 1.394007821e-03
 3.329841420e-03 5.734092556e-03 8.410116658e-03 1.135011576e-02 1.454089768e-02
 1.796226762e-02 2.158690803e-02 2.538005821e-02 2.929927967e-02 3.329466283e-02
 3.730954975e-02 4.128181189e-02 4.514553398e-02 4.883300513e-02 5.227680132e-02
 5.541181564e-02 5.817700922e-02 6.051686406e-02 6.238244101e-02 6.373208016e-02
 6.453184038e-02 6.475574523e-02 6.438604742e-02 6.341338158e-02 6.183718145e-02
 5.966596305e-02 5.691776425e-02 5.362031981e-02 4.981098324e-02 4.553612694e-02
 4.084990174e-02 3.581224754e-02 3.048620187e-02 2.493451908e-02 1.921588741e-02
 1.338087581e-02 7.467839401e-03 1.498912228e-03-4.387576133e-03-1.019276399e-02
-1.591595635e-02-2.155436762e-02-2.710297890e-02-3.255449235e-02-3.789963946e-02
-4.312875122e-02-4.823422432e-02-5.320231244e-02-5.800862983e-02-6.263025850e-02
-6.704678386e-02-7.123878598e-02-7.518807799e-02-7.887844741e-02-8.229646087e-02
-8.543215692e-02-8.827959746e-02-9.083712846e-02-9.310742468e-02-9.509724379e-02
 4.171346518e-06 7.928375271e-05 2.503824944e-04 5.213291734e-04 1.414501690e-03
 3.369870130e-03 5.717027001e-03 8.354842663e-03 1.126708183e-02 1.443212200e-02
 1.782672107e-02 2.142267302e-02 2.518511936e-02 2.907186747e-02 3.303341568e-02
 3.701361269e-02 4.095089063e-02 4.477991164e-02 4.843352735e-02 5.184485763e-02
 5.494924262e-02 5.768604204e-02 6.000004709e-02 6.184256449e-02 6.317210943e-02
 6.395490468e-02 6.416510791e-02 6.378507614e-02 6.280560791e-02 6.122623757e-02
 5.905562267e-02 5.631187558e-02 5.302276090e-02 4.922554269e-02 4.496638849e-02
 4.029907659e-02 3.528301045e-02 2.998052724e-02 2.445358783e-02 1.876004227e-02
 1.294971071e-02 7.060373202e-03 1.113546314e-03-4.754330497e-03-1.054514106e-02
-1.625873893e-02-2.189270593e-02-2.744223922e-02-3.290002048e-02-3.825588897e-02
-4.349482805e-02-4.861471429e-02-5.362232402e-02-5.846014246e-02-6.311273575e-02
-6.755974144e-02-7.178015262e-02-7.575388998e-02-7.946292311e-02-8.289229125e-02
-8.603094518e-02-8.887238801e-02-9.141502529e-02-9.366212040e-02-9.562153369e-02
 3.855962404e-06 7.324588660e-05 2.307660179e-04 4.797272850e-04 1.320928568e-03
 3.219409147e-03 5.559465382e-03 8.160980418e-03 1.101985946e-02 1.412091497e-02
 1.744296961e-02 2.095880732e-02 2.463442460e-02 2.842861786e-02 3.229307756e-02
 3.617304191e-02 4.000847787e-02 4.373563826e-02 4.728896543e-02 5.060305074e-02
 5.361457914e-02 5.626404658e-02 5.849718302e-02 6.026604772e-02 6.152978167e-02
 6.225511432e-02 6.241668761e-02 6.199732795e-02 6.098831818e-02 5.938969180e-02
 5.721057206e-02 5.446944386e-02 5.119423941e-02 4.742210731e-02 4.319866747e-02
 3.857667372e-02 3.361393139e-02 2.837063558e-02 2.290611342e-02 1.727534458e-02
 1.152557228e-02 5.693670362e-03-1.945070835e-04-6.014338695e-03-1.177095342e-02
-1.746550761e-02-2.309617773e-02-2.865849622e-02-3.414539248e-02-3.954721242e-02
-4.485268518e-02-5.005418137e-02-5.513669550e-02-6.006798148e-02-6.481990218e-02
-6.936541945e-02-7.367727160e-02-7.772906125e-02-8.149677515e-02-8.496037126e-02
-8.810523152e-02-9.092316777e-02-9.341297299e-02-9.558028728e-02-9.743691981e-02
 3.351609848e-06 6.367643800e-05 2.004775743e-04 4.163416161e-04 1.209012116e-03
 3.049612744e-03 5.327454302e-03 7.853507996e-03 1.062200218e-02 1.361904759e-02
 1.682438143e-02 2.021161653e-02 2.374781482e-02 2.739319764e-02 3.110126965e-02
 3.481942415e-02 3.849001974e-02 4.205184057e-02 4.544185847e-02 4.859707877e-02
 5.145638064e-02 5.396217108e-02 5.606181175e-02 5.770871043e-02 5.886312947e-02
 5.949276313e-02 5.957314372e-02 5.908795446e-02 5.802932754e-02 5.639812350e-02
 5.420420319e-02 5.146658048e-02 4.821337387e-02 4.448139295e-02 4.031523317e-02
 3.576577082e-02 3.088799119e-02 2.573818155e-02 2.037052438e-02 1.483317558e-02
 9.163687006e-03 3.383303760e-03-2.375163604e-03-8.105070330e-03-1.380357519e-02
-1.946851425e-02-2.509695664e-02-3.068441339e-02-3.622429445e-02-4.170737416e-02
-4.712186381e-02-5.246025324e-02-5.770614743e-02-6.281881034e-02-6.776274741e-02
-7.250089198e-02-7.699397206e-02-8.120252937e-02-8.508972079e-02-8.862437308e-02
-9.178396314e-02-9.455683827e-02-9.694322199e-02-9.895469993e-02-1.006125212e-01
 2.682247896e-06 5.114630767e-05 1.622948184e-04 3.397517721e-04 1.114572166e-03
 2.944054548e-03 5.050234962e-03 7.448210847e-03 1.008713618e-02 1.294257492e-02
 1.599142514e-02 1.920697652e-02 2.255715616e-02 2.600383013e-02 2.950276434e-02
 3.300411254e-02 3.645335138e-02 3.979260474e-02 4.296222329e-02 4.590248317e-02
 4.855529964e-02 5.086580664e-02 5.278373137e-02 5.426449701e-02 5.527011305e-02
 5.576978624e-02 5.574041978e-02 5.516698584e-02 5.404281244e-02 5.236985162e-02
 5.015884712e-02 4.742933437e-02 4.420941696e-02 4.053513706e-02 3.644939885e-02
 3.200032935e-02 2.723906748e-02 2.221708186e-02 1.698310114e-02 1.157993264e-02
 6.041493267e-03 3.906793136e-04-5.249436479e-03-1.088495459e-02-1.651845872e-02
-2.215054259e-02-2.778026275e-02-3.340519220e-02-3.902127594e-02-4.462238774e-02
-5.019840598e-02-5.574775115e-02-6.126173586e-02-6.667752564e-02-7.195060700e-02
-7.702738792e-02-8.184731007e-02-8.634595573e-02-9.046002477e-02-9.413414448e-02
-9.732824564e-02-1.000234410e-01-1.022244990e-01-1.039581075e-01-1.052676663e-01
 1.781913852e-06 3.402947914e-05 1.073273961e-04 2.240795293e-04 8.791381842e-04
 2.549570752e-03 4.627205431e-03 6.919067819e-03 9.416893125e-03 1.210671850e-02
 1.496879477e-02 1.797806844e-02 2.110408805e-02 2.431082167e-02 2.755673975e-02
 3.079525940e-02 3.397556767e-02 3.704378754e-02 3.994436562e-02 4.262162000e-02
 4.502129182e-02 4.709202051e-02 4.878667369e-02 5.006344244e-02 5.088674277e-02
 5.122793093e-02 5.106581002e-02 5.038705841e-02 4.918652400e-02 4.746740311e-02
 4.524129629e-02 4.252803326e-02 3.935523704e-02 3.575747460e-02 3.177496791e-02
 2.745181136e-02 2.283370309e-02 1.796524040e-02 1.288688835e-02 7.631725632e-03
 2.222040202e-03-3.224436659e-03-8.705725893e-03-1.422228571e-02-1.977535896e-02
-2.536619082e-02-3.099552915e-02-3.666320816e-02-4.236804321e-02-4.810923338e-02
-5.389390141e-02-5.974496529e-02-6.565325707e-02-7.155000418e-02-7.736210525e-02
-8.301401138e-02-8.841375262e-02-9.345083684e-02-9.800440073e-02-1.019604132e-01
-1.052340046e-01-1.077887267e-01-1.096444279e-01-1.108701900e-01-1.115659401e-01
 7.430988376e-07 1.451563185e-05 4.693177834e-05 1.007539176e-04 6.857282715e-04
 2.256593900e-03 4.178009927e-03 6.309111137e-03 8.636021055e-03 1.113656722e-02
 1.378794294e-02 1.656482928e-02 1.943799295e-02 2.237359993e-02 2.533310093e-02
 2.827354707e-02 3.114826418e-02 3.390786797e-02 3.650147468e-02 3.887806088e-02
 4.098788276e-02 4.278380424e-02 4.422255605e-02 4.526581615e-02 4.588111117e-02
 4.604253918e-02 4.573132098e-02 4.493622482e-02 4.365381971e-02 4.188856483e-02
 3.965272754e-02 3.696601465e-02 3.385492042e-02 3.035163879e-02 2.649261430e-02
 2.231659368e-02 1.786230691e-02 1.316579711e-02 8.257438429e-03 3.158690874e-03
-2.011441393e-03-7.251639850e-03-1.256215293e-02-1.794489287e-02-2.340310067e-02
-2.894080803e-02-3.456221148e-02-4.027101770e-02-4.606910050e-02-5.195113644e-02
-5.786850303e-02-6.394621730e-02-7.062625885e-02-7.723695785e-02-8.386600018e-02
-9.045674652e-02-9.688856453e-02-1.029705331e-01-1.084447727e-01-1.130283400e-01
-1.164949909e-01-1.187545136e-01-1.198839471e-01-1.200942770e-01-1.196499169e-01
-4.646099114e-07-8.455285752e-06-2.563378075e-05-4.949370850e-05 4.214752698e-04
 1.843097736e-03 3.573956201e-03 5.583839491e-03 7.748843636e-03 1.005483046e-02
 1.248321496e-02 1.501151267e-02 1.761305146e-02 2.025684528e-02 2.290768176e-02
 2.552650869e-02 2.807106450e-02 3.049676493e-02 3.275775909e-02 3.480814025e-02
 3.660316393e-02 3.810049966e-02 3.926135227e-02 4.005149379e-02 4.044213146e-02
 4.041061923e-02 3.994099423e-02 3.902435675e-02 3.765906766e-02 3.585071862e-02
 3.361190483e-02 3.096168116e-02 2.792469785e-02 2.452993579e-02 2.080904692e-02
 1.679428853e-02 1.251610275e-02 8.000656031e-03 3.267035354e-03-1.565852785e-03
-6.495802663e-03-1.152260974e-02-1.664834656e-02-2.187776566e-02-2.721857838e-02
-3.268063441e-02-3.827382252e-02-4.400788248e-02-4.989545047e-02-5.595703796e-02
-6.223868206e-02-6.885887682e-02-7.588816434e-02-8.325773478e-02-9.094651788e-02
-9.894444793e-02-1.071813479e-01-1.154294685e-01-1.231385544e-01-1.293949336e-01
-1.334017664e-01-1.348801851e-01-1.341317743e-01-1.319882125e-01-1.292999536e-01
-1.783095740e-06-3.340169860e-05-1.048040431e-04-2.156592091e-04 1.288489730e-04
 1.398838940e-03 2.985228552e-03 4.834528081e-03 6.812828127e-03 8.906762116e-03
 1.109843422e-02 1.336619258e-02 1.568482444e-02 1.802558266e-02 2.035629377e-02
 2.264167182e-02 2.484384179e-02 2.692308091e-02 2.883872017e-02 3.055017069e-02
 3.201799840e-02 3.320501000e-02 3.407727927e-02 3.460506722e-02 3.476363420e-02
 3.453390300e-02 3.390291333e-02 3.286415711e-02 3.141765296e-02 2.956984192e-02
 2.733320743e-02 2.472559921e-02 2.176923119e-02 1.848929189e-02 1.491210237e-02
 1.106287539e-02 6.962014362e-03 2.624394605e-03-1.833105925e-03-6.406923756e-03
-1.109519042e-02-1.589797810e-02-2.081760950e-02-2.585917711e-02-3.103414923e-02
-3.637734056e-02-4.191184416e-02-4.762518033e-02-5.353313684e-02-5.966740847e-02
-6.607301533e-02-7.294457406e-02-8.046563715e-02-8.852210641e-02-9.723648429e-02
-1.068051383e-01-1.175030023e-01-1.297416389e-01-1.443705112e-01-1.557075977e-01
-1.634154916e-01-1.620290726e-01-1.533985138e-01-1.450644732e-01-1.385828853e-01
-3.105976930e-06-5.821746163e-05-1.816712320e-04-3.741226392e-04-1.056299807e-04
 1.081416733e-03 2.424298786e-03 4.065543879e-03 5.837216973e-03 7.710467558e-03
 9.661365300e-03 1.166643389e-02 1.370087452e-02 1.573775709e-02 1.774775051e-02
 1.969922520e-02 2.155861259e-02 2.329100110e-02 2.486087382e-02 2.623297460e-02
 2.737322636e-02 2.824966051e-02 2.883332595e-02 2.909909934e-02 2.902639285e-02
 2.859971486e-02 2.780905366e-02 2.665008791e-02 2.512416989e-02 2.323809452e-02
 2.100365236e-02 1.843691245e-02 1.555720065e-02 1.238591503e-02 8.944394067e-03
 5.255925469e-03 1.322304131e-03-2.744896337e-03-6.941650528e-03-1.126437541e-02
-1.571073197e-02-2.028004825e-02-2.497359924e-02-2.979620919e-02-3.476733342e-02
-3.994949162e-02-4.536134377e-02-5.095446110e-02-5.675265938e-02-6.279575080e-02
-6.913375109e-02-7.597987354e-02-8.355294913e-02-9.174703807e-02-1.007486284e-01
-1.108602509e-01-1.225553304e-01-1.366018057e-01-1.541200578e-01-1.677501947e-01
-1.752073169e-01-1.732548475e-01-1.621318460e-01-1.508528590e-01-1.425221711e-01
-4.464289304e-06-8.401743253e-05-2.637157158e-04-5.435076891e-04-4.288396158e-04
 5.450671888e-04 1.768691698e-03 3.183396999e-03 4.788948223e-03 6.464065518e-03
 8.188227192e-03 9.940881282e-03 1.170000993e-02 1.344164182e-02 1.513979118e-02
 1.676665246e-02 1.829296164e-02 1.968850754e-02 2.092276514e-02 2.196561918e-02
 2.278814092e-02 2.336339280e-02 2.366719767e-02 2.367884666e-02 2.338168770e-02
 2.276357263e-02 2.181711793e-02 2.053978108e-02 1.893368922e-02 1.700520702e-02
 1.476451382e-02 1.222502068e-02 9.401732124e-03 6.313565187e-03 2.959799254e-03
-5.498838727e-04-4.219851922e-03-8.036341518e-03-1.198964566e-02-1.607285440e-02
-2.028146572e-02-2.461338416e-02-2.906957641e-02-3.365758434e-02-3.841635957e-02
-4.342617840e-02-4.859774560e-02-5.393538997e-02-5.946502835e-02-6.522325426e-02
-7.127714157e-02-7.776858658e-02-8.480464667e-02-9.238341451e-02-1.005782858e-01
-1.095330715e-01-1.194385290e-01-1.305172592e-01-1.428793520e-01-1.525962651e-01
-1.577661037e-01-1.573651731e-01-1.514546424e-01-1.444138139e-01-1.384604126e-01
-5.761504326e-06-1.085119293e-04-3.404753807e-04-7.031952264e-04-6.962849875e-04
 1.350956300e-04 1.169849071e-03 2.360018203e-03 3.706935560e-03 5.201093387e-03
 6.709584501e-03 8.220482618e-03 9.716169909e-03 1.117590815e-02 1.257696934e-02
 1.389519218e-02 1.510538720e-02 1.618176326e-02 1.709843427e-02 1.783000305e-02
 1.835221238e-02 1.864262484e-02 1.868129335e-02 1.845138706e-02 1.793969236e-02
 1.713694260e-02 1.603787765e-02 1.464131661e-02 1.294986438e-02 1.096799970e-02
 8.702510037e-03 6.165629253e-03 3.351910273e-03 3.687502758e-04-2.789346501e-03
-6.108967587e-03-9.579778649e-03-1.319132466e-02-1.693404280e-02-2.079973184e-02
-2.478195913e-02-2.887711301e-02-3.308739886e-02-3.742180020e-02-4.201811925e-02
-4.675839096e-02-5.161594972e-02-5.660433322e-02-6.173681840e-02-6.702529639e-02
-7.244619727e-02-7.813460380e-02-8.457633853e-02-9.113176167e-02-9.793518484e-02
-1.049719453e-01-1.121458858e-01-1.192147806e-01-1.256943792e-01-1.308824420e-01
-1.341713667e-01-1.353379637e-01-1.346198022e-01-1.326351315e-01-1.300465018e-01
-6.968171419e-06-1.312698005e-04-4.117505159e-04-8.488017484e-04-9.373610956e-04
-2.304103400e-04 6.184651284e-04 1.603537239e-03 2.725902712e-03 3.986460622e-03
 5.257445388e-03 6.527876016e-03 7.771296892e-03 8.964818902e-03 1.008696295e-02
 1.111649070e-02 1.203193609e-02 1.281158067e-02 1.343370415e-02 1.387700532e-02
 1.412111335e-02 1.414717175e-02 1.393845864e-02 1.348104607e-02 1.276443340e-02
 1.178183965e-02 1.052898634e-02 9.005525149e-03 7.219861727e-03 5.169039126e-03
 2.838825574e-03 3.313798807e-04-2.361132530e-03-5.226664711e-03-8.255338296e-03
-1.143621840e-02-1.475815009e-02-1.820989884e-02-2.178039961e-02-2.545902133e-02
-2.923592366e-02-3.310181201e-02-3.702498972e-02-4.121489078e-02-4.559785128e-02
-5.002932996e-02-5.453394353e-02-5.911793187e-02-6.378684938e-02-6.854987890e-02
-7.343565673e-02-7.852202654e-02-8.383134007e-02-8.926142007e-02-9.472574294e-02
-1.001406312e-01-1.053862199e-01-1.102906168e-01-1.146349534e-01-1.181887165e-01
-1.207714230e-01-1.223115027e-01-1.228696480e-01-1.226142496e-01-1.217623204e-01
-8.050615179e-06-1.518508361e-04-4.774778790e-04-9.879538557e-04-1.193790231e-03
-6.315426435e-04 8.337971667e-05 8.852833998e-04 1.771129086e-03 2.733333735e-03
 3.755526850e-03 4.837933928e-03 5.862196442e-03 6.813826505e-03 7.678530179e-03
 8.440958336e-03 9.084567428e-03 9.591899812e-03 9.945008904e-03 1.012590993e-02
 1.011702232e-02 9.901603684e-03 9.464256465e-03 8.791777305e-03 7.875078358e-03
 6.714194082e-03 5.298259202e-03 3.605569713e-03 1.731486642e-03-3.405672032e-04
-2.612790093e-03-5.071451887e-03-7.706352044e-03-1.050654799e-02-1.346067525e-02
-1.655681431e-02-1.978254877e-02-2.312499285e-02-2.657073550e-02-3.010581806e-02
-3.371547908e-02-3.736987710e-02-4.112700373e-02-4.522383958e-02-4.929654300e-02
-5.339938402e-02-5.753080174e-02-6.168788299e-02-6.586752087e-02-7.006314397e-02
-7.425563782e-02-7.857438177e-02-8.314870298e-02-8.766403794e-02-9.207922965e-02
-9.633705765e-02-1.003587991e-01-1.040503979e-01-1.073111221e-01-1.100479066e-01
-1.121929511e-01-1.137185469e-01-1.146431416e-01-1.150260121e-01-1.149530932e-01
-8.903884009e-06-1.678442641e-04-5.265292129e-04-1.090027043e-03-1.340805204e-03
-8.518423419e-04-3.153900616e-04 2.932648349e-04 9.605568484e-04 1.675948966e-03
 2.430020832e-03 3.214603057e-03 4.021940753e-03 4.734207410e-03 5.349515006e-03
 5.859019235e-03 6.250211503e-03 6.508653052e-03 6.618944462e-03 6.565271877e-03
 6.331639830e-03 5.901725963e-03 5.258084275e-03 4.380035680e-03 3.238686826e-03
 1.923330128e-03 4.120617523e-04-1.303005149e-03-3.213996999e-03-5.316667259e-03
-7.605618797e-03-1.007265132e-02-1.270802412e-02-1.550064981e-02-1.843831502e-02
-2.150789648e-02-2.469562739e-02-2.798733115e-02-3.136823699e-02-3.482088074e-02
-3.831447661e-02-4.178122431e-02-4.564462975e-02-4.945059121e-02-5.324933305e-02
-5.703443289e-02-6.079723686e-02-6.453092396e-02-6.823031604e-02-7.189171016e-02
-7.551887631e-02-7.921833545e-02-8.304394782e-02-8.679492027e-02-9.040286392e-02
-9.382262081e-02-9.700679034e-02-9.990591556e-02-1.024719700e-01-1.046637297e-01
-1.064526066e-01-1.078273356e-01-1.087959483e-01-1.093844473e-01-1.096326634e-01
-9.634601156e-06-1.814978023e-04-5.682887277e-04-1.167684677e-03-1.483362284e-03
-1.048643491e-03-6.048663054e-04-1.656247332e-04 2.994344686e-04 7.876024465e-04
 1.289880718e-03 1.791898860e-03 2.273047809e-03 2.702799160e-03 3.059196519e-03
 3.324074671e-03 3.480978077e-03 3.514308250e-03 3.409036901e-03 3.150681267e-03
 2.725420520e-03 2.120333025e-03 1.323859440e-03 3.268360742e-04-8.749854169e-04
-2.274592174e-03-3.870908171e-03-5.663003772e-03-7.647813298e-03-9.820912965e-03
-1.217622589e-02-1.470569614e-02-1.739924401e-02-2.024478652e-02-2.322837338e-02
-2.633451857e-02-2.954683453e-02-3.284909204e-02-3.622736409e-02-3.967973217e-02
-4.322177917e-02-4.682669044e-02-5.045358464e-02-5.406366289e-02-5.762545392e-02
-6.111927703e-02-6.453166157e-02-6.785315275e-02-7.107776403e-02-7.420504093e-02
-7.726500928e-02-8.041716367e-02-8.367616683e-02-8.682429045e-02-8.979116380e-02
-9.255391359e-02-9.509237111e-02-9.738549590e-02-9.941313416e-02-1.011584848e-01
-1.026106700e-01-1.037666202e-01-1.046320274e-01-1.052210778e-01-1.055551395e-01
-1.039981998e-05-1.958987850e-04-6.130175316e-04-1.259076525e-03-1.627405290e-03
-1.221387298e-03-7.466081297e-04-4.914987949e-04-2.261824702e-04 5.993595187e-05
 3.549901594e-04 6.408019690e-04 8.980619605e-04 1.106768730e-03 1.248037326e-03
 1.304334495e-03 1.259314013e-03 1.097630360e-03 8.048380842e-04 3.673947067e-04
-2.272345446e-04-9.903659811e-04-1.931765117e-03-3.059180686e-03-4.377811681e-03
-5.890093278e-03-7.597249933e-03-9.499257430e-03-1.159451902e-02-1.387967635e-02
-1.634934172e-02-1.899576932e-02-2.180850320e-02-2.477400191e-02-2.787531540e-02
-3.109207004e-02-3.440124542e-02-3.777817637e-02-4.120797291e-02-4.474151134e-02
-4.844047129e-02-5.213792622e-02-5.574577674e-02-5.925128981e-02-6.263505667e-02
-6.587766111e-02-6.896361709e-02-7.188310474e-02-7.463210821e-02-7.720685005e-02
-7.958903164e-02-8.245505393e-02-8.528617024e-02-8.788345754e-02-9.026294947e-02
-9.243409336e-02-9.439847618e-02-9.615370631e-02-9.769585729e-02-9.902136028e-02
-1.001285687e-01-1.010189429e-01-1.016977355e-01-1.021741703e-01-1.024610475e-01
-1.123218226e-05-2.117430558e-04-6.637441111e-04-1.368799713e-03-1.824507373e-03
-1.557727112e-03-1.185016125e-03-8.544394514e-04-7.250334602e-04-5.696486332e-04
-4.171905748e-04-2.851362515e-04-1.897320471e-04-1.472381118e-04-1.736977283e-04
-2.846957068e-04-4.952282761e-04-8.196330164e-04-1.271530171e-03-1.863747602e-03
-2.608214971e-03-3.515821882e-03-4.596245009e-03-5.857762415e-03-7.307104301e-03
-8.949412033e-03-1.078836247e-02-1.282615494e-02-1.506336965e-02-1.749874838e-02
-2.012886107e-02-2.294763923e-02-2.594573423e-02-2.910962701e-02-3.242029622e-02
-3.585069999e-02-3.935870156e-02-4.288017005e-02-4.668204859e-02-5.054797605e-02
-5.439787731e-02-5.816920102e-02-6.181505695e-02-6.529307365e-02-6.856634468e-02
-7.160460949e-02-7.438533753e-02-7.689479738e-02-7.913423330e-02-8.110499382e-02
-8.351155370e-02-8.591836691e-02-8.808775246e-02-9.003385901e-02-9.177897871e-02
-9.333915263e-02-9.472543001e-02-9.594487399e-02-9.700185061e-02-9.789926559e-02
-9.863972664e-02-9.922645986e-02-9.966394305e-02-9.995827079e-02-1.001172364e-01
-1.200222869e-05-2.263805363e-04-7.103662356e-04-1.464873319e-03-1.995783532e-03
-1.830065041e-03-1.580312965e-03-1.330455882e-03-1.189274597e-03-1.104116207e-03
-1.040865085e-03-1.011240645e-03-1.028399565e-03-1.105843112e-03-1.257286873e-03
-1.496467507e-03-1.836965443e-03-2.292061457e-03-2.874617931e-03-3.596974770e-03
-4.470849410e-03-5.507234950e-03-6.716299802e-03-8.107288741e-03-9.688442573e-03
-1.146693435e-02-1.344882231e-02-1.563897170e-02-1.804093458e-02-2.065675519e-02
-2.348667756e-02-2.652868815e-02-2.977779880e-02-3.322504088e-02-3.685626388e-02
-4.065096006e-02-4.458829388e-02-4.861863330e-02-5.275898054e-02-5.694382638e-02
-6.109064817e-02-6.512185186e-02-6.896269321e-02-7.254397124e-02-7.580775768e-02
-7.870922238e-02-8.120748401e-02-8.333885670e-02-8.514037728e-02-8.722396195e-02
-8.903963119e-02-9.061656147e-02-9.198337793e-02-9.316785634e-02-9.419455379e-02
-9.508348256e-02-9.584967792e-02-9.650362283e-02-9.705220163e-02-9.749976546e-02
-9.784918278e-02-9.810270369e-02-9.826265275e-02-9.833186120e-02-9.831395000e-02
-1.259275177e-05-2.375387412e-04-7.453868166e-04-1.541940146e-03-2.118009143e-03
-2.015735256e-03-1.841046265e-03-1.678140718e-03-1.569058397e-03-1.514143893e-03
-1.501586055e-03-1.536165481e-03-1.627621241e-03-1.787223853e-03-2.026995644e-03
-2.359337173e-03-2.796784975e-03-3.351840889e-03-4.036851693e-03-4.863914102e-03
-5.844794679e-03-6.990864873e-03-8.313041180e-03-9.821742773e-03-1.152684819e-02
-1.343765296e-02-1.556280255e-02-1.791022345e-02-2.048705518e-02-2.329964191e-02
-2.635353431e-02-2.965341881e-02-3.320274502e-02-3.700276464e-02-4.104688764e-02
-4.531253874e-02-4.977583885e-02-5.440937728e-02-5.916174501e-02-6.395973265e-02
-6.870941073e-02-7.329753041e-02-7.760105282e-02-8.151499927e-02-8.487962186e-02
-8.781004697e-02-9.030876309e-02-9.223879129e-02-9.375142306e-02-9.488491714e-02
-9.571773559e-02-9.631801397e-02-9.674473852e-02-9.704551846e-02-9.725580364e-02
-9.740012884e-02-9.749417007e-02-9.754689038e-02-9.756250679e-02-9.754211456e-02
-9.748496115e-02-9.738944471e-02-9.725382179e-02-9.707666188e-02-9.685715288e-02
-1.298247025e-05-2.448605082e-04-7.680197014e-04-1.583159319e-03-2.193335444e-03
-2.123581246e-03-1.984710339e-03-1.858204487e-03-1.778145088e-03-1.751039876e-03
-1.771680778e-03-1.845457242e-03-1.982197864e-03-2.193027409e-03-2.489594510e-03
-2.883805893e-03-3.387691919e-03-4.013331607e-03-4.772813525e-03-5.678202026e-03
-6.741493940e-03-7.974573411e-03-9.389192797e-03-1.099700294e-02-1.280962583e-02
-1.483868714e-02-1.709572598e-02-1.959198527e-02-2.233822271e-02-2.534476295e-02
-2.862226404e-02-3.218329698e-02-3.604303673e-02-4.021846503e-02-4.472675174e-02
-4.957582057e-02-5.474703014e-02-6.019609794e-02-6.586654484e-02-7.166970521e-02
-7.746990770e-02-8.317943662e-02-8.849884570e-02-9.326411784e-02-9.732838720e-02
-1.003865004e-01-1.024539918e-01-1.036067382e-01-1.040134802e-01-1.038848981e-01
-1.034184247e-01-1.027684435e-01-1.020412520e-01-1.013031900e-01-1.005917713e-01
-9.992525727e-02-9.930966794e-02-9.874361008e-02-9.822147340e-02-9.773553908e-02
-9.727732092e-02-9.683842212e-02-9.641109407e-02-9.598852694e-02-9.556499124e-02
-1.320624688e-05-2.490691259e-04-7.810062962e-04-1.609712956e-03-2.234422835e-03
-2.174993511e-03-2.027417766e-03-1.847307663e-03-1.800537342e-03-1.804820960e-03
-1.840477460e-03-1.928539830e-03-2.083114348e-03-2.316611586e-03-2.641056664e-03
-3.068298800e-03-3.610050073e-03-4.278008360e-03-5.084048491e-03-6.040348671e-03
-7.159336470e-03-8.453494869e-03-9.935221635e-03-1.161693688e-02-1.351160370e-02
-1.563356072e-02-1.799850352e-02-2.062189952e-02-2.351857722e-02-2.670161426e-02
-3.017578274e-02-3.395192325e-02-3.807882965e-02-4.257192090e-02-4.742057994e-02
-5.304954201e-02-5.916601047e-02-6.564494222e-02-7.247829437e-02-7.999812812e-02
-8.774327487e-02-9.561012685e-02-1.031418517e-01-1.096491590e-01-1.145903766e-01
-1.176639274e-01-1.188123003e-01-1.182477102e-01-1.164938137e-01-1.141800135e-01
-1.117434949e-01-1.094082370e-01-1.072691455e-01-1.053548902e-01-1.036621481e-01
-1.021731496e-01-1.008644477e-01-9.971136600e-02-9.869015217e-02-9.777896106e-02
-9.695822746e-02-9.621077776e-02-9.552177787e-02-9.487853944e-02-9.427040070e-02
-1.328737835e-05-2.506125311e-04-7.859210018e-04-1.622873824e-03-2.259142697e-03
-2.248957055e-03-2.067614347e-03-1.883165096e-03-1.757411868e-03-1.697574393e-03
-1.702441950e-03-1.772575197e-03-1.915550907e-03-2.143156948e-03-2.468037652e-03
-2.901986009e-03-3.455691505e-03-4.139353521e-03-4.963838495e-03-5.941791460e-03
-7.087419741e-03-8.414662443e-03-9.936179034e-03-1.166365296e-02-1.360568218e-02
-1.577416621e-02-1.820567437e-02-2.092867531e-02-2.392016351e-02-2.729910426e-02
-3.105174750e-02-3.500592336e-02-3.938418254e-02-4.405273497e-02-4.935623705e-02
-5.577510595e-02-6.271723658e-02-7.035296410e-02-7.867328078e-02-8.792762458e-02
-9.831146896e-02-1.100446954e-01-1.232012734e-01-1.336750239e-01-1.406414062e-01
-1.434807330e-01-1.434099823e-01-1.378545612e-01-1.305439025e-01-1.243610978e-01
-1.192144006e-01-1.149243042e-01-1.113316938e-01-1.083056703e-01-1.057407930e-01
-1.035525203e-01-1.016728655e-01-1.000467986e-01-9.862941504e-02-9.738384187e-02
-9.627959877e-02-9.529138356e-02-9.439811856e-02-9.358224273e-02-9.282911569e-02
-1.324287314e-05-2.496875823e-04-7.822502521e-04-1.609072438e-03-2.231183229e-03
-2.167209284e-03-1.907314872e-03-1.549932058e-03-1.364953932e-03-1.324107754e-03
-1.320884447e-03-1.354689593e-03-1.452954370e-03-1.642903197e-03-1.943206298e-03
-2.364452463e-03-2.913369099e-03-3.593290690e-03-4.406454973e-03-5.365206394e-03
-6.500093732e-03-7.838387974e-03-9.369156323e-03-1.112313662e-02-1.315419190e-02
-1.531062648e-02-1.767025143e-02-2.043986134e-02-2.387986891e-02-2.758057229e-02
-3.148499131e-02-3.580254689e-02-4.057939723e-02-4.572198913e-02-5.150967464e-02
-5.794719234e-02-6.508223712e-02-7.303666323e-02-8.200075477e-02-9.227506816e-02
-1.043261588e-01-1.188708916e-01-1.368464530e-01-1.505389363e-01-1.591707915e-01
-1.614494473e-01-1.613137871e-01-1.507151574e-01-1.387446821e-01-1.296970248e-01
-1.227344275e-01-1.172334179e-01-1.127880365e-01-1.091306284e-01-1.060779467e-01
-1.034995839e-01-1.012995243e-01-9.940502793e-02-9.775963426e-02-9.631869197e-02
-9.504630417e-02-9.391327202e-02-9.289562702e-02-9.197353572e-02-9.113052487e-02
-1.316607359e-05-2.481761621e-04-7.769703516e-04-1.600290532e-03-2.205747645e-03
-2.106718952e-03-1.822391176e-03-1.404975075e-03-9.721266688e-04-9.243282257e-04
-7.996516069e-04-6.728320732e-04-6.385666202e-04-7.289798814e-04-1.004034304e-03
-1.432009507e-03-1.962114358e-03-2.691362984e-03-3.472727025e-03-4.321379587e-03
-5.233960692e-03-6.730301771e-03-8.447319269e-03-1.034988929e-02-1.249754615e-02
-1.476746611e-02-1.743480563e-02-2.045640349e-02-2.385775372e-02-2.768252045e-02
-3.178883716e-02-3.620902076e-02-4.099959135e-02-4.620456696e-02-5.188694224e-02
-5.811888352e-02-6.498394161e-02-7.259254158e-02-8.109903336e-02-9.072395414e-02
-1.017935053e-01-1.148427725e-01-1.310867369e-01-1.432888210e-01-1.511413604e-01
-1.531241238e-01-1.538396031e-01-1.443067789e-01-1.339734942e-01-1.261831671e-01
-1.199840903e-01-1.149313748e-01-1.107462570e-01-1.072354093e-01-1.042586863e-01
-1.017115191e-01-9.951405227e-02-9.760402143e-02-9.593206644e-02-9.445843101e-02
-9.315068275e-02-9.198212624e-02-9.093056619e-02-8.997744322e-02-8.910717815e-02
-1.313831672e-05-2.476493537e-04-7.751972298e-04-1.593132736e-03-2.198869595e-03
-2.096958226e-03-1.881067408e-03-1.616047812e-03-1.331256935e-03-1.048221835e-03
-7.448767428e-04-3.762719862e-04-4.568291479e-05-1.409149554e-04-4.113877949e-04
-8.018640219e-04-1.138510182e-03-1.626766869e-03-2.322230022e-03-3.263230203e-03
-4.275581799e-03-5.804486573e-03-7.499718107e-03-9.430130012e-03-1.165974699e-02
-1.417110767e-02-1.700402610e-02-2.016395889e-02-2.362946793e-02-2.738477662e-02
-3.142186999e-02-3.574632481e-02-4.037798569e-02-4.534632340e-02-5.068726093e-02
-5.644138902e-02-6.265257299e-02-6.936612725e-02-7.662346959e-02-8.444719762e-02
-9.280221164e-02-1.014960930e-01-1.099580303e-01-1.171411052e-01-1.222751588e-01
-1.250018775e-01-1.252528578e-01-1.232403144e-01-1.197908074e-01-1.159299538e-01
-1.121837199e-01-1.087404490e-01-1.056473628e-01-1.028963551e-01-1.004588157e-01
-9.830020368e-02-9.638612717e-02-9.468479455e-02-9.316775203e-02-9.180997312e-02
-9.058962017e-02-8.948771656e-02-8.848777413e-02-8.757553995e-02-8.673862368e-02
-1.317610804e-05-2.484256402e-04-7.779872394e-04-1.600036863e-03-2.214483218e-03
-2.133461647e-03-1.963708783e-03-1.763373031e-03-1.533318660e-03-1.269566827e-03
-9.579430916e-04-5.701959599e-04-2.193949331e-04-2.840495436e-04-4.684761225e-04
-7.557980134e-04-9.441508446e-04-1.071311417e-03-1.444353722e-03-2.460804069e-03
-3.631333588e-03-4.869479220e-03-6.250327919e-03-7.961825468e-03-1.008241624e-02
-1.266371831e-02-1.571694948e-02-1.911506057e-02-2.271777019e-02-2.649442106e-02
-3.045084700e-02-3.460306302e-02-3.897031769e-02-4.357232526e-02-4.842714965e-02
-5.354877561e-02-5.894363672e-02-6.460507214e-02-7.050428540e-02-7.657606900e-02
-8.269842714e-02-8.867087215e-02-9.420947731e-02-9.898712486e-02-1.027152017e-01
-1.052145734e-01-1.064505577e-01-1.065413356e-01-1.057331115e-01-1.043264121e-01
-1.025900543e-01-1.007194743e-01-9.883930534e-02-9.702197462e-02-9.530568868e-02
-9.370750189e-02-9.223189950e-02-9.087612480e-02-8.963347971e-02-8.849532902e-02
-8.745225519e-02-8.649476618e-02-8.561372012e-02-8.480051905e-02-8.404723555e-02
-1.322066419e-05-2.494123764e-04-7.820156170e-04-1.614552573e-03-2.238961402e-03
-2.184161684e-03-2.052399796e-03-1.902846852e-03-1.734645106e-03-1.544914907e-03
-1.329238992e-03-1.085970085e-03-8.705111686e-04-8.432618924e-04-9.997041197e-04
-1.260423101e-03-1.448337222e-03-1.532177324e-03-1.676030806e-03-2.259114757e-03
-3.250745591e-03-4.005617462e-03-4.280249588e-03-5.991521291e-03-7.833794691e-03
-1.030267123e-02-1.402815059e-02-1.790577359e-02-2.166256681e-02-2.541340515e-02
-2.922080830e-02-3.312492371e-02-3.715271875e-02-4.132157937e-02-4.564036056e-02
-5.010877550e-02-5.471546203e-02-5.943474919e-02-6.422239542e-02-6.901080161e-02
-7.370526344e-02-7.818413526e-02-8.230650425e-02-8.592910320e-02-8.892950416e-02
-9.122844040e-02-9.280418605e-02-9.369508177e-02-9.398927540e-02-9.380450845e-02
-9.326503426e-02-9.248369932e-02-9.155279398e-02-9.054229409e-02-8.950231969e-02
-8.846705407e-02-8.745869994e-02-8.649078012e-02-8.557071537e-02-8.470174670e-02
-8.388428390e-02-8.311694115e-02-8.239715546e-02-8.172171563e-02-8.108709008e-02
-1.311738833e-05-2.477260132e-04-7.784545887e-04-1.608369756e-03-2.245483221e-03
-2.213451546e-03-2.119731391e-03-2.026309958e-03-1.933637774e-03-1.840356505e-03
-1.743336208e-03-1.634555752e-03-1.475092489e-03-1.555071445e-03-1.802733866e-03
-2.079213737e-03-2.401822479e-03-2.770958003e-03-3.231546842e-03-3.774978919e-03
-4.359642975e-03-4.805387463e-03-5.010145251e-03-6.391376723e-03-8.070746437e-03
-1.040340494e-02-1.390982326e-02-1.758864522e-02-2.111528441e-02-2.459741011e-02
-2.809399180e-02-3.164076805e-02-3.525901958e-02-3.895941004e-02-4.274348915e-02
-4.660392553e-02-5.052391440e-02-5.447610840e-02-5.842152983e-02-6.230893359e-02
-6.607539207e-02-6.964887679e-02-7.295335084e-02-7.591622323e-02-7.847703248e-02
-8.059535176e-02-8.225601912e-02-8.347033709e-02-8.427288383e-02-8.471506834e-02
-8.485712111e-02-8.476062119e-02-8.448292315e-02-8.407390118e-02-8.357474953e-02
-8.301808685e-02-8.242891729e-02-8.182580024e-02-8.122210205e-02-8.062714338e-02
-8.004710823e-02-7.948583364e-02-7.894542813e-02-7.842674106e-02-7.792973518e-02
-1.257008080e-05-2.378905338e-04-7.510779542e-04-1.566079329e-03-2.192976885e-03
-2.174176741e-03-2.119734650e-03-2.091069007e-03-2.087069442e-03-2.106066095e-03
-2.147004474e-03-2.211427083e-03-2.316614613e-03-2.510638675e-03-2.808713354e-03
-3.195726080e-03-3.664121730e-03-4.216486588e-03-4.853046965e-03-5.537383724e-03
-6.257103290e-03-7.019757293e-03-7.931305096e-03-9.190444835e-03-1.084673498e-02
-1.294026058e-02-1.547592413e-02-1.828759909e-02-2.120203339e-02-2.418039739e-02
-2.721839212e-02-3.031799942e-02-3.348029405e-02-3.670292720e-02-3.997896239e-02
-4.329610243e-02-4.663616791e-02-4.997469485e-02-5.328084528e-02-5.651781708e-02
-5.964393541e-02-6.261461973e-02-6.538522989e-02-6.791455299e-02-7.016850263e-02
-7.212334126e-02-7.376780361e-02-7.510372251e-02-7.614506036e-02-7.691556215e-02
-7.744564861e-02-7.776913047e-02-7.792031765e-02-7.793178409e-02-7.783298194e-02
-7.764948159e-02-7.740281522e-02-7.711061090e-02-7.678700238e-02-7.644306868e-02
-7.608732581e-02-7.572618872e-02-7.536434382e-02-7.500514388e-02-7.465087622e-02
-1.106208038e-05-2.098883269e-04-6.670944276e-04-1.407053089e-03-1.977895387e-03
-1.970332349e-03-1.982252346e-03-2.045328496e-03-2.150436863e-03-2.295944374e-03
-2.484511584e-03-2.722612582e-03-3.020335687e-03-3.389151767e-03-3.837698139e-03
-4.369718488e-03-4.985273350e-03-5.681966431e-03-6.455290131e-03-7.301228121e-03
-8.222912438e-03-9.238307364e-03-1.038325857e-02-1.170244068e-02-1.323307585e-02
-1.499378588e-02-1.697867364e-02-1.915828325e-02-2.149334550e-02-2.395057864e-02
-2.650688961e-02-2.914630622e-02-3.185615316e-02-3.462432697e-02-3.743756562e-02
-4.028039053e-02-4.313448071e-02-4.597842693e-02-4.878776520e-02-5.153542385e-02
-5.419251695e-02-5.672955886e-02-5.911799893e-02-6.133193523e-02-6.334984303e-02
-6.515602767e-02-6.674163043e-02-6.810493767e-02-6.925111264e-02-7.019124925e-02
-7.094103843e-02-7.151927054e-02-7.194633782e-02-7.224290073e-02-7.242891192e-02
-7.252286375e-02-7.254137844e-02-7.249902189e-02-7.240827382e-02-7.227963209e-02
-7.212179899e-02-7.194185257e-02-7.174550742e-02-7.153728604e-02-7.132071257e-02
-8.268563761e-06-1.561789104e-04-4.917514161e-04-1.024019090e-03-1.352270250e-03
-1.517489320e-03-1.689277706e-03-1.885205507e-03-2.114882227e-03-2.385958796e-03
-2.706176601e-03-3.084022319e-03-3.528634785e-03-4.049096722e-03-4.653296899e-03
-5.346649792e-03-6.130801048e-03-7.002329454e-03-7.951985113e-03-8.965923451e-03
-1.003049314e-02-1.113995444e-02-1.230286714e-02-1.354192942e-02-1.488637924e-02
-1.636158302e-02-1.798168197e-02-1.974794082e-02-2.165168151e-02-2.367884479e-02
-2.581358887e-02-2.804007567e-02-3.034288436e-02-3.270673379e-02-3.511599079e-02
-3.755421937e-02-4.000386223e-02-4.244611785e-02-4.486101866e-02-4.722770303e-02
-4.952491820e-02-5.173171312e-02-5.382825434e-02-5.579670519e-02-5.762208253e-02
-5.929298699e-02-6.080206856e-02-6.214625016e-02-6.332661957e-02-6.434803456e-02
-6.521852314e-02-6.594851613e-02-6.655009091e-02-6.703620404e-02-6.742002070e-02
-6.771440804e-02-6.793153286e-02-6.808262318e-02-6.817776710e-02-6.822593510e-02
-6.823490560e-02-6.821139902e-02-6.816110760e-02-6.808882207e-02-6.799852848e-02
-5.267723736e-06-9.790850163e-05-2.955806558e-04-5.643637851e-04-8.462184924e-04
-1.121347537e-03-1.401480869e-03-1.700310619e-03-2.030154457e-03-2.402125625e-03
-2.826880198e-03-3.315230133e-03-3.878467949e-03-4.528391175e-03-5.276973359e-03
-6.135448348e-03-7.112134714e-03-8.207614534e-03-9.405625984e-03-1.066181529e-02
-1.190497167e-02-1.306885853e-02-1.413706783e-02-1.515663415e-02-1.620560512e-02
-1.734890975e-02-1.862141863e-02-2.003374323e-02-2.158216015e-02-2.325564437e-02
-2.503987588e-02-2.691930719e-02-2.887809090e-02-3.090037219e-02-3.297029063e-02
-3.507185727e-02-3.718886152e-02-3.930480406e-02-4.140298814e-02-4.346667975e-02
-4.547939077e-02-4.742527008e-02-4.928953573e-02-5.105894431e-02-5.272223055e-02
-5.427047610e-02-5.569738150e-02-5.699935555e-02-5.817551166e-02-5.922747031e-02
-6.015905738e-02-6.097593904e-02-6.168515980e-02-6.229473650e-02-6.281322986e-02
-6.324938685e-02-6.361185014e-02-6.390891224e-02-6.414836645e-02-6.433740258e-02
-6.448253244e-02-6.458960474e-02-6.466376781e-02-6.470954418e-02-6.473086029e-02
 1.380922556e+00 1.456631660e+00 1.425785184e+00 1.435625553e+00 1.443261385e+00
 1.458800912e+00 1.474887729e+00 1.489185810e+00 1.505789042e+00 1.525891423e+00
 1.544947267e+00 1.564976573e+00 1.585115194e+00 1.607489824e+00 1.631806016e+00
 1.656233072e+00 1.681205273e+00 1.708170056e+00 1.736273170e+00 1.766008377e+00
 1.797286391e+00 1.829841137e+00 1.863829970e+00 1.899710536e+00 1.937443376e+00
 1.977522135e+00 2.019403219e+00 2.063602448e+00 2.110122204e+00 2.159129143e+00
 2.211031914e+00 2.266167402e+00 2.324113607e+00 2.385749340e+00 2.451345205e+00
 2.520570517e+00 2.594319344e+00 2.673030615e+00 2.756787539e+00 2.846465111e+00
 2.942889690e+00 3.045149088e+00 3.155566931e+00 3.274563551e+00 3.402240276e+00
 3.541327715e+00 3.691225529e+00 3.853911400e+00 4.031892776e+00 4.224863052e+00
 4.438778877e+00 4.673165798e+00 4.931303501e+00 5.217912674e+00 5.537068367e+00
 5.896493912e+00 6.297646046e+00 6.754802704e+00 7.275496960e+00 7.870525837e+00
 8.559201241e+00 9.365909576e+00 1.030935764e+01 1.142730808e+01 1.288387775e+01
   67   38
 1.854801625e-01 0.000000000e+00 1.872856468e-01 1.375000030e-01 1.927784681e-01
 2.750000060e-01 2.062412500e-01 4.124999940e-01 2.164835781e-01 4.812499881e-01
 2.412217259e-01 6.187499762e-01 2.595303357e-01 6.875000000e-01 2.824048102e-01
 7.562500238e-01 3.109374940e-01 8.283111453e-01 3.496445417e-01 8.937500119e-01
 4.072808623e-01 9.624999762e-01 4.446874857e-01 9.898489714e-01 5.115625262e-01
 1.014922261e+00 5.784375072e-01 1.021795154e+00 6.453124881e-01 1.015637398e+00
 7.121875286e-01 9.984189868e-01 7.790625095e-01 9.701994658e-01 8.125000000e-01
 9.523066878e-01 8.793749809e-01 9.130564928e-01 9.128124714e-01 8.896690607e-01
 9.796875119e-01 8.405095339e-01 1.013124943e+00 8.122519255e-01 1.073176384e+00
 7.562500238e-01 1.113437533e+00 7.151102424e-01 1.146875024e+00 6.763992310e-01
 1.191616535e+00 6.187499762e-01 1.237152934e+00 5.500000119e-01 1.275969386e+00
 4.812499881e-01 1.309029818e+00 4.124999940e-01 1.336967111e+00 3.437500000e-01
 1.360017300e+00 2.750000060e-01 1.380937457e+00 1.900976896e-01 1.398560643e+00
 6.875000149e-02 1.397640228e+00-6.875000149e-02 1.380937457e+00-1.780541390e-01
 1.356584191e+00-2.750000060e-01 1.332849979e+00-3.437500000e-01 1.304353714e+00
-4.124999940e-01 1.270907283e+00-4.812499881e-01 1.231974959e+00-5.500000119e-01
 1.186775804e+00-6.187499762e-01 1.146875024e+00-6.713135839e-01 1.113437533e+00
-7.114709616e-01 1.071608663e+00-7.562500238e-01 1.013124943e+00-8.141621351e-01
 9.796875119e-01-8.448790908e-01 9.202866554e-01-8.937500119e-01 8.793749809e-01
-9.258956313e-01 8.254600167e-01-9.624999762e-01 7.790625095e-01-9.931712747e-01
 7.121875286e-01-1.027450681e+00 6.787499785e-01-1.043498993e+00 6.118749976e-01
-1.063232780e+00 5.450000167e-01-1.066078663e+00 4.781250060e-01-1.048031330e+00
 4.446874857e-01-1.027127862e+00 3.778125048e-01-9.679029584e-01 3.443750143e-01
-9.195184708e-01 3.109374940e-01-8.549340367e-01 2.775000036e-01-7.691341043e-01
 2.544100881e-01-6.875000000e-01 2.377198786e-01-6.187499762e-01 2.150893807e-01
-4.812499881e-01 2.052458674e-01-4.124999940e-01 1.924094707e-01-2.750000060e-01
 1.871611178e-01-1.375000030e-01 1.854801625e-01 0.000000000e+00
 1.851000041e-01 0.000000000e+00 1.851000041e-01 1.008100033e+00 2.793999910e-01
 1.171399951e+00 2.793999910e-01 1.577999949e+00 2.978999913e-01 1.603399992e+00
 5.712000132e-01 1.603399992e+00 5.712000132e-01 1.628000021e+00 6.169999838e-01
 1.628000021e+00 1.194000006e+00 1.401000023e+00 1.043300033e+00 1.429999948e+00
 1.319200039e+00 1.039700031e+00 1.335800052e+00 9.976000190e-01 1.485100031e+00
 5.450000167e-01 1.479099989e+00 4.995000064e-01 1.517400026e+00 3.059999943e-01
 1.531299949e+00 2.354999930e-01 1.546399951e+00 1.586000025e-01 1.560799956e+00
 8.009999990e-02 1.567000031e+00 0.000000000e+00 1.565700054e+00-1.769999973e-02
 1.554299951e+00-1.123000011e-01 1.534100056e+00-2.210000008e-01 1.518100023e+00
-3.025999963e-01 1.481799960e+00-4.860000014e-01 1.485100031e+00-5.450000167e-01
 1.335800052e+00-9.976000190e-01 1.319200039e+00-1.039700031e+00 1.043300033e+00
-1.429999948e+00 1.194000006e+00-1.401000023e+00 6.169999838e-01-1.628000021e+00
 5.712000132e-01-1.628000021e+00 5.712000132e-01-1.603399992e+00 2.978999913e-01
-1.603399992e+00 2.793999910e-01-1.577999949e+00 2.793999910e-01-1.171399951e+00
 1.851000041e-01-1.008100033e+00 1.851000041e-01 0.000000000e+00 1.851000041e-01
 0.000000000e+00
    0 0.000000000e+00    0
 0.000000000e+00 7.429814339e-02 1.089593843e-01 1.364661306e-01 1.585268527e-01
 1.785025448e-01 1.969028562e-01 2.134410739e-01 2.290997803e-01 2.440027148e-01
 2.583773732e-01 2.719054818e-01 2.849742174e-01 2.977512181e-01 3.101830184e-01
 3.223022521e-01 3.341290653e-01 3.456455171e-01 3.570841253e-01 3.683295846e-01
 3.794294298e-01 3.904396594e-01 4.012804329e-01 4.119664431e-01 4.227052927e-01
 4.333938360e-01 4.439727664e-01 4.545677900e-01 4.651370049e-01 4.756585658e-01
 4.862488508e-01 4.968925118e-01 5.074910522e-01 5.181846023e-01 5.289685726e-01
 5.397765636e-01 5.506848097e-01 5.617324710e-01 5.728344917e-01 5.841184258e-01
 5.955958366e-01 6.071259975e-01 6.189024448e-01 6.308997869e-01 6.430522799e-01
 6.555440426e-01 6.682465076e-01 6.812379360e-01 6.946100593e-01 7.082300782e-01
 7.223786116e-01 7.369181514e-01 7.519054413e-01 7.674238086e-01 7.835384607e-01
 8.003943563e-01 8.178508878e-01 8.362171054e-01 8.555073738e-01 8.758178949e-01
 8.973364830e-01 9.203085303e-01 9.447865486e-01 9.712374210e-01 1.000000000e+00
    1
 0.000000000e+00 0.000000000e+00 0.000000000e+00 0.000000000e+00 0.000000000e+00
 0.000000000e+00 0.000000000e+00 0.000000000e+00 0.000000000e+00 0.000000000e+00
 0.000000000e+00 0.000000000e+00 0.000000000e+00 0.000000000e+00 0.000000000e+00
 0.000000000e+00 0.000000000e+00 0.000000000e+00 0.000000000e+00 0.000000000e+00
 0.000000000e+00 0.000000000e+00 0.000000000e+00 0.000000000e+00 0.000000000e+00
 0.000000000e+00 0.000000000e+00 0.000000000e+00 0.000000000e+00 0.000000000e+00
 0.000000000e+00 0.000000000e+00 0.000000000e+00 0.000000000e+00 0.000000000e+00
 0.000000000e+00 0.000000000e+00 0.000000000e+00 0.000000000e+00 0.000000000e+00
 0.000000000e+00 0.000000000e+00 0.000000000e+00 0.000000000e+00 0.000000000e+00
 0.000000000e+00 0.000000000e+00 0.000000000e+00 0.000000000e+00 0.000000000e+00
 0.000000000e+00 0.000000000e+00 0.000000000e+00 0.000000000e+00 0.000000000e+00
 0.000000000e+00 0.000000000e+00 0.000000000e+00 0.000000000e+00 0.000000000e+00
 0.000000000e+00 0.000000000e+00 0.000000000e+00 0.000000000e+00 0.000000000e+00
