LRDFITv2   09/05/2007    #123874 00450ms           3  41  41
 1.614899993e+00 3.480000019e+00 8.533712029e-01 1.851000041e-01 0.000000000e+00
 1.027042031e+00-6.070771255e-03 5.449519679e-02-1.912951097e-02-4.450514317e-01
 9.940471875e+05 5.449519679e-02 0.000000000e+00 1.027042031e+00 0.000000000e+00
-6.070771255e-03 0.000000000e+00-1.912951097e-02 0.000000000e+00 0.000000000e+00
-4.183319509e-01-4.174729884e-01-4.165995121e-01-4.156990945e-01-4.147604704e-01
-4.137741327e-01-4.127323031e-01-4.116300642e-01-4.104647636e-01-4.092367887e-01
-4.079492986e-01-4.066079557e-01-4.052211344e-01-4.037989378e-01-4.023533165e-01
-4.008969367e-01-3.994416296e-01-3.979980946e-01-3.965767920e-01-3.951877356e-01
-3.938401937e-01-3.925428689e-01-3.913030326e-01-3.901269734e-01-3.890196085e-01
-3.879841268e-01-3.870225251e-01-3.861347735e-01-3.853194714e-01-3.845735192e-01
-3.838921189e-01-3.832693994e-01-3.826977313e-01-3.821685910e-01-3.816724420e-01
-3.811988831e-01-3.807367980e-01-3.802990317e-01-3.799751401e-01-3.798232079e-01
-3.797944188e-01
 1.854850977e+04 1.802685352e+04 1.747637500e+04 1.688845703e+04 1.628110938e+04
 1.567673047e+04 1.508751270e+04 1.452280078e+04 1.398998535e+04 1.349375879e+04
 1.303564160e+04 1.261415820e+04 1.222451270e+04 1.185942090e+04 1.150943457e+04
 1.116438281e+04 1.081793848e+04 1.046733008e+04 1.011004395e+04 9.743707031e+03
 9.366165039e+03 8.975435547e+03 8.569891602e+03 8.148153320e+03 7.709194336e+03
 7.252395996e+03 6.777412598e+03 6.284396973e+03 5.773790039e+03 5.246430664e+03
 4.703541992e+03 4.146591797e+03 3.577434570e+03 2.998112061e+03 2.410911621e+03
 1.818270996e+03 1.222414917e+03 6.544273682e+02 2.345716095e+02 3.772053909e+01
 4.330430031e-01
 1.944906116e-01 1.959575415e-01 2.002810091e-01 2.072613537e-01 2.165661901e-01
 2.277518064e-01 2.402928323e-01 2.535903752e-01 2.670165598e-01 2.799329758e-01
 2.917302847e-01 3.018445671e-01 3.098014891e-01 3.152198792e-01 3.178396821e-01
 3.176610172e-01 3.151007593e-01 3.102720678e-01 3.032724857e-01 2.942478955e-01
 2.833909392e-01 2.709235251e-01 2.571110725e-01 2.422398478e-01 2.266219407e-01
 2.105843425e-01 1.944621354e-01 1.785927266e-01 1.633080244e-01 1.489291042e-01
 1.357536912e-01 1.240620017e-01 1.140943095e-01 1.060611680e-01 1.001267359e-01
 9.642371535e-02 9.538608044e-02 8.308660984e-02 4.941115901e-02 1.459962036e-02
-7.648151950e-06
 2.797201562e+05 2.889370938e+05 3.099992188e+05 3.279091875e+05 3.308902500e+05
 3.254486875e+05 3.144845000e+05 2.988945625e+05 2.799762188e+05 2.593232031e+05
 2.386690312e+05 2.197529219e+05 2.041581406e+05 1.932022656e+05 1.878314844e+05
 1.875666562e+05 1.891328125e+05 1.920941719e+05 1.963839062e+05 2.019144375e+05
 2.085679219e+05 2.162083438e+05 2.246730312e+05 2.337865781e+05 2.433577031e+05
 2.531860469e+05 2.630662500e+05 2.727915000e+05 2.821584375e+05 2.909702812e+05
 2.990445938e+05 3.062096250e+05 3.123182812e+05 3.172397812e+05 3.208566562e+05
 3.231364062e+05 3.251179688e+05 2.833243438e+05 1.684963125e+05 4.978588281e+04
-2.608081818e+01
-1.122300606e-02-1.691539958e-02-1.696478203e-02-1.745255291e-02-1.817630976e-02
-1.907382905e-02-2.012869902e-02-2.134296857e-02-2.272791229e-02-2.429863438e-02
-2.606449462e-02-2.807940915e-02-3.041352890e-02-3.303136304e-02-3.595920652e-02
-3.922169283e-02-4.284903407e-02-4.686937109e-02-5.130650848e-02-5.618172139e-02
-6.152325496e-02-6.736840308e-02-7.376312464e-02-8.076106757e-02-8.842226863e-02
-9.681030363e-02-1.059858948e-01-1.159830317e-01-1.267621666e-01-1.380903274e-01
-1.492890120e-01-1.591974497e-01-1.663147807e-01-1.698966324e-01-1.699260175e-01
-1.673520952e-01-1.635294557e-01-1.594150066e-01-1.555085629e-01-1.521120220e-01
-1.726231128e-01-9.497872554e-03-1.099023037e-02-1.309481077e-02-1.483854745e-02
-1.636830159e-02-1.779028028e-02-1.919677854e-02-2.064486220e-02-2.218838967e-02
-2.387869544e-02-2.575390972e-02-2.782465145e-02-3.013928793e-02-3.275711462e-02
-3.571670130e-02-3.901743889e-02-4.269535840e-02-4.679133371e-02-5.136384815e-02
-5.644448474e-02-6.206370145e-02-6.827767193e-02-7.516044378e-02-8.280530572e-02
-9.133302420e-02-1.009034961e-01-1.117326021e-01-1.241285130e-01-1.385520995e-01
-1.557168514e-01-1.771169454e-01-1.983817965e-01-2.104467899e-01-2.139097452e-01
-2.072638571e-01-1.932553202e-01-1.819569021e-01-1.732734740e-01-1.664894968e-01
-1.611132473e-01-1.572415233e-01-8.510621265e-03-9.898201562e-03-1.230940036e-02
-1.428063121e-02-1.594753750e-02-1.743041724e-02-1.883847639e-02-2.025406435e-02
-2.174153924e-02-2.335445210e-02-2.513865195e-02-2.713543177e-02-2.938463353e-02
-3.192529455e-02-3.479391336e-02-3.802495450e-02-4.165263847e-02-4.571555555e-02
-5.026500300e-02-5.536368117e-02-6.103286520e-02-6.733377278e-02-7.434859127e-02
-8.218984306e-02-9.098374099e-02-1.009060740e-01-1.122094840e-01-1.252750456e-01
-1.407086700e-01-1.595324874e-01-1.836974323e-01-2.079273164e-01-2.216837406e-01
-2.255304158e-01-2.179150134e-01-2.013891041e-01-1.878818572e-01-1.780383289e-01
-1.706985086e-01-1.650721878e-01-1.605462432e-01-1.364009175e-02-1.405790076e-02
-1.510496624e-02-1.609258540e-02-1.704991236e-02-1.800522767e-02-1.899728179e-02
-2.006584220e-02-2.125078999e-02-2.259189636e-02-2.412819862e-02-2.589773946e-02
-2.793753706e-02-3.028361127e-02-3.297109529e-02-3.603461757e-02-3.950902447e-02
-4.343060777e-02-4.783762246e-02-5.277014151e-02-5.827065930e-02-6.438755989e-02
-7.117831707e-02-7.871271670e-02-8.707416803e-02-9.636062384e-02-1.066883951e-01
-1.181816161e-01-1.309543252e-01-1.449951679e-01-1.597138792e-01-1.731554717e-01
-1.827004403e-01-1.872466505e-01-1.867500395e-01-1.823416054e-01-1.766305715e-01
-1.713514328e-01-1.668885797e-01-1.632174999e-01-1.602161080e-01-2.064621076e-02
-1.947716251e-02-1.884338632e-02-1.861715131e-02-1.864666864e-02-1.886247471e-02
-1.923881471e-02-1.977600530e-02-2.049009316e-02-2.140621655e-02-2.255459502e-02
-2.396766841e-02-2.567824349e-02-2.771857195e-02-3.012001514e-02-3.291307390e-02
-3.612730280e-02-3.979150206e-02-4.393400997e-02-4.858296737e-02-5.376645178e-02
-5.951253325e-02-6.584846973e-02-7.279787213e-02-8.037219197e-02-8.857278526e-02
-9.738818556e-02-1.067551449e-01-1.165357977e-01-1.264489591e-01-1.360142082e-01
-1.446089596e-01-1.515595913e-01-1.565642357e-01-1.594836414e-01-1.606278867e-01
-1.605802178e-01-1.598613709e-01-1.588794440e-01-1.578683257e-01-1.569430381e-01
-2.275715768e-02-2.171307988e-02-2.081214264e-02-2.010023780e-02-1.955866255e-02
-1.918117702e-02-1.896777377e-02-1.893324591e-02-1.910130121e-02-1.949954033e-02
-2.016166598e-02-2.112212405e-02-2.241280116e-02-2.406291105e-02-2.609932050e-02
-2.854811028e-02-3.143223375e-02-3.477126360e-02-3.858265653e-02-4.288177937e-02
-4.768108204e-02-5.298934132e-02-5.881069228e-02-6.514411420e-02-7.197705656e-02
-7.917602360e-02-8.673121035e-02-9.457165003e-02-1.025533080e-01-1.104793251e-01
-1.181073114e-01-1.251759529e-01-1.314518303e-01-1.367774308e-01-1.411080062e-01
-1.445002258e-01-1.470979452e-01-1.490814686e-01-1.506229341e-01-1.518614143e-01
-1.528947353e-01-2.343484014e-02-2.241619304e-02-2.139732055e-02-2.042404376e-02
-1.949344389e-02-1.862579212e-02-1.785170473e-02-1.721326634e-02-1.675805822e-02
-1.654744707e-02-1.663728803e-02-1.707444526e-02-1.788782515e-02-1.910095103e-02
-2.072441578e-02-2.279342338e-02-2.532528527e-02-2.832439356e-02-3.179680184e-02
-3.574865311e-02-4.017969966e-02-4.508372769e-02-5.044774711e-02-5.624927208e-02
-6.245511025e-02-6.901176274e-02-7.582806051e-02-8.279045671e-02-8.987483382e-02
-9.695296735e-02-1.038860381e-01-1.105380729e-01-1.167908832e-01-1.225577667e-01
-1.277917176e-01-1.324862540e-01-1.366846710e-01-1.404475868e-01-1.438134015e-01
-1.468339413e-01-1.495489925e-01-2.346049622e-02-2.233497798e-02-2.119622007e-02
-1.996068843e-02-1.864722371e-02-1.728812233e-02-1.592862606e-02-1.464949921e-02
-1.353089232e-02-1.265221741e-02-1.206408627e-02-1.181992516e-02-1.197322179e-02
-1.258040220e-02-1.370212901e-02-1.540744863e-02-1.766403392e-02-2.037292905e-02
-2.354331315e-02-2.720832638e-02-3.135339916e-02-3.595968708e-02-4.100711644e-02
-4.646574706e-02-5.229656398e-02-5.845023692e-02-6.486304849e-02-7.145901024e-02
-7.822531462e-02-8.508930355e-02-9.193459898e-02-9.867696464e-02-1.052465513e-01
-1.115866825e-01-1.176556945e-01-1.234273091e-01-1.288888752e-01-1.340384483e-01
-1.389222145e-01-1.434914470e-01-1.477326006e-01-2.323353477e-02-2.202377096e-02
-2.062817663e-02-1.905535161e-02-1.731958240e-02-1.546188258e-02-1.357686613e-02
-1.177388150e-02-1.012294646e-02-8.673859760e-03-7.479703519e-03-6.596041843e-03
-6.079219747e-03-5.985390861e-03-6.369111594e-03-7.280945778e-03-8.760076016e-03
-1.085008774e-02-1.363828219e-02-1.718996465e-02-2.120403759e-02-2.565277927e-02
-3.056051210e-02-3.588693962e-02-4.159516469e-02-4.764307663e-02-5.398387834e-02
-6.056777760e-02-6.734821200e-02-7.431975007e-02-8.140342683e-02-8.851827681e-02
-9.562353790e-02-1.026773602e-01-1.096419990e-01-1.164843887e-01-1.231745705e-01
-1.296826601e-01-1.360064894e-01-1.421225369e-01-1.479237527e-01-2.294441313e-02
-2.151308022e-02-1.982976124e-02-1.789711975e-02-1.574073918e-02-1.344608143e-02
-1.113328803e-02-8.873382583e-03-6.718133111e-03-4.723105580e-03-2.947423141e-03
-1.451894408e-03-2.971317444e-04 4.581520334e-04 7.581466925e-04 5.507463356e-04
-2.132180671e-04-1.582205179e-03-3.605491249e-03-6.324849557e-03-9.759858251e-03
-1.399893686e-02-1.905701496e-02-2.445756644e-02-3.026467562e-02-3.644550219e-02
-4.296261445e-02-4.977795109e-02-5.685519800e-02-6.415829808e-02-7.165349275e-02
-7.933576405e-02-8.715098351e-02-9.506072104e-02-1.030338407e-01-1.110415757e-01
-1.190537438e-01-1.270335466e-01-1.349678934e-01-1.428205073e-01-1.504316628e-01
-2.253215201e-02-2.087790892e-02-1.890809275e-02-1.662568748e-02-1.408935990e-02
-1.142248604e-02-8.712143637e-03-6.007975433e-03-3.366116900e-03-8.487896994e-04
 1.478532562e-03 3.549115965e-03 5.297656171e-03 6.661999505e-03 7.584064733e-03
 8.009999990e-03 7.889772765e-03 7.176411804e-03 5.825506989e-03 3.794727847e-03
 1.040817588e-03-2.483914839e-03-6.821176037e-03-1.200075913e-02-1.816723309e-02
-2.468550019e-02-3.157290071e-02-3.879820555e-02-4.632997140e-02-5.413714424e-02
-6.218523532e-02-7.057327777e-02-7.925179601e-02-8.813739568e-02-9.722290188e-02
-1.065034270e-01-1.159722358e-01-1.256140918e-01-1.354345381e-01-1.454031765e-01
-1.553435773e-01-2.208386734e-02-2.020261437e-02-1.794977300e-02-1.534081437e-02
-1.247427613e-02-9.465723298e-03-6.369876675e-03-3.239718731e-03-1.376018481e-04
 2.867693081e-03 5.704127718e-03 8.299560286e-03 1.058493927e-02 1.249603461e-02
 1.397404727e-02 1.496510021e-02 1.541946828e-02 1.529010665e-02 1.453183033e-02
 1.310048997e-02 1.095218584e-02 8.042799309e-03 4.326685797e-03-2.481108822e-04
-5.741010886e-03-1.217556000e-02-1.968791336e-02-2.747934125e-02-3.561447561e-02
-4.408018291e-02-5.286063254e-02-6.194683537e-02-7.151605189e-02-8.139890432e-02
-9.160535038e-02-1.021730378e-01-1.131441221e-01-1.245629340e-01-1.365078092e-01
-1.490350515e-01-1.620546728e-01-2.163742855e-02-1.953734830e-02-1.701655984e-02
-1.411190815e-02-1.095241588e-02-7.619532757e-03-4.160627257e-03-6.344857975e-04
 2.889885800e-03 6.336615421e-03 9.627387859e-03 1.268592291e-02 1.544128265e-02
 1.782936789e-02 1.979288645e-02 2.128010988e-02 2.224268392e-02 2.263405547e-02
 2.240738831e-02 2.151529677e-02 1.990980469e-02 1.754285395e-02 1.436586585e-02
 1.032837294e-02 5.375356879e-03-5.610559601e-04-7.566345856e-03-1.570120640e-02
-2.454965934e-02-3.375869617e-02-4.333950579e-02-5.330487341e-02-6.367336214e-02
-7.440442592e-02-8.556178957e-02-9.723135829e-02-1.095080897e-01-1.225116029e-01
-1.364394575e-01-1.515334398e-01-1.679897010e-01-2.121327445e-02-1.890905574e-02
-1.614331827e-02-1.298384555e-02-9.559530765e-03-5.926286802e-03-2.135632792e-03
 1.747341943e-03 5.646458361e-03 9.479127824e-03 1.316208392e-02 1.661670394e-02
 1.977241971e-02 2.256773040e-02 2.494944260e-02 2.686959878e-02 2.828336693e-02
 2.914493531e-02 2.940420620e-02 2.900807187e-02 2.790260315e-02 2.603344060e-02
 2.334711328e-02 1.979252696e-02 1.531885751e-02 9.870599955e-03 3.383121686e-03
-4.224419128e-03-1.301764138e-02-2.302798443e-02-3.337278590e-02-4.410704598e-02
-5.529080331e-02-6.675408781e-02-7.852515578e-02-9.091608971e-02-1.040096804e-01
-1.179481372e-01-1.329880208e-01-1.494806409e-01-1.678332388e-01-2.082535252e-02
-1.833858341e-02-1.535985898e-02-1.198167540e-02-8.319783956e-03-4.418931901e-03
-3.358625108e-04 3.857556963e-03 8.078178391e-03 1.223761030e-02 1.624920778e-02
 2.003414184e-02 2.352466621e-02 2.666465566e-02 2.940845862e-02 3.171616048e-02
 3.354621306e-02 3.484917805e-02 3.556814045e-02 3.564145043e-02 3.500453010e-02
 3.359306604e-02 3.134794533e-02 2.822019160e-02 2.416558005e-02 1.913475804e-02
 1.307495963e-02 5.919331685e-03-2.423631959e-03-1.206536870e-02-2.305273339e-02
-3.433899209e-02-4.595372453e-02-5.789726600e-02-7.018676400e-02-8.294011652e-02
-9.626185149e-02-1.102663577e-01-1.251439601e-01-1.411238313e-01-1.583725661e-01
-2.048728243e-02-1.784392260e-02-1.468472462e-02-1.112276968e-02-7.253680378e-03
-3.122455673e-03 1.209047856e-03 5.662934855e-03 1.014986075e-02 1.457693893e-02
 1.885602809e-02 2.290997654e-02 2.667593770e-02 3.010655195e-02 3.316546232e-02
 3.581773490e-02 3.801748157e-02 3.971294686e-02 4.084661603e-02 4.135561362e-02
 4.116991535e-02 4.021383822e-02 3.840942681e-02 3.568617254e-02 3.199337050e-02
 2.730496041e-02 2.159693651e-02 1.482089888e-02 6.907865871e-03-2.238808200e-03
-1.273527462e-02-2.451447770e-02-3.648572788e-02-4.868414253e-02-6.113943830e-02
-7.388754189e-02-8.696825802e-02-1.004207581e-01-1.143182516e-01-1.287083030e-01
-1.434768438e-01-2.020540275e-02-1.743263565e-02-1.412546076e-02-1.041348744e-02
-6.373215467e-03-2.052828670e-03 2.480739960e-03 7.143968716e-03 1.184256002e-02
 1.648048498e-02 2.096931078e-02 2.523462474e-02 2.921960130e-02 3.288597986e-02
 3.620307148e-02 3.913012147e-02 4.162124544e-02 4.362657666e-02 4.509330913e-02
 4.596377909e-02 4.617309943e-02 4.564504698e-02 4.429025948e-02 4.201250151e-02
 3.872318566e-02 3.436864913e-02 2.894403785e-02 2.246798202e-02 1.490058098e-02
 6.165068597e-03-3.855423536e-03-1.530102547e-02-2.751123533e-02-3.982609138e-02
-5.225541815e-02-6.479959935e-02-7.745096087e-02-9.019022435e-02-1.030137241e-01
-1.158805415e-01-1.286080480e-01-1.998165809e-02-1.710665040e-02-1.368607581e-02
-9.858048521e-03-5.684966221e-03-1.218724530e-03 3.469605930e-03 8.291761391e-03
 1.314949244e-02 1.794472896e-02 2.258924581e-02 2.701175027e-02 3.116161190e-02
 3.500590846e-02 3.851073980e-02 4.163370654e-02 4.432917386e-02 4.655115679e-02
 4.825212806e-02 4.938339069e-02 4.989152402e-02 4.971187562e-02 4.875723645e-02
 4.691529647e-02 4.406677932e-02 4.010980204e-02 3.499868512e-02 2.876805514e-02
 2.147906460e-02 1.309834886e-02 3.539955709e-03-7.325249724e-03-1.960946061e-02
-3.196037188e-02-4.432894289e-02-5.666852742e-02-6.893975288e-02-8.109767735e-02
-9.311319143e-02-1.049311310e-01-1.163909212e-01-1.981995814e-02-1.687263325e-02
-1.337443851e-02-9.462475777e-03-5.194719415e-03-6.252839230e-04 4.171687178e-03
 9.104412049e-03 1.407190971e-02 1.897467487e-02 2.372505516e-02 2.825401910e-02
 3.251553699e-02 3.647953644e-02 4.010699317e-02 4.335470125e-02 4.617783427e-02
 4.853259400e-02 5.037641898e-02 5.167434737e-02 5.238270760e-02 5.244259536e-02
 5.177579448e-02 5.027966201e-02 4.782138020e-02 4.425407201e-02 3.948188201e-02
 3.350542858e-02 2.642297745e-02 1.831043698e-02 9.125677869e-03-1.219840953e-03
-1.282864530e-02-2.553042956e-02-3.800761327e-02-5.027539283e-02-6.232089177e-02
-7.411190867e-02-8.562923223e-02-9.683387727e-02-1.075939611e-01-1.972335018e-02
-1.673334651e-02-1.318975538e-02-9.227830917e-03-4.903927445e-03-2.735404996e-04
 4.587026313e-03 9.584059007e-03 1.461489499e-02 1.957943477e-02 2.439025789e-02
 2.897999249e-02 3.330507874e-02 3.733478859e-02 4.102863371e-02 4.434293881e-02
 4.723397270e-02 4.965904355e-02 5.158500001e-02 5.298462138e-02 5.381613597e-02
 5.401607603e-02 5.350860208e-02 5.220289156e-02 4.998345673e-02 4.668621719e-02
 4.216776043e-02 3.638836741e-02 2.944086492e-02 2.147011459e-02 1.247011684e-02
 2.357982332e-03-8.991036564e-03-2.168588713e-02-3.413435444e-02-4.632353038e-02
-5.822855234e-02-6.981493533e-02-8.106745780e-02-9.195797890e-02-1.023725867e-01
-1.969290897e-02-1.668936200e-02-1.313148998e-02-9.153929539e-03-4.812506959e-03
-1.632025087e-04 4.716932774e-03 9.733536281e-03 1.478338987e-02 1.976619847e-02
 2.459475771e-02 2.920210175e-02 3.354546055e-02 3.759372234e-02 4.130600393e-02
 4.463846982e-02 4.754775763e-02 4.999250919e-02 5.194324255e-02 5.337486416e-02
 5.424297974e-02 5.448459461e-02 5.402465537e-02 5.277359858e-02 5.062479526e-02
 4.741536081e-02 4.298331589e-02 3.727359697e-02 3.037059307e-02 2.243881300e-02
 1.348738279e-02 3.433800302e-03-7.856357843e-03-2.051801421e-02-3.293832019e-02
-4.509232193e-02-5.694879591e-02-6.847126782e-02-7.964070141e-02-9.042765945e-02
-1.007328033e-01-1.972844824e-02-1.674051769e-02-1.319947373e-02-9.240592830e-03
-4.920224659e-03-2.938756079e-04 4.562146962e-03 9.554130957e-03 1.457942929e-02
 1.953796297e-02 2.434230223e-02 2.892509103e-02 3.324271366e-02 3.726446256e-02
 4.094989225e-02 4.425534979e-02 4.713711143e-02 4.955219477e-02 5.146702752e-02
 5.285407603e-02 5.367228016e-02 5.385757983e-02 5.333409458e-02 5.201175809e-02
 4.977359250e-02 4.645522684e-02 4.191678390e-02 3.611993417e-02 2.915952355e-02
 2.117947303e-02 1.217182726e-02 2.054117853e-03-9.298117831e-03-2.199879847e-02
-3.445012495e-02-4.664145410e-02-5.854923278e-02-7.014023513e-02-8.139046282e-02
-9.226300567e-02-1.026623622e-01-1.982967369e-02-1.688661426e-02-1.339361537e-02
-9.487778880e-03-5.227103829e-03-6.657417980e-04 4.122158047e-03 9.044798091e-03
 1.400122419e-02 1.889193617e-02 2.362933382e-02 2.814432234e-02 3.239078447e-02
 3.633871675e-02 3.994905949e-02 4.317857325e-02 4.598261788e-02 4.831709713e-02
 5.013949424e-02 5.141359195e-02 5.209554732e-02 5.212572217e-02 5.142566562e-02
 4.989300668e-02 4.739405587e-02 4.378472641e-02 3.897262737e-02 3.296293318e-02
 2.585446090e-02 1.771961711e-02 8.515893482e-03-1.845880412e-03-1.346904412e-02
-2.616838180e-02-3.864372149e-02-5.090989918e-02-6.295425445e-02-7.474511117e-02
-8.625310659e-02-9.743047506e-02-1.081646085e-01-1.999574341e-02-1.712720096e-02
-1.371446718e-02-9.895578958e-03-5.733059719e-03-1.278866199e-03 3.395895706e-03
 8.202968165e-03 1.304411609e-02 1.782131009e-02 2.244630270e-02 2.684786171e-02
 3.097508848e-02 3.479478136e-02 3.827331960e-02 4.136823863e-02 4.403397441e-02
 4.622424766e-02 4.789157957e-02 4.898696020e-02 4.945380986e-02 4.922706634e-02
 4.821774364e-02 4.631787911e-02 4.340958595e-02 3.939171880e-02 3.422429413e-02
 2.794533223e-02 2.061000466e-02 1.218729001e-02 2.597618382e-03-8.274030872e-03
-2.055341937e-02-3.291764110e-02-4.528449103e-02-5.761738867e-02-6.988106668e-02
-8.203189820e-02-9.402967244e-02-1.058103442e-01-1.172332615e-01-2.022358030e-02
-1.745921187e-02-1.416238677e-02-1.046264172e-02-6.436426193e-03-2.132043242e-03
 2.383557847e-03 7.026787847e-03 1.170336455e-02 1.631729119e-02 2.078009397e-02
 2.501739375e-02 2.897194028e-02 3.260533512e-02 3.588697314e-02 3.877576813e-02
 4.122570530e-02 4.318679124e-02 4.460553080e-02 4.542396590e-02 4.557543620e-02
 4.498339817e-02 4.355878383e-02 4.120554402e-02 3.783856332e-02 3.340772912e-02
 2.790937014e-02 2.135472745e-02 1.370202936e-02 4.871082492e-03-5.260204431e-03
-1.685108803e-02-2.893627062e-02-4.117238894e-02-5.355241522e-02-6.606511027e-02
-7.869699597e-02-9.142546356e-02-1.042247489e-01-1.170358807e-01-1.297114342e-01
-2.050941251e-02-1.787650399e-02-1.472999621e-02-1.118318643e-02-7.331507280e-03
-3.220041515e-03 1.089239260e-03 5.518446676e-03 9.978180751e-03 1.437556185e-02
 1.862239279e-02 2.264148369e-02 2.636983246e-02 2.975968458e-02 3.277436644e-02
 3.537881002e-02 3.752665594e-02 3.916582465e-02 4.023854807e-02 4.068105668e-02
 4.042308778e-02 3.938863426e-02 3.750014678e-02 3.468857333e-02 3.090514988e-02
 2.612710558e-02 2.032074891e-02 1.343725808e-02 5.405356642e-03-3.876398783e-03
-1.453734189e-02-2.622840926e-02-3.813115507e-02-5.027501658e-02-6.269015372e-02
-7.541112602e-02-8.847633749e-02-1.019239947e-01-1.157969236e-01-1.301156282e-01
-1.448197961e-01-2.085088380e-02-1.837658510e-02-1.541305240e-02-1.205299888e-02
-8.411639370e-03-4.534127656e-03-4.772716202e-04 3.687078832e-03 7.875694893e-03
 1.200017147e-02 1.597385854e-02 1.971784420e-02 2.316424623e-02 2.625663579e-02
 2.894905768e-02 3.120127134e-02 3.297015652e-02 3.420720622e-02 3.485515341e-02
 3.485190123e-02 3.413271904e-02 3.263377771e-02 3.029658459e-02 2.707221545e-02
 2.291174233e-02 1.776665822e-02 1.158336829e-02 4.294617567e-03-4.186728504e-03
-1.397225447e-02-2.490885183e-02-3.616757691e-02-4.774650186e-02-5.965742841e-02
-7.192727178e-02-8.466746658e-02-9.798166901e-02-1.119854450e-01-1.268387139e-01
-1.427445263e-01-1.599243283e-01-2.124188840e-02-1.895233057e-02-1.620405167e-02
-1.306521799e-02-9.664785117e-03-6.058360916e-03-2.297629369e-03 1.552217407e-03
 5.414910149e-03 9.207812138e-03 1.284764707e-02 1.625577174e-02 1.936151460e-02
 2.210316993e-02 2.442742884e-02 2.628622390e-02 2.763398737e-02 2.842416242e-02
 2.860682830e-02 2.812889963e-02 2.693534084e-02 2.497079596e-02 2.218151093e-02
 1.851572283e-02 1.392041147e-02 8.337205276e-03 1.696851687e-03-6.084306166e-03
-1.510951668e-02-2.503992431e-02-3.536386788e-02-4.608048871e-02-5.724357069e-02
-6.867986172e-02-8.043784648e-02-9.281940758e-02-1.059084684e-01-1.198482066e-01
-1.348645985e-01-1.512827277e-01-1.695649028e-01-2.166962996e-02-1.958610862e-02
-1.708534546e-02-1.420396287e-02-1.107079443e-02-7.767837960e-03-4.342257045e-03
-8.529167972e-04 2.631063573e-03 6.033723243e-03 9.276757948e-03 1.228390262e-02
 1.498411689e-02 1.731330715e-02 1.921399496e-02 2.063417993e-02 2.152542956e-02
 2.184061334e-02 2.153276093e-02 2.055408061e-02 1.885629445e-02 1.639062911e-02
 1.310761645e-02 8.955358528e-03 3.876001108e-03-2.199923620e-03-9.362419136e-03
-1.774803177e-02-2.658117935e-02-3.581092507e-02-4.541950673e-02-5.542329326e-02
-6.581579894e-02-7.650010288e-02-8.762966096e-02-9.928499162e-02-1.115573123e-01
-1.245641112e-01-1.384702772e-01-1.534901708e-01-1.698759049e-01-2.211987786e-02
-2.025690489e-02-1.802594028e-02-1.544264611e-02-1.260553114e-02-9.629751556e-03
-6.570219994e-03-3.480245592e-03-4.221462295e-04 2.535344567e-03 5.320049357e-03
 7.859915495e-03 1.008587983e-02 1.193366852e-02 1.334437728e-02 1.426413376e-02
 1.464297157e-02 1.443377230e-02 1.359121688e-02 1.207105070e-02 9.829404764e-03
 6.822045892e-03 3.003095277e-03-1.678858534e-03-7.280772086e-03-1.387350541e-02
-2.144910768e-02-2.935321629e-02-3.757657111e-02-4.612007737e-02-5.498243868e-02
-6.416178495e-02-7.371290773e-02-8.357413113e-02-9.376959503e-02-1.043346226e-01
-1.153099313e-01-1.267388761e-01-1.386668980e-01-1.511223614e-01-1.640729904e-01
-2.257214487e-02-2.093819156e-02-1.899271458e-02-1.673841290e-02-1.423388347e-02
-1.160155982e-02-8.930576034e-03-6.269709207e-03-3.674982581e-03-1.208755886e-03
 1.063381671e-03 3.074893262e-03 4.760475829e-03 6.058000028e-03 6.909321062e-03
 7.260574028e-03 7.061656564e-03 6.265613250e-03 4.828133620e-03 2.707036212e-03
-1.401894115e-04-3.757411148e-03-8.183668368e-03-1.349393465e-02-1.975539513e-02
-2.634804696e-02-3.333794326e-02-4.065560177e-02-4.827149212e-02-5.615799502e-02
-6.429103762e-02-7.273668051e-02-8.143983781e-02-9.034436196e-02-9.944634885e-02
-1.087431237e-01-1.182291061e-01-1.278902739e-01-1.377000958e-01-1.476011574e-01
-1.574752927e-01-2.298875898e-02-2.157917805e-02-1.992158405e-02-1.801874302e-02
-1.589649357e-02-1.363924239e-02-1.136879530e-02-9.155577049e-03-7.050350308e-03
-5.109266378e-03-3.391604638e-03-1.958133420e-03-8.693243726e-04-1.836545853e-04
 4.315051410e-05-2.411218884e-04-1.086097676e-03-2.540426562e-03-4.650514107e-03
-7.453729864e-03-1.099861600e-02-1.540038548e-02-2.048095316e-02-2.595344931e-02
-3.186820447e-02-3.815080225e-02-4.476562887e-02-5.167098716e-02-5.882039294e-02
-6.616537273e-02-7.370954752e-02-8.148171753e-02-8.935662359e-02-9.731028974e-02
-1.053182855e-01-1.133557260e-01-1.213946268e-01-1.293998510e-01-1.373278797e-01
-1.451157928e-01-1.526627988e-01-2.328460105e-02-2.209718525e-02-2.072829194e-02
-1.918711886e-02-1.748762093e-02-1.567214727e-02-1.383330766e-02-1.207806263e-02
-1.047803182e-02-9.084980935e-03-7.951472886e-03-7.132477127e-03-6.684338208e-03
-6.662520580e-03-7.119860966e-03-8.103518747e-03-9.658792987e-03-1.184840780e-02
-1.477933116e-02-1.839754172e-02-2.245549671e-02-2.699018829e-02-3.199552372e-02
-3.742088005e-02-4.323533177e-02-4.939937592e-02-5.586570129e-02-6.258173287e-02
-6.948890537e-02-7.650607824e-02-8.360751718e-02-9.076309949e-02-9.791358560e-02
-1.050101295e-01-1.120130047e-01-1.188890189e-01-1.256083697e-01-1.321411282e-01
-1.384527832e-01-1.445046216e-01-1.502433270e-01-2.351378277e-02-2.241418324e-02
-2.130185068e-02-2.009866945e-02-1.882401109e-02-1.750863343e-02-1.619966887e-02
-1.497390494e-02-1.391010918e-02-1.308588963e-02-1.255852077e-02-1.238019206e-02
-1.260698866e-02-1.329965331e-02-1.452694740e-02-1.631581411e-02-1.861809939e-02
-2.137374692e-02-2.462317050e-02-2.837861702e-02-3.260982409e-02-3.730342537e-02
-4.244252294e-02-4.800060019e-02-5.394277722e-02-6.022616103e-02-6.679795682e-02
-7.359807938e-02-8.046297729e-02-8.736141026e-02-9.424370527e-02-1.010300443e-01
-1.076461747e-01-1.140310615e-01-1.201403812e-01-1.259468347e-01-1.314366907e-01
-1.366047710e-01-1.414386630e-01-1.459503770e-01-1.501324028e-01-2.348573133e-02
-2.249108069e-02-2.150040306e-02-2.056071907e-02-1.966914535e-02-1.884698123e-02
-1.812261529e-02-1.753998362e-02-1.714715734e-02-1.699983329e-02-1.715269126e-02
-1.764745079e-02-1.851787604e-02-1.979040354e-02-2.148828469e-02-2.363993227e-02
-2.625437081e-02-2.933347598e-02-3.288673609e-02-3.692053631e-02-4.143406078e-02
-4.642033577e-02-5.186631531e-02-5.775142834e-02-6.404470652e-02-7.070641965e-02
-7.767171413e-02-8.481640369e-02-9.204387665e-02-9.923681617e-02-1.062651500e-01
-1.129979566e-01-1.193190590e-01-1.251423359e-01-1.304219514e-01-1.351542771e-01
-1.393598765e-01-1.430858374e-01-1.464049667e-01-1.493716985e-01-1.520283818e-01
-2.280752175e-02-2.178603224e-02-2.091182210e-02-2.023182623e-02-1.972679608e-02
-1.939104497e-02-1.922522299e-02-1.924164407e-02-1.946271583e-02-1.991859078e-02
-2.064315043e-02-2.166987769e-02-2.303038351e-02-2.475384809e-02-2.686727978e-02
-2.939632908e-02-3.236296400e-02-3.578612581e-02-3.968263417e-02-4.406687617e-02
-4.894973338e-02-5.433710665e-02-6.022788957e-02-6.661008298e-02-7.346935570e-02
-8.085171133e-02-8.861640096e-02-9.664490074e-02-1.047946885e-01-1.128698215e-01
-1.206282303e-01-1.278073639e-01-1.341717839e-01-1.395590454e-01-1.439136565e-01
-1.473058015e-01-1.498813480e-01-1.518248171e-01-1.533138603e-01-1.544918716e-01
-1.554598212e-01-2.070106566e-02-1.955276355e-02-1.894201897e-02-1.874289103e-02
-1.880374551e-02-1.905605942e-02-1.947465166e-02-2.005991898e-02-2.082783729e-02
-2.180349268e-02-2.301681042e-02-2.449976653e-02-2.628473379e-02-2.840360068e-02
-3.088742122e-02-3.376626223e-02-3.706920892e-02-4.082456604e-02-4.506009072e-02
-4.980325699e-02-5.508134887e-02-6.092147902e-02-6.735035032e-02-7.439491898e-02
-8.209114522e-02-9.045115113e-02-9.944313765e-02-1.089933291e-01-1.189577505e-01
-1.290495694e-01-1.387780756e-01-1.475049555e-01-1.545482278e-01-1.596041769e-01
-1.625324935e-01-1.636491269e-01-1.635478139e-01-1.627588868e-01-1.616983563e-01
-1.606051326e-01-1.595968306e-01-1.371779665e-02-1.414708234e-02-1.520525012e-02
-1.620973460e-02-1.718947664e-02-1.817400567e-02-1.920323446e-02-2.031767555e-02
-2.155727707e-02-2.296123467e-02-2.456757054e-02-2.641321346e-02-2.853419073e-02
-3.096580878e-02-3.374278918e-02-3.689957410e-02-4.047094285e-02-4.449294880e-02
-4.900343344e-02-5.404212698e-02-5.965199694e-02-6.588293612e-02-7.279472798e-02
-8.045961708e-02-8.896391839e-02-9.840951115e-02-1.089166775e-01-1.206052303e-01
-1.335920393e-01-1.478651911e-01-1.628228873e-01-1.764762402e-01-1.861607879e-01
-1.907558590e-01-1.902170479e-01-1.856949627e-01-1.798436195e-01-1.744275242e-01
-1.698382795e-01-1.660519838e-01-1.629501432e-01-8.570566773e-03-9.992416948e-03
-1.240098849e-02-1.437572856e-02-1.605182700e-02-1.755235530e-02-1.899063587e-02
-2.045187727e-02-2.199993283e-02-2.368545905e-02-2.555101365e-02-2.763511799e-02
-2.997558005e-02-3.261031955e-02-3.557573631e-02-3.890708461e-02-4.264004901e-02
-4.681513831e-02-5.148221552e-02-5.669120699e-02-6.247447804e-02-6.889728457e-02
-7.604209334e-02-8.401519060e-02-9.295115620e-02-1.030337363e-01-1.145218536e-01
-1.278019100e-01-1.434889138e-01-1.626212895e-01-1.871822327e-01-2.118055373e-01
-2.257737517e-01-2.296599895e-01-2.218857259e-01-2.050459534e-01-1.912724674e-01
-1.812215894e-01-1.737144142e-01-1.679502726e-01-1.634273380e-01-9.818306193e-03
-1.106665283e-02-1.316236425e-02-1.489517186e-02-1.640976034e-02-1.781533286e-02
-1.923094504e-02-2.073833346e-02-2.237147838e-02-2.416186966e-02-2.614359744e-02
-2.832214534e-02-3.074352629e-02-3.346486762e-02-3.652407229e-02-3.992693499e-02
-4.371148720e-02-4.791915417e-02-5.260251835e-02-5.778772756e-02-6.351400912e-02
-6.984157115e-02-7.684586942e-02-8.462210000e-02-9.329327941e-02-1.030225083e-01
-1.140296459e-01-1.266281605e-01-1.412865967e-01-1.587302387e-01-1.804783493e-01
-2.020859867e-01-2.143346518e-01-2.178322524e-01-2.110464275e-01-1.967699528e-01
-1.852467060e-01-1.763803661e-01-1.694407761e-01-1.639093459e-01-1.590411365e-01
-1.201858558e-02-1.696413197e-02-1.701497100e-02-1.748428307e-02-1.816852950e-02
-1.899474673e-02-2.005429193e-02-2.134710923e-02-2.286747843e-02-2.453525178e-02
-2.643176168e-02-2.860269137e-02-3.104640543e-02-3.375609964e-02-3.676836565e-02
-4.011596739e-02-4.383374006e-02-4.795121029e-02-5.249105766e-02-5.747270584e-02
-6.292377412e-02-6.888215989e-02-7.539499551e-02-8.251725137e-02-9.031040221e-02
-9.883947670e-02-1.081665233e-01-1.183263063e-01-1.292787343e-01-1.407869160e-01
-1.521608382e-01-1.622200459e-01-1.694382578e-01-1.730584949e-01-1.730633825e-01
-1.704180986e-01-1.665006131e-01-1.622847766e-01-1.582715511e-01-1.547157317e-01
-1.725315899e-01
 1.656064749e+00 1.684877515e+00 1.702319980e+00 1.705505610e+00 1.714731693e+00
 1.731356144e+00 1.755292892e+00 1.786792278e+00 1.823027372e+00 1.863520026e+00
 1.909784794e+00 1.959902287e+00 2.012074232e+00 2.065773249e+00 2.120970011e+00
 2.176554918e+00 2.233976364e+00 2.293152094e+00 2.354899406e+00 2.421656847e+00
 2.493150711e+00 2.572573423e+00 2.660447121e+00 2.755574942e+00 2.863465786e+00
 2.986088753e+00 3.123158693e+00 3.279583216e+00 3.457504272e+00 3.663625956e+00
 3.903206587e+00 4.179491520e+00 4.506968498e+00 4.895030499e+00 5.358529568e+00
 5.925448895e+00 6.623999596e+00 7.525920868e+00 8.839050293e+00 1.123761082e+01
 1.591029835e+01
  201   33
 1.932738572e-01-5.775562953e-03 1.933115870e-01 2.043322846e-02 1.934424639e-01
 4.668560252e-02 1.936676353e-01 7.302483916e-02 1.939893961e-01 9.949463606e-02
 1.944117695e-01 1.261392087e-01 1.949387938e-01 1.530036926e-01 1.955755651e-01
 1.801343709e-01 1.963315010e-01 2.075780183e-01 1.972132176e-01 2.353836894e-01
 1.982267052e-01 2.636030614e-01 1.993864924e-01 2.922876179e-01 2.007061988e-01
 3.214916587e-01 2.021956146e-01 3.512741625e-01 2.038751096e-01 3.816935122e-01
 2.057695240e-01 4.128094316e-01 2.079045027e-01 4.446847737e-01 2.103197575e-01
 4.773785770e-01 2.130466402e-01 5.109582543e-01 2.161289304e-01 5.454881191e-01
 2.196307033e-01 5.810223818e-01 2.235776037e-01 6.176467538e-01 2.280622125e-01
 6.554021835e-01 2.331405133e-01 6.943603158e-01 2.389171720e-01 7.345546484e-01
 2.455114126e-01 7.760018110e-01 2.530535460e-01 8.187012076e-01 2.616851926e-01
 8.626312613e-01 2.714702487e-01 9.078521132e-01 2.825852036e-01 9.542905092e-01
 2.952418625e-01 1.001800537e+00 3.095700145e-01 1.050315499e+00 3.258716166e-01
 1.099480987e+00 3.439751565e-01 1.149644613e+00 3.646307290e-01 1.199594975e+00
 3.876639903e-01 1.249558806e+00 4.181568623e-01 1.288695693e+00 4.631280303e-01
 1.297922969e+00 5.149918795e-01 1.288138747e+00 5.673354268e-01 1.271794081e+00
 6.187257171e-01 1.251652241e+00 6.685920358e-01 1.228866696e+00 7.164431214e-01
 1.204888463e+00 7.622216344e-01 1.180066586e+00 8.062665462e-01 1.152863383e+00
 8.482035398e-01 1.124923944e+00 8.877848983e-01 1.098511338e+00 9.254792929e-01
 1.071256042e+00 9.613187909e-01 1.042787552e+00 9.951757789e-01 1.016076803e+00
 1.027288795e+00 9.895344377e-01 1.057700396e+00 9.619362354e-01 1.086478949e+00
 9.350252151e-01 1.113775969e+00 9.091628790e-01 1.139443636e+00 8.820217848e-01
 1.163610935e+00 8.549283743e-01 1.186543465e+00 8.290669918e-01 1.208028674e+00
 8.028082252e-01 1.227951169e+00 7.757527232e-01 1.246742010e+00 7.495875359e-01
 1.264242172e+00 7.234919071e-01 1.280554056e+00 6.976958513e-01 1.295937657e+00
 6.727541685e-01 1.310420513e+00 6.485034227e-01 1.323922157e+00 6.246023774e-01
 1.336412311e+00 6.009134650e-01 1.348222375e+00 5.780004263e-01 1.359430313e+00
 5.558451414e-01 1.369853497e+00 5.340200663e-01 1.379497886e+00 5.124844313e-01
 1.388667226e+00 4.916192591e-01 1.397459626e+00 4.714458287e-01 1.405759931e+00
 4.517175853e-01 1.413480401e+00 4.322729111e-01 1.420735121e+00 4.132022560e-01
 1.427638888e+00 3.945745528e-01 1.434259057e+00 3.763949871e-01 1.440633893e+00
 3.586372435e-01 1.446727872e+00 3.412146866e-01 1.452601433e+00 3.241308331e-01
 1.458203673e+00 3.073025048e-01 1.463500261e+00 2.906735241e-01 1.468503356e+00
 2.742277682e-01 1.473253846e+00 2.579675019e-01 1.477900386e+00 2.419503480e-01
 1.482417464e+00 2.261241525e-01 1.486689448e+00 2.104020566e-01 1.490626574e+00
 1.947286874e-01 1.494159341e+00 1.790716350e-01 1.497270942e+00 1.634284854e-01
 1.500059366e+00 1.478369832e-01 1.502555013e+00 1.323021054e-01 1.504773259e+00
 1.168216765e-01 1.506721973e+00 1.013905182e-01 1.508403420e+00 8.600203693e-02
 1.509816408e+00 7.064937055e-02 1.510964513e+00 5.532695353e-02 1.511851549e+00
 4.002917185e-02 1.512480021e+00 2.475015633e-02 1.512852311e+00 9.483956732e-03
 1.512969971e+00-5.775489844e-03 1.512832761e+00-2.103423886e-02 1.512439013e+00
-3.629846871e-02 1.511787534e+00-5.157401413e-02 1.510876656e+00-6.686675549e-02
 1.509704351e+00-8.218251169e-02 1.508267879e+00-9.752707183e-02 1.506568670e+00
-1.129071340e-01 1.504606247e+00-1.283296943e-01 1.502375364e+00-1.438007951e-01
 1.499863148e+00-1.593241096e-01 1.497048497e+00-1.748992801e-01 1.493839025e+00
-1.904956847e-01 1.490210772e+00-2.060996294e-01 1.486229062e+00-2.217362672e-01
 1.481981874e+00-2.374530584e-01 1.477576971e+00-2.533234358e-01 1.473115325e+00
-2.694364488e-01 1.468514919e+00-2.857860029e-01 1.463710904e+00-3.023675680e-01
 1.458654165e+00-3.191806674e-01 1.453311682e+00-3.362325430e-01 1.447673917e+00
-3.535481393e-01 1.441676378e+00-3.711071610e-01 1.435323477e+00-3.889454305e-01
 1.428705931e+00-4.071924388e-01 1.421842337e+00-4.259321392e-01 1.414637327e+00
-4.451360404e-01 1.406868458e+00-4.646083415e-01 1.398501754e+00-4.843401909e-01
 1.389678597e+00-5.045620203e-01 1.380573988e+00-5.256186128e-01 1.370919466e+00
-5.472505689e-01 1.360461831e+00-5.691400170e-01 1.349276423e+00-5.914685130e-01
 1.337591052e+00-6.147776246e-01 1.325053453e+00-6.385573149e-01 1.311392665e+00
-6.623004675e-01 1.296830416e+00-6.865597367e-01 1.281420350e+00-7.116528153e-01
 1.264834523e+00-7.368655205e-01 1.247038126e+00-7.621573210e-01 1.228151560e+00
-7.880839109e-01 1.208112717e+00-8.147343993e-01 1.186507583e+00-8.404286504e-01
 1.163560867e+00-8.661628366e-01 1.139379859e+00-8.930669427e-01 1.113665938e+00
-9.195484519e-01 1.086392641e+00-9.452028275e-01 1.057667255e+00-9.724299908e-01
 1.027288914e+00-9.996001720e-01 9.952413440e-01-1.025547028e+00 9.614165425e-01
-1.052787662e+00 9.256490469e-01-1.081013560e+00 8.880916834e-01-1.107635260e+00
 8.484987617e-01-1.134612203e+00 8.065339923e-01-1.163013577e+00 7.626254559e-01
-1.189811945e+00 7.168812752e-01-1.214733601e+00 6.687537432e-01-1.239861965e+00
 6.185353994e-01-1.263789654e+00 5.666149259e-01-1.285346985e+00 5.130317807e-01
-1.304641008e+00 4.574400783e-01-1.322618604e+00 4.057326317e-01-1.337659955e+00
 3.821515739e-01-1.271929026e+00 3.622395098e-01-1.215496063e+00 3.430113494e-01
-1.162825823e+00 3.255658448e-01-1.111514211e+00 3.096430004e-01-1.061759472e+00
 2.956055701e-01-1.012851357e+00 2.830637693e-01-9.652248621e-01 2.720777094e-01
-9.186691046e-01 2.623102367e-01-8.734735250e-01 2.537322044e-01-8.295298219e-01
 2.461654842e-01-7.868989706e-01 2.395642698e-01-7.454982400e-01 2.337506264e-01
-7.053736448e-01 2.286512107e-01-6.664661169e-01 2.241307348e-01-6.287688613e-01
 2.201500386e-01-5.921962857e-01 2.166123092e-01-5.567107797e-01 2.134857178e-01
-5.222307444e-01 2.107242942e-01-4.886905253e-01 2.082725912e-01-4.560335875e-01
 2.061039060e-01-4.241901934e-01 2.041807920e-01-3.931008279e-01 2.024737298e-01
-3.627049327e-01 2.009595484e-01-3.329424858e-01 1.996147484e-01-3.037565947e-01
 1.984287053e-01-2.750885487e-01 1.973919570e-01-2.468829006e-01 1.964881420e-01
-2.190889269e-01 1.957094818e-01-1.916555762e-01 1.950508356e-01-1.645334512e-01
 1.945032328e-01-1.376758516e-01 1.940607727e-01-1.110367477e-01 1.937197745e-01
-8.457104117e-02 1.934767962e-01-5.823457241e-02 1.933287382e-01-3.198381513e-02
 1.932738572e-01-5.775562953e-03
 1.851000041e-01 0.000000000e+00 1.851000041e-01 1.008100033e+00 2.793999910e-01
 1.171399951e+00 2.793999910e-01 1.577999949e+00 2.978999913e-01 1.603399992e+00
 5.712000132e-01 1.603399992e+00 6.169999838e-01 1.628000021e+00 1.043300033e+00
 1.460287452e+00 1.043300033e+00 1.429999948e+00 1.319200039e+00 1.039700031e+00
 1.335800052e+00 9.976000190e-01 1.485100031e+00 5.450000167e-01 1.483999968e+00
 4.900000095e-01 1.559000015e+00 1.141000018e-01 1.565000057e+00 7.636000216e-02
 1.569000006e+00 3.826100007e-02 1.570000052e+00 0.000000000e+00 1.569000006e+00
-3.826100007e-02 1.565000057e+00-7.636000216e-02 1.559000015e+00-1.141000018e-01
 1.483999968e+00-4.900000095e-01 1.485100031e+00-5.450000167e-01 1.335800052e+00
-9.976000190e-01 1.319200039e+00-1.039700031e+00 1.043300033e+00-1.429999948e+00
 1.043300033e+00-1.460287452e+00 6.169999838e-01-1.628000021e+00 5.712000132e-01
-1.603399992e+00 2.978999913e-01-1.603399992e+00 2.793999910e-01-1.577999949e+00
 2.793999910e-01-1.171399951e+00 1.851000041e-01-1.008100033e+00 1.851000041e-01
 0.000000000e+00
    0 0.000000000e+00    0
 0.000000000e+00 1.116828993e-01 1.560216248e-01 1.913259029e-01 2.212645859e-01
 2.477950156e-01 2.720116377e-01 2.945836484e-01 3.159348965e-01 3.363413513e-01
 3.560206890e-01 3.751316965e-01 3.937861025e-01 4.120595157e-01 4.300141931e-01
 4.476960897e-01 4.651434422e-01 4.823968709e-01 4.994904697e-01 5.164672136e-01
 5.333715677e-01 5.502503514e-01 5.671604276e-01 5.841456056e-01 6.012592912e-01
 6.185722351e-01 6.361511350e-01 6.540659666e-01 6.724013090e-01 6.912511587e-01
 7.107328176e-01 7.309688330e-01 7.521055341e-01 7.743336558e-01 7.978653908e-01
 8.229789138e-01 8.500341177e-01 8.795239329e-01 9.123752713e-01 9.509065747e-01
 1.000680447e+00
    1
 3.058591309e+03 2.818408691e+03 2.589436768e+03 2.379738037e+03 2.191575928e+03
 2.020859131e+03 1.858494019e+03 1.699965210e+03 1.551835571e+03 1.418978394e+03
 1.301699585e+03 1.195801392e+03 1.094108276e+03 9.961807251e+02 9.070266113e+02
 8.292249146e+02 7.620817261e+02 7.016802368e+02 6.432850952e+02 5.878671265e+02
 5.380498657e+02 4.948248596e+02 4.572005920e+02 4.225617981e+02 3.885453491e+02
 3.554720154e+02 3.238927307e+02 2.939053040e+02 2.651473083e+02 2.368938751e+02
 2.084650879e+02 1.794609680e+02 1.496676636e+02 1.191007080e+02 8.800314331e+01
 5.705375290e+01 2.942801094e+01 8.719780922e+00 4.182687774e-02 5.606269930e-03
-3.038793920e-06
