  EFITD    01/23/2002    #123664 00300ms           3  65  65
 2.140000105e+00 4.400000095e+00 8.500000238e-01 9.999999776e-03 0.000000000e+00
 9.981514215e-01-2.823981922e-03-4.882762581e-02 2.776828967e-02-4.162099957e-01
 8.932117500e+05-4.882762581e-02 0.000000000e+00 9.981514215e-01 0.000000000e+00
-2.823981922e-03 0.000000000e+00 2.776828967e-02 0.000000000e+00 0.000000000e+00
-4.125925899e-01-4.124133885e-01-4.121242762e-01-4.117296636e-01-4.112339020e-01
-4.106414318e-01-4.099566936e-01-4.091842175e-01-4.083285034e-01-4.073941410e-01
-4.063857198e-01-4.053078592e-01-4.041652977e-01-4.029627144e-01-4.017048180e-01
-4.003964663e-01-3.990423977e-01-3.976474404e-01-3.962164819e-01-3.947543502e-01
-3.932659328e-01-3.917560875e-01-3.902297020e-01-3.886916041e-01-3.871466517e-01
-3.855996728e-01-3.840554059e-01-3.825185895e-01-3.809938729e-01-3.794858456e-01
-3.779989779e-01-3.765377104e-01-3.751062453e-01-3.737087846e-01-3.723492622e-01
-3.710315526e-01-3.697592616e-01-3.685358465e-01-3.673644662e-01-3.662481606e-01
-3.651895821e-01-3.641911745e-01-3.632550836e-01-3.623831570e-01-3.615768254e-01
-3.608372509e-01-3.601652086e-01-3.595610559e-01-3.590248227e-01-3.585560322e-01
-3.581538796e-01-3.578170240e-01-3.575437367e-01-3.573318422e-01-3.571786582e-01
-3.570810258e-01-3.570353389e-01-3.570374548e-01-3.570828140e-01-3.571662307e-01
-3.572821617e-01-3.574244678e-01-3.575865030e-01-3.577610850e-01-3.579406142e-01
 2.027661133e+04 1.976806836e+04 1.927969141e+04 1.881077734e+04 1.836060352e+04
 1.792843359e+04 1.751351172e+04 1.711507422e+04 1.673233594e+04 1.636451172e+04
 1.601080273e+04 1.567040527e+04 1.534251074e+04 1.502630664e+04 1.472098242e+04
 1.442572656e+04 1.413973047e+04 1.386218945e+04 1.359230566e+04 1.332929102e+04
 1.307236523e+04 1.282076074e+04 1.257372266e+04 1.233051367e+04 1.209041113e+04
 1.185271289e+04 1.161673828e+04 1.138182812e+04 1.114734766e+04 1.091269043e+04
 1.067727539e+04 1.044055273e+04 1.020200488e+04 9.961148438e+03 9.717533203e+03
 9.470747070e+03 9.220417969e+03 8.966214844e+03 8.707848633e+03 8.445073242e+03
 8.177691895e+03 7.905553711e+03 7.628558594e+03 7.346658691e+03 7.059858398e+03
 6.768219238e+03 6.471858887e+03 6.170953613e+03 5.865741699e+03 5.556523926e+03
 5.243664551e+03 4.927595215e+03 4.608815430e+03 4.287894043e+03 3.965472900e+03
 3.642266113e+03 3.319063965e+03 2.996733643e+03 2.676221680e+03 2.358555176e+03
 2.044844116e+03 1.736282593e+03 1.434151489e+03 1.139819458e+03 8.547452393e+02
-4.247393087e-02-8.106967807e-02-1.181048676e-01-1.535438746e-01-1.873543411e-01
-2.195071429e-01-2.499763966e-01-2.787394822e-01-3.057770431e-01-3.310728967e-01
-3.546141982e-01-3.763912916e-01-3.963978291e-01-4.146306515e-01-4.310898185e-01
-4.457787573e-01-4.587040544e-01-4.698755443e-01-4.793063402e-01-4.870128036e-01
-4.930144846e-01-4.973342717e-01-4.999982715e-01-5.010357499e-01-5.004794002e-01
-4.983649552e-01-4.947315454e-01-4.896215200e-01-4.830804467e-01-4.751571119e-01
-4.659036696e-01-4.553753734e-01-4.436308444e-01-4.307318628e-01-4.167435169e-01
-4.017341137e-01-3.857752383e-01-3.689416945e-01-3.513115048e-01-3.329659998e-01
-3.139897585e-01-2.944705486e-01-2.744994462e-01-2.541707456e-01-2.335819900e-01
-2.128339708e-01-1.920307130e-01-1.712795347e-01-1.506909728e-01-1.303787977e-01
-1.104600579e-01-9.105502814e-02-7.228723913e-02-5.428346992e-02-3.717374429e-02
-2.109133825e-02-6.172773428e-03 7.442180999e-03 1.961050741e-02 3.018593974e-02
 3.901896626e-02 4.595682397e-02 5.084350333e-02 5.351974815e-02 5.382305384e-02
-4.334834688e+05-4.163454688e+05-3.997857500e+05-3.838210625e+05-3.684665625e+05
-3.537359375e+05-3.396413438e+05-3.261934062e+05-3.134012812e+05-3.012725312e+05
-2.898132188e+05-2.790279688e+05-2.689197812e+05-2.594902031e+05-2.507392188e+05
-2.426653438e+05-2.352655469e+05-2.285352656e+05-2.224684375e+05-2.170575000e+05
-2.122933281e+05-2.081653281e+05-2.046613281e+05-2.017677031e+05-1.994692656e+05
-1.977493125e+05-1.965896562e+05-1.959705469e+05-1.958707500e+05-1.962675000e+05
-1.971365000e+05-1.984519688e+05-2.001865625e+05-2.023114375e+05-2.047962812e+05
-2.076091719e+05-2.107167344e+05-2.140840469e+05-2.176746875e+05-2.214507188e+05
-2.253726562e+05-2.293995156e+05-2.334888125e+05-2.375965000e+05-2.416770469e+05
-2.456834062e+05-2.495669844e+05-2.532776875e+05-2.567639219e+05-2.599725469e+05
-2.628489062e+05-2.653368125e+05-2.673786250e+05-2.689151250e+05-2.698855625e+05
-2.702277188e+05-2.698778125e+05-2.687706250e+05-2.668392812e+05-2.640155312e+05
-2.602294844e+05-2.554098438e+05-2.494837188e+05-2.423767188e+05-2.340129375e+05
 5.275395233e-05 9.715206688e-04 2.869988093e-03 5.224245600e-03 7.139589172e-03
 8.283272386e-03 8.782704361e-03 8.781266399e-03 8.386745118e-03 7.672380190e-03
 6.687086076e-03 5.464805756e-03 4.031443968e-03 2.410103334e-03 6.255761255e-04
-1.291099237e-03-3.297288669e-03-5.331865512e-03-7.306343876e-03-9.096220136e-03
-1.054185256e-02-1.147034485e-02-1.173055917e-02-1.121729519e-02-9.873220697e-03
-7.681047078e-03-4.661459476e-03-8.725055959e-04 3.597498173e-03 8.642598055e-03
 1.415226422e-02 2.002102509e-02 2.615359053e-02 3.246626258e-02 3.888609633e-02
 4.534903541e-02 5.179789662e-02 5.818062276e-02 6.444903463e-02 7.055814564e-02
 7.646599412e-02 8.213385940e-02 8.752689511e-02 9.261488169e-02 9.737301618e-02
 1.017826423e-01 1.058317199e-01 1.095150337e-01 1.128339842e-01 1.157961637e-01
 1.184145138e-01 1.207063869e-01 1.226924434e-01 1.243956164e-01 1.258400381e-01
 1.270501614e-01 1.280500591e-01 1.288628131e-01 1.295101345e-01 1.300121248e-01
 1.303870976e-01 1.306515187e-01 1.308201402e-01 1.309059262e-01 1.309203357e-01
 1.007231476e-04 1.901802374e-03 5.989457481e-03 1.248576306e-02 1.536955498e-02
 1.522365212e-02 1.454558130e-02 1.354353409e-02 1.229119580e-02 1.081523579e-02
 9.124293923e-03 7.219626568e-03 5.099937320e-03 2.764723264e-03 2.177582210e-04
-2.528311685e-03-5.445462186e-03-8.481268771e-03-1.154740620e-02-1.450732257e-02
-1.716767251e-02-1.928164437e-02-2.057285793e-02-2.078083903e-02-1.971463487e-02
-1.729433984e-02-1.356588490e-02-8.683132008e-03-2.862958936e-03 3.666182281e-03
 1.070038509e-02 1.807444915e-02 2.566068061e-02 3.336111456e-02 4.109871387e-02
 4.880983755e-02 5.643863976e-02 6.393326819e-02 7.124365121e-02 7.832051814e-02
 8.511552960e-02 9.158222377e-02 9.767746925e-02 1.033633724e-01 1.086091250e-01
 1.133926362e-01 1.177016422e-01 1.215341538e-01 1.248982027e-01 1.278108060e-01
 1.302965581e-01 1.323856711e-01 1.341121942e-01 1.355120540e-01 1.366215050e-01
 1.374758184e-01 1.381083727e-01 1.385499537e-01 1.388284564e-01 1.389687359e-01
 1.389926225e-01 1.389190853e-01 1.387644708e-01 1.385426968e-01 1.382655501e-01
 1.464567467e-04 2.780272625e-03 8.849980310e-03 1.871285215e-02 2.559011616e-02
 2.333363332e-02 2.086663432e-02 1.862316579e-02 1.641163789e-02 1.413257141e-02
 1.172194630e-02 9.131455794e-03 6.320270710e-03 3.251567250e-03-1.085171025e-04
-3.789620474e-03-7.812403608e-03-1.217857376e-02-1.685247757e-02-2.172821946e-02
-2.657563612e-02-3.097423352e-02-3.430232033e-02-3.588431701e-02-3.521860763e-02
-3.211351484e-02-2.674166858e-02-1.960142329e-02-1.130786538e-02-2.362982137e-03
 6.906796247e-03 1.630897634e-02 2.573226020e-02 3.510934860e-02 4.439414665e-02
 5.354839563e-02 6.253395975e-02 7.130864263e-02 7.982433587e-02 8.802691847e-02
 9.585765004e-02 1.032557935e-01 1.101622134e-01 1.165235937e-01 1.222966090e-01
 1.274515986e-01 1.319749802e-01 1.358701885e-01 1.391569674e-01 1.418690979e-01
 1.440512538e-01 1.457552910e-01 1.470365375e-01 1.479507536e-01 1.485514939e-01
 1.488885283e-01 1.490066946e-01 1.489454955e-01 1.487390846e-01 1.484165043e-01
 1.480021179e-01 1.475161463e-01 1.469751745e-01 1.463926882e-01 1.457795650e-01
 1.734067773e-04 3.282797290e-03 1.037223451e-02 2.165184543e-02 2.978659607e-02
 2.792251110e-02 2.518611401e-02 2.248200402e-02 1.976965740e-02 1.699043624e-02
 1.408288255e-02 1.098509133e-02 7.633246947e-03 3.962327726e-03-9.895484982e-05
-4.637541249e-03-9.757013991e-03-1.557403896e-02-2.221908979e-02-2.982347645e-02
-3.846035898e-02-4.788623005e-02-5.643112585e-02-6.117936969e-02-6.138421968e-02
-5.649588630e-02-4.649436101e-02-3.376735002e-02-2.079948224e-02-8.179374970e-03
 4.010958597e-03 1.580730639e-02 2.726847492e-02 3.844698891e-02 4.937893897e-02
 6.008043140e-02 7.054643333e-02 8.075065911e-02 9.064627439e-02 1.001676992e-01
 1.092340201e-01 1.177544221e-01 1.256355941e-01 1.327907443e-01 1.391489655e-01
 1.446633488e-01 1.493165344e-01 1.531223208e-01 1.561234891e-01 1.583860815e-01
 1.599919349e-01 1.610306352e-01 1.615924835e-01 1.617630869e-01 1.616199613e-01
 1.612307280e-01 1.606526971e-01 1.599333286e-01 1.591111571e-01 1.582169384e-01
 1.572748572e-01 1.563036591e-01 1.553176939e-01 1.543276757e-01 1.533415616e-01
 1.857762836e-04 3.509938950e-03 1.103864145e-02 2.283306420e-02 3.154767677e-02
 3.007310815e-02 2.752524801e-02 2.484747954e-02 2.205526270e-02 1.913170144e-02
 1.603805274e-02 1.272060443e-02 9.112139232e-03 5.133714527e-03 6.881305017e-04
-4.358729348e-03-1.016633026e-02-1.696902141e-02-2.509129234e-02-3.501656651e-02
-4.752051830e-02-6.395160407e-02-8.494014293e-02-9.047769755e-02-9.288628399e-02
-8.728582412e-02-6.650010496e-02-4.465055466e-02-2.637902647e-02-1.026234310e-02
 4.463179037e-03 1.826425828e-02 3.144066408e-02 4.418773949e-02 5.662943795e-02
 6.883601099e-02 8.083297312e-02 9.260509163e-02 1.040979549e-01 1.152192503e-01
 1.258421242e-01 1.358128637e-01 1.449644119e-01 1.531354338e-01 1.601920724e-01
 1.660479307e-01 1.706772596e-01 1.741180122e-01 1.764644533e-01 1.778512150e-01
 1.784339547e-01 1.783709675e-01 1.778096408e-01 1.768784672e-01 1.756841540e-01
 1.743119508e-01 1.728280038e-01 1.712823063e-01 1.697117239e-01 1.681428999e-01
 1.665944457e-01 1.650789529e-01 1.636044979e-01 1.621757895e-01 1.607950777e-01
 1.902665244e-04 3.592304420e-03 1.128057204e-02 2.334550954e-02 3.223512322e-02
 3.095997870e-02 2.859708108e-02 2.607777342e-02 2.342141420e-02 2.061380446e-02
 1.761923172e-02 1.438909769e-02 1.086258143e-02 6.962473039e-03 2.592197154e-03
-2.373126801e-03-8.085870184e-03-1.477730181e-02-2.274871990e-02-3.247290105e-02
-4.467003793e-02-6.070899218e-02-8.336030692e-02-8.646320552e-02-8.868163824e-02
-8.334755152e-02-6.185813621e-02-3.985488787e-02-2.132150717e-02-4.793027416e-03
 1.048414875e-02 2.497321926e-02 3.897973895e-02 5.271097273e-02 6.630612910e-02
 7.985116541e-02 9.338408709e-02 1.068933830e-01 1.203116030e-01 1.335062683e-01
 1.462725103e-01 1.583347470e-01 1.693664491e-01 1.790324301e-01 1.870464832e-01
 1.932266057e-01 1.975307316e-01 2.000632137e-01 2.010498643e-01 2.007883489e-01
 1.995916814e-01 1.977442056e-01 1.954792291e-01 1.929747611e-01 1.903595477e-01
 1.877228171e-01 1.851239502e-01 1.826006621e-01 1.801753491e-01 1.778597832e-01
 1.756585389e-01 1.735713482e-01 1.715949029e-01 1.697239429e-01 1.679521203e-01
 1.898375194e-04 3.583423793e-03 1.124840137e-02 2.322488092e-02 3.214462101e-02
 3.086746857e-02 2.862650901e-02 2.634411305e-02 2.400181256e-02 2.154209092e-02
 1.890626363e-02 1.604366489e-02 1.290627569e-02 9.440983646e-03 5.587351043e-03
 1.274188049e-03-3.583202837e-03-9.084183723e-03-1.533514448e-02-2.241166309e-02
-3.034025058e-02-3.879668564e-02-4.619540274e-02-5.003294721e-02-4.941812158e-02
-4.384721071e-02-3.340918198e-02-2.013412490e-02-6.211566273e-03 7.732548751e-03
 2.160167694e-02 3.544617072e-02 4.935817420e-02 6.343682110e-02 7.777429372e-02
 9.244778007e-02 1.075109541e-01 1.229808778e-01 1.388161182e-01 1.548819244e-01
 1.709005237e-01 1.863981336e-01 2.006932944e-01 2.129961252e-01 2.226096243e-01
 2.291044891e-01 2.324052751e-01 2.328114361e-01 2.309362739e-01 2.275260985e-01
 2.232486606e-01 2.185909897e-01 2.138656080e-01 2.092563808e-01 2.048626840e-01
 2.007316202e-01 1.968789995e-01 1.933025569e-01 1.899900287e-01 1.869240105e-01
 1.840848774e-01 1.814525425e-01 1.790074110e-01 1.767309606e-01 1.746059507e-01
 1.858579635e-04 3.505362663e-03 1.098264102e-02 2.261403948e-02 3.100547567e-02
 2.926121838e-02 2.716252580e-02 2.552389912e-02 2.388730273e-02 2.207238600e-02
 2.003220096e-02 1.774711348e-02 1.520321332e-02 1.239270717e-02 9.309287183e-03
 5.943858996e-03 2.293970902e-03-1.624660334e-03-5.757438485e-03-9.968369268e-03
-1.402266137e-02-1.751383021e-02-1.983139291e-02-2.032917179e-02-1.851368695e-02
-1.417214703e-02-7.427331060e-03 1.306441380e-03 1.150912791e-02 2.275851183e-02
 3.479636833e-02 4.749971628e-02 6.083684415e-02 7.483515888e-02 8.956149220e-02
 1.051103622e-01 1.215957925e-01 1.391420364e-01 1.578664184e-01 1.778398156e-01
 1.989898533e-01 2.208557874e-01 2.420451343e-01 2.599938810e-01 2.728173435e-01
 2.796424925e-01 2.803083658e-01 2.753434479e-01 2.667860389e-01 2.571634054e-01
 2.477746159e-01 2.390885055e-01 2.312268764e-01 2.241753489e-01 2.178688794e-01
 2.122275829e-01 2.071717232e-01 2.026275992e-01 1.985294521e-01 1.948195845e-01
 1.914478391e-01 1.883706748e-01 1.855504364e-01 1.829545051e-01 1.805546284e-01
 1.816328295e-04 3.421507543e-03 1.068812516e-02 2.193282731e-02 2.936842851e-02
 2.626440860e-02 2.473776601e-02 2.444856800e-02 2.375590615e-02 2.265249752e-02
 2.125748061e-02 1.959416829e-02 1.767752692e-02 1.556124631e-02 1.328506228e-02
 1.087763533e-02 8.382759988e-03 5.867280997e-03 3.427597228e-03 1.202267944e-03
-6.211858126e-04-1.723828609e-03-1.907923026e-03-8.707947563e-04 1.615515561e-03
 5.666119512e-03 1.128097251e-02 1.837393083e-02 2.679871768e-02 3.640319034e-02
 4.707251117e-02 5.873538926e-02 7.137327641e-02 8.502072096e-02 9.976376593e-02
 1.157433018e-01 1.331633776e-01 1.523073018e-01 1.735668033e-01 1.974930018e-01
 2.248933911e-01 2.570870519e-01 2.970634401e-01 3.270376325e-01 3.462564647e-01
 3.509866595e-01 3.525453210e-01 3.288609087e-01 3.031613827e-01 2.836699784e-01
 2.680524290e-01 2.552204132e-01 2.444940209e-01 2.354032844e-01 2.276088893e-01
 2.208587825e-01 2.149614096e-01 2.097682506e-01 2.051620930e-01 2.010490447e-01
 1.973528415e-01 1.940109134e-01 1.909713894e-01 1.881909668e-01 1.856332570e-01
 1.812770497e-04 3.413904691e-03 1.065843366e-02 2.179822139e-02 2.915510722e-02
 2.541632950e-02 2.447631210e-02 2.476066165e-02 2.443195693e-02 2.374872379e-02
 2.278644405e-02 2.159781568e-02 2.023009770e-02 1.873037964e-02 1.714796945e-02
 1.553653553e-02 1.395859104e-02 1.249044761e-02 1.122657862e-02 1.028293837e-02
 9.797911160e-03 9.924529120e-03 1.081604417e-02 1.262926683e-02 1.550171711e-02
 1.948718540e-02 2.465079539e-02 3.102166392e-02 3.850962594e-02 4.711465910e-02
 5.681459606e-02 6.758663058e-02 7.945028692e-02 9.246660769e-02 1.067301854e-01
 1.224052310e-01 1.397339702e-01 1.590555012e-01 1.808577925e-01 2.058756948e-01
 2.352444381e-01 2.707166374e-01 3.145889640e-01 3.478955030e-01 3.687224388e-01
 3.738918602e-01 3.730865419e-01 3.465243876e-01 3.165548444e-01 2.937382758e-01
 2.760198414e-01 2.618718445e-01 2.503015697e-01 2.406563759e-01 2.324911058e-01
 2.254903764e-01 2.194230855e-01 2.141150385e-01 2.094317228e-01 2.052671909e-01
 2.015366554e-01 1.981712878e-01 1.951146573e-01 1.923200935e-01 1.897487193e-01
 1.859804324e-04 3.504269058e-03 1.095160563e-02 2.247270569e-02 3.019729070e-02
 2.617164701e-02 2.601885982e-02 2.651304752e-02 2.620005235e-02 2.559685148e-02
 2.480150200e-02 2.386650816e-02 2.283578925e-02 2.175312489e-02 2.066562325e-02
 1.962593943e-02 1.869414188e-02 1.793932915e-02 1.744066738e-02 1.728738844e-02
 1.757719368e-02 1.841277443e-02 1.989684254e-02 2.212603204e-02 2.518381737e-02
 2.913635969e-02 3.403386474e-02 3.990395740e-02 4.675139114e-02 5.461307243e-02
 6.349793077e-02 7.338394225e-02 8.435503393e-02 9.644728154e-02 1.096990779e-01
 1.242032200e-01 1.402463168e-01 1.580280215e-01 1.777495444e-01 1.998115480e-01
 2.246723771e-01 2.528637052e-01 2.845468819e-01 3.096172214e-01 3.260420859e-01
 3.322948515e-01 3.313656747e-01 3.169267178e-01 2.981473207e-01 2.821177244e-01
 2.686168253e-01 2.572085857e-01 2.475075573e-01 2.391978800e-01 2.320262641e-01
 2.257905751e-01 2.203290612e-01 2.155113816e-01 2.112316638e-01 2.074031830e-01
 2.039544135e-01 2.008260041e-01 1.979684085e-01 1.953401864e-01 1.929065734e-01
 1.938565256e-04 3.657216206e-03 1.146446448e-02 2.363510057e-02 3.275752440e-02
 3.194458038e-02 3.056719899e-02 2.956059761e-02 2.870416082e-02 2.787218802e-02
 2.702507004e-02 2.615987509e-02 2.529259585e-02 2.445048094e-02 2.366928570e-02
 2.299225889e-02 2.246971987e-02 2.215876430e-02 2.212278359e-02 2.243050188e-02
 2.315446176e-02 2.436883003e-02 2.614671551e-02 2.855721116e-02 3.166266158e-02
 3.551665321e-02 4.016303644e-02 4.563617706e-02 5.196300149e-02 5.916542187e-02
 6.726125628e-02 7.626909763e-02 8.621564507e-02 9.711658210e-02 1.089757606e-01
 1.219133660e-01 1.359264851e-01 1.510323137e-01 1.672334522e-01 1.846234500e-01
 2.027934641e-01 2.212182581e-01 2.387537062e-01 2.537742555e-01 2.649263740e-01
 2.714627087e-01 2.732422054e-01 2.707871497e-01 2.653870583e-01 2.585930526e-01
 2.514854670e-01 2.446216792e-01 2.382422984e-01 2.324252427e-01 2.271695882e-01
 2.224383205e-01 2.181799561e-01 2.143393457e-01 2.108628899e-01 2.077009380e-01
 2.048088163e-01 2.021469772e-01 1.996808797e-01 1.973806620e-01 1.952207088e-01
 2.008621086e-04 3.790834220e-03 1.189173386e-02 2.452404611e-02 3.426787257e-02
 3.402868658e-02 3.290193528e-02 3.183531389e-02 3.083739802e-02 2.989627048e-02
 2.900151163e-02 2.815202437e-02 2.735769190e-02 2.663825452e-02 2.602184191e-02
 2.554380521e-02 2.524577640e-02 2.517475002e-02 2.538204379e-02 2.592210658e-02
 2.685118839e-02 2.822591364e-02 3.010170162e-02 3.253114223e-02 3.556255996e-02
 3.923889622e-02 4.359708726e-02 4.866798967e-02 5.447682738e-02 6.104397401e-02
 6.838592887e-02 7.651612908e-02 8.544426411e-02 9.516841918e-02 1.056381091e-01
 1.167794615e-01 1.286059916e-01 1.410838962e-01 1.541074961e-01 1.674853712e-01
 1.809116751e-01 1.939922422e-01 2.061361969e-01 2.167755365e-01 2.254120409e-01
 2.316318750e-01 2.353802025e-01 2.368523926e-01 2.364665121e-01 2.347449064e-01
 2.321825624e-01 2.291702777e-01 2.259804159e-01 2.227863818e-01 2.196896672e-01
 2.167432755e-01 2.139690667e-01 2.113696933e-01 2.089364827e-01 2.066546679e-01
 2.045066655e-01 2.024742812e-01 2.005399615e-01 1.986876279e-01 1.969030648e-01
 2.052751224e-04 3.873399459e-03 1.214430574e-02 2.508549578e-02 3.503611684e-02
 3.507483006e-02 3.415079787e-02 3.320426494e-02 3.226025775e-02 3.133802861e-02
 3.045340069e-02 2.962095849e-02 2.885803580e-02 2.818650752e-02 2.763340995e-02
 2.723098733e-02 2.701640129e-02 2.703103609e-02 2.731905691e-02 2.792598493e-02
 2.889740840e-02 3.027864732e-02 3.211367503e-02 3.444397822e-02 3.730767593e-02
 4.073875397e-02 4.476649314e-02 4.941518605e-02 5.470406637e-02 6.064743176e-02
 6.725500524e-02 7.453263551e-02 8.248402178e-02 9.111274779e-02 1.003512144e-01
 1.099588573e-01 1.198610067e-01 1.301441789e-01 1.407115459e-01 1.513873637e-01
 1.619453132e-01 1.721128225e-01 1.815911382e-01 1.900937855e-01 1.973457634e-01
 2.032655925e-01 2.078101486e-01 2.109719664e-01 2.129672617e-01 2.140030116e-01
 2.142897099e-01 2.140143514e-01 2.133394629e-01 2.123960257e-01 2.112823129e-01
 2.100677341e-01 2.087983191e-01 2.075024396e-01 2.061957270e-01 2.048850507e-01
 2.035717666e-01 2.022539824e-01 2.009283453e-01 1.995911747e-01 1.982392520e-01
 2.076935343e-04 3.918364644e-03 1.228008885e-02 2.527686022e-02 3.545373678e-02
 3.563143685e-02 3.483487666e-02 3.398603573e-02 3.310219198e-02 3.221143782e-02
 3.133869171e-02 3.050489165e-02 2.973212115e-02 2.904484421e-02 2.847075835e-02
 2.804148570e-02 2.779329754e-02 2.776840515e-02 2.800963074e-02 2.855869196e-02
 2.945152298e-02 3.072623909e-02 3.241964430e-02 3.456526995e-02 3.719357774e-02
 4.033123702e-02 4.400040582e-02 4.821838439e-02 5.299726874e-02 5.834358558e-02
 6.425777823e-02 7.073339075e-02 7.775548846e-02 8.529813588e-02 9.332056344e-02
 1.017553583e-01 1.105853766e-01 1.191148832e-01 1.279444844e-01 1.368641704e-01
 1.456770152e-01 1.541982740e-01 1.622473598e-01 1.696566343e-01 1.762846112e-01
 1.820261776e-01 1.868115067e-01 1.906242818e-01 1.935478896e-01 1.964471191e-01
 1.987129748e-01 2.004339844e-01 2.016971707e-01 2.025837004e-01 2.031637132e-01
 2.034941167e-01 2.036184818e-01 2.035685331e-01 2.033664286e-01 2.030271888e-01
 2.025610656e-01 2.019753754e-01 2.012761235e-01 2.004690170e-01 1.995601803e-01
 2.088935144e-04 3.940655850e-03 1.234717946e-02 2.544341423e-02 3.568154573e-02
 3.590597212e-02 3.517331555e-02 3.436747938e-02 3.349779546e-02 3.260489553e-02
 3.170894459e-02 3.083162196e-02 2.999584936e-02 2.922618762e-02 2.854923904e-02
 2.799385227e-02 2.759103104e-02 2.740652114e-02 2.748850733e-02 2.789343894e-02
 2.861336805e-02 2.969391458e-02 3.117249347e-02 3.307319805e-02 3.542135283e-02
 3.823867440e-02 4.154106230e-02 4.533958808e-02 4.964008927e-02 5.444263294e-02
 5.974074453e-02 6.552031636e-02 7.175817341e-02 7.842016220e-02 8.545833826e-02
 9.280551970e-02 1.003636941e-01 1.080190092e-01 1.158745959e-01 1.237639561e-01
 1.315675527e-01 1.391639262e-01 1.464401633e-01 1.532929540e-01 1.596341282e-01
 1.653946489e-01 1.705270708e-01 1.750086844e-01 1.788527966e-01 1.820876002e-01
 1.855982691e-01 1.888900846e-01 1.917067170e-01 1.940944046e-01 1.961061358e-01
 1.977835298e-01 1.991583556e-01 2.002539337e-01 2.010872364e-01 2.016710043e-01
 2.020157427e-01 2.021314800e-01 2.020289600e-01 2.017204463e-01 2.012200803e-01
 2.093335788e-04 3.948795609e-03 1.237126626e-02 2.547525801e-02 3.577161208e-02
 3.599496558e-02 3.526901081e-02 3.443973139e-02 3.354412690e-02 3.260261565e-02
 3.163491562e-02 3.066145070e-02 2.970395051e-02 2.878568135e-02 2.793164924e-02
 2.716862597e-02 2.654932812e-02 2.611953951e-02 2.592653595e-02 2.601739392e-02
 2.643518150e-02 2.722924203e-02 2.845686488e-02 3.007016145e-02 3.210970014e-02
 3.460086882e-02 3.754851595e-02 4.095862061e-02 4.483228922e-02 4.916583747e-02
 5.394962430e-02 5.916699022e-02 6.479361653e-02 7.079683989e-02 7.713499665e-02
 8.375733346e-02 9.060554206e-02 9.761679173e-02 1.047311276e-01 1.119196266e-01
 1.191522852e-01 1.262707859e-01 1.331646442e-01 1.397766918e-01 1.460584253e-01
 1.519705057e-01 1.574844122e-01 1.625844836e-01 1.672684699e-01 1.715401709e-01
 1.753899008e-01 1.796513647e-01 1.837116778e-01 1.873447150e-01 1.905832440e-01
 1.934503168e-01 1.959574968e-01 1.981098205e-01 1.999089867e-01 2.013563216e-01
 2.024550885e-01 2.032125145e-01 2.036408782e-01 2.037578970e-01 2.035863400e-01
 2.092581999e-04 3.947277088e-03 1.236556750e-02 2.544080839e-02 3.572005406e-02
 3.593279049e-02 3.515755758e-02 3.427814320e-02 3.331180289e-02 3.227502108e-02
 3.118531033e-02 3.006128967e-02 2.892281860e-02 2.779105119e-02 2.668943629e-02
 2.565927058e-02 2.474430576e-02 2.399186604e-02 2.345130220e-02 2.317232639e-02
 2.320339158e-02 2.359085158e-02 2.437653206e-02 2.559253760e-02 2.727838978e-02
 2.948269248e-02 3.210636973e-02 3.517572954e-02 3.868644685e-02 4.263557866e-02
 4.701438174e-02 5.180576444e-02 5.698689446e-02 6.252944469e-02 6.839998066e-02
 7.456039637e-02 8.096886426e-02 8.758092672e-02 9.435059130e-02 1.012327597e-01
 1.081743985e-01 1.150597557e-01 1.217750311e-01 1.283041537e-01 1.346475035e-01
 1.407870501e-01 1.467019022e-01 1.523757279e-01 1.577984393e-01 1.629692316e-01
 1.679263264e-01 1.728660911e-01 1.778100282e-01 1.824978888e-01 1.868469417e-01
 1.908307374e-01 1.944247782e-01 1.976026595e-01 2.003387660e-01 2.026122510e-01
 2.044109255e-01 2.057342827e-01 2.065950930e-01 2.070189267e-01 2.070422322e-01
 2.088217443e-04 3.938978538e-03 1.233887300e-02 2.546795830e-02 3.559374064e-02
 3.576824069e-02 3.491828963e-02 3.394644335e-02 3.286446258e-02 3.168563545e-02
 3.042461537e-02 2.909746207e-02 2.772184834e-02 2.631276660e-02 2.490329370e-02
 2.353396267e-02 2.225112356e-02 2.110543847e-02 2.015011758e-02 1.943902113e-02
 1.902483404e-02 1.895743422e-02 1.928243041e-02 2.004018985e-02 2.126644924e-02
 2.299094945e-02 2.523325011e-02 2.803171985e-02 3.123923019e-02 3.488422930e-02
 3.896897659e-02 4.346461967e-02 4.834866896e-02 5.359567329e-02 5.917834491e-02
 6.506723166e-02 7.123111933e-02 7.763881236e-02 8.426183462e-02 9.108010679e-02
 9.810794145e-02 1.054610312e-01 1.117241681e-01 1.182139218e-01 1.246959120e-01
 1.311257929e-01 1.374788135e-01 1.437356472e-01 1.498815268e-01 1.559055299e-01
 1.618074030e-01 1.677120179e-01 1.736803800e-01 1.794640571e-01 1.849732101e-01
 1.901438683e-01 1.949071735e-01 1.991903186e-01 2.029222995e-01 2.060423791e-01
 2.085094154e-01 2.103092521e-01 2.114578485e-01 2.119991928e-01 2.119987905e-01
 2.081343700e-04 3.925973549e-03 1.229767688e-02 2.529571764e-02 3.543756902e-02
 3.553579375e-02 3.458282351e-02 3.348429129e-02 3.224916011e-02 3.088758327e-02
 2.941086702e-02 2.783152647e-02 2.616336383e-02 2.442237362e-02 2.264511958e-02
 2.087581903e-02 1.916521601e-02 1.756885648e-02 1.614500955e-02 1.495247055e-02
 1.404850092e-02 1.348705124e-02 1.331734192e-02 1.358281821e-02 1.432041544e-02
 1.555972360e-02 1.732206158e-02 1.962008327e-02 2.245084383e-02 2.582796663e-02
 2.978173830e-02 3.411198780e-02 3.883678466e-02 4.392915219e-02 4.936961457e-02
 5.513597280e-02 6.120103598e-02 6.753770262e-02 7.412094623e-02 8.092816919e-02
 8.793997020e-02 9.518524259e-02 1.024237201e-01 1.088654920e-01 1.155923828e-01
 1.223954931e-01 1.292460561e-01 1.361253858e-01 1.430172920e-01 1.499040276e-01
 1.567544341e-01 1.637177169e-01 1.709423065e-01 1.780367196e-01 1.849366277e-01
 1.915529072e-01 1.977642179e-01 2.034252733e-01 2.083801031e-01 2.124847621e-01
 2.156350315e-01 2.177899331e-01 2.189813256e-01 2.193054408e-01 2.189004123e-01
 2.072698553e-04 3.909640480e-03 1.224618498e-02 2.521469072e-02 3.526353091e-02
 3.525191545e-02 3.417362645e-02 3.292291984e-02 3.150607646e-02 2.993007936e-02
 2.820268087e-02 2.633249015e-02 2.432194166e-02 2.220091224e-02 2.000926249e-02
 1.779595017e-02 1.561731473e-02 1.353477221e-02 1.161219738e-02 9.913332760e-03
 8.499516174e-03 7.427911274e-03 6.750272587e-03 6.512194406e-03 6.752695423e-03
 7.503976580e-03 8.791281842e-03 1.063292846e-02 1.304062363e-02 1.602199115e-02
 1.957897842e-02 2.370147407e-02 2.841266431e-02 3.345974162e-02 3.887497634e-02
 4.465295747e-02 5.074886605e-02 5.713118985e-02 6.377517432e-02 7.065931708e-02
 7.776436955e-02 8.507587761e-02 9.265901148e-02 9.984456003e-02 1.068500280e-01
 1.141072512e-01 1.215240508e-01 1.290777922e-01 1.367610693e-01 1.445765495e-01
 1.525531262e-01 1.607801914e-01 1.692791283e-01 1.779173464e-01 1.865747124e-01
 1.951236874e-01 2.033769637e-01 2.110646367e-01 2.178425044e-01 2.233478725e-01
 2.272973061e-01 2.295796275e-01 2.302929312e-01 2.297056764e-01 2.281631380e-01
 2.062810672e-04 3.890964901e-03 1.218736917e-02 2.509601600e-02 3.505109623e-02
 3.492917866e-02 3.371098265e-02 3.229093552e-02 3.067293204e-02 2.886102535e-02
 2.685900033e-02 2.465546876e-02 2.227202244e-02 1.974210143e-02 1.711079292e-02
 1.443343237e-02 1.177319791e-02 9.198027663e-03 6.777354516e-03 4.579099361e-03
 2.667283406e-03 1.100438298e-03-6.920830492e-05-7.959195063e-04-1.040243893e-03
-7.686566096e-04 4.676405661e-05 1.428509946e-03 3.393616527e-03 5.953415763e-03
 9.112588130e-03 1.286777668e-02 1.720695384e-02 2.209839411e-02 2.753753774e-02
 3.353846818e-02 3.981458768e-02 4.635920748e-02 5.316374823e-02 6.021178514e-02
 6.748410314e-02 7.495702803e-02 8.258946240e-02 9.032122791e-02 9.803402424e-02
 1.058828756e-01 1.139252037e-01 1.221745685e-01 1.306476593e-01 1.393602788e-01
 1.482864618e-01 1.575939357e-01 1.678768247e-01 1.783667356e-01 1.892285794e-01
 2.004352510e-01 2.118346244e-01 2.230442166e-01 2.332987189e-01 2.414878756e-01
 2.466514260e-01 2.484375387e-01 2.472237647e-01 2.439901531e-01 2.397868335e-01
 2.052153723e-04 3.870839020e-03 1.212402340e-02 2.493427880e-02 3.480799124e-02
 3.458303958e-02 3.321542218e-02 3.161549941e-02 2.978542633e-02 2.772819065e-02
 2.541848645e-02 2.286729217e-02 2.009924315e-02 1.715314016e-02 1.408110838e-02
 1.094634645e-02 7.819736376e-03 4.775838461e-03 1.888921368e-03-7.703820011e-04
-3.137410153e-03-5.154677667e-03-6.772066932e-03-7.946277969e-03-8.639874868e-03
-8.820258081e-03-8.458804339e-03-7.530370262e-03-6.013224367e-03-3.889415879e-03
-1.145502203e-03 2.226666547e-03 6.229594816e-03 1.086074207e-02 1.611736603e-02
 2.199665830e-02 2.849277109e-02 3.524568677e-02 4.228745401e-02 4.958314449e-02
 5.710976943e-02 6.484965980e-02 7.278767973e-02 8.091131598e-02 8.919347823e-02
 9.758477658e-02 1.061981916e-01 1.150752157e-01 1.242531016e-01 1.337852180e-01
 1.437635869e-01 1.543694586e-01 1.657524705e-01 1.779506654e-01 1.910987496e-01
 2.054270953e-01 2.212378234e-01 2.388834208e-01 2.585385144e-01 2.739855349e-01
 2.822149992e-01 2.816074789e-01 2.722608745e-01 2.611080706e-01 2.516604364e-01
 2.041174739e-04 3.850103356e-03 1.205879077e-02 2.488000691e-02 3.457531705e-02
 3.422817588e-02 3.270554915e-02 3.091926128e-02 2.886772715e-02 2.654959075e-02
 2.393535338e-02 2.104039118e-02 1.789541915e-02 1.454697177e-02 1.105599757e-02
 7.494639605e-03 3.941749223e-03 4.779206065e-04-2.819080139e-03-5.877818447e-03
-8.635251783e-03-1.103734225e-02-1.303847972e-02-1.460011769e-02-1.568905637e-02
-1.627574489e-02-1.633288153e-02-1.583452150e-02-1.475573797e-02-1.307289582e-02
-1.076444052e-02-7.812054362e-03-4.201959353e-03 7.384927449e-05 5.016479641e-03
 1.061804965e-02 1.685768366e-02 2.369362116e-02 3.112951666e-02 3.877574578e-02
 4.663605615e-02 5.471329764e-02 6.300429255e-02 7.150717825e-02 8.021589369e-02
 8.909742534e-02 9.817071259e-02 1.075294688e-01 1.172216460e-01 1.273025274e-01
 1.378475577e-01 1.491208822e-01 1.614064276e-01 1.746536344e-01 1.891614646e-01
 2.054058015e-01 2.241347134e-01 2.465632707e-01 2.744648159e-01 2.961900532e-01
 3.081229329e-01 3.051411808e-01 2.876239121e-01 2.698406279e-01 2.567058504e-01
 2.030288451e-04 3.829548368e-03 1.199412160e-02 2.466897108e-02 3.436509892e-02
 3.387501091e-02 3.220182285e-02 3.023294732e-02 2.796390653e-02 2.538771741e-02
 2.247723751e-02 1.925298758e-02 1.575282589e-02 1.203207485e-02 8.161199279e-03
 4.221377894e-03 2.988207561e-04-3.521104809e-03-7.158880122e-03-1.054425631e-02
-1.361782197e-02-1.633087918e-02-1.864402555e-02-2.052501403e-02-2.194633707e-02
-2.288296819e-02-2.331051789e-02-2.320396714e-02-2.253706381e-02-2.128242701e-02
-1.941228658e-02-1.689983718e-02-1.372099761e-02-9.856423363e-03-5.293426570e-03
-2.749451232e-05 5.937248934e-03 1.258965582e-02 1.991727389e-02 2.790110931e-02
 3.608705476e-02 4.451957345e-02 5.316914245e-02 6.202337146e-02 7.107796520e-02
 8.031993359e-02 8.975888044e-02 9.944965690e-02 1.094380394e-01 1.197744459e-01
 1.305277944e-01 1.419374049e-01 1.542401612e-01 1.673616171e-01 1.815037131e-01
 1.969754696e-01 2.142111957e-01 2.338618934e-01 2.572720349e-01 2.754481137e-01
 2.878564596e-01 2.858471870e-01 2.723496258e-01 2.593000829e-01 2.491622865e-01
 2.019893000e-04 3.809938440e-03 1.193246897e-02 2.455678396e-02 3.417451307e-02
 3.354074806e-02 3.172557801e-02 2.958803065e-02 2.712422982e-02 2.429434285e-02
 2.110282145e-02 1.757361740e-02 1.375130937e-02 9.699909016e-03 5.499095190e-03
 1.238325494e-03-2.990089590e-03-7.097628899e-03-1.100477763e-02-1.464413945e-02
-1.796135865e-02-2.091417275e-02-2.347021364e-02-2.560415864e-02-2.729478106e-02
-2.852226235e-02-2.926601842e-02-2.950317413e-02-2.920772694e-02-2.835044265e-02
-2.689946257e-02-2.482160926e-02-2.208430320e-02-1.865794696e-02-1.451854035e-02
-9.650170803e-03-4.047027323e-03 2.285234397e-03 9.328016080e-03 1.704520918e-02
 2.537182905e-02 3.428813815e-02 4.334964976e-02 5.256038532e-02 6.192293763e-02
 7.144238055e-02 8.113002777e-02 9.100486338e-02 1.010926813e-01 1.114284173e-01
 1.220753789e-01 1.331770122e-01 1.448255032e-01 1.569609493e-01 1.695715785e-01
 1.826448888e-01 1.960699856e-01 2.094862610e-01 2.220227718e-01 2.322335839e-01
 2.388579398e-01 2.414550334e-01 2.405029833e-01 2.373190373e-01 2.332502306e-01
 2.010335447e-04 3.791907337e-03 1.187578402e-02 2.445996180e-02 3.397360444e-02
 3.323302418e-02 3.128591180e-02 2.898968197e-02 2.633777633e-02 2.328730188e-02
 1.984837651e-02 1.605184935e-02 1.195065305e-02 7.617977448e-03 3.142348491e-03
-1.379502704e-03-5.850563291e-03-1.018068288e-02-1.429174375e-02-1.812028140e-02
-2.161766589e-02-2.474837191e-02-2.748706564e-02-2.981521189e-02-3.171771765e-02
-3.317996860e-02-3.418545052e-02-3.471404687e-02-3.474102914e-02-3.423676640e-02
-3.316714987e-02-3.149472177e-02-2.918051183e-02-2.618649788e-02-2.247852832e-02
-1.802939735e-02-1.282166317e-02-6.849691272e-03-1.205262161e-04 7.346498314e-03
 1.552132424e-02 2.436584234e-02 3.381530195e-02 4.336650670e-02 5.301628262e-02
 6.276336312e-02 7.260975242e-02 8.255988359e-02 9.261819720e-02 1.027819663e-01
 1.130007878e-01 1.234119013e-01 1.344948858e-01 1.455090493e-01 1.565312892e-01
 1.674642116e-01 1.781152934e-01 1.881821603e-01 1.972569227e-01 2.048923671e-01
 2.107310444e-01 2.146310657e-01 2.167152762e-01 2.173185945e-01 2.168605477e-01
 2.001912508e-04 3.776015947e-03 1.182583906e-02 2.431520261e-02 3.378532082e-02
 3.296202049e-02 3.089838848e-02 2.846186981e-02 2.564392239e-02 2.240226232e-02
 1.875137910e-02 1.472862810e-02 1.039492805e-02 5.831934977e-03 1.135931117e-03
-3.590445267e-03-8.246900514e-03-1.274290122e-02-1.700261049e-02-2.096693031e-02
-2.459294908e-02-2.785151452e-02-3.072373569e-02-3.319719061e-02-3.526229039e-02
-3.690915927e-02-3.812514246e-02-3.889299929e-02-3.918978199e-02-3.898640350e-02
-3.824785352e-02-3.693412989e-02-3.500190750e-02-3.240684792e-02-2.910660580e-02
-2.506417595e-02-2.025130391e-02-1.465135161e-02-8.261026815e-03-1.090615289e-03
 6.836926565e-03 1.548599638e-02 2.480233461e-02 3.469564021e-02 4.462626576e-02
 5.458028987e-02 6.455320120e-02 7.454290986e-02 8.454701304e-02 9.456297755e-02
 1.045950428e-01 1.146610007e-01 1.247404665e-01 1.347444057e-01 1.445706785e-01
 1.541043222e-01 1.632017791e-01 1.716894954e-01 1.793773770e-01 1.860861331e-01
 1.916825771e-01 1.961102188e-01 1.994016171e-01 2.016673237e-01 2.030666620e-01
 1.994862541e-04 3.762728535e-03 1.178410929e-02 2.429508045e-02 3.363028169e-02
 3.273636848e-02 3.057711571e-02 2.802485973e-02 2.506717108e-02 2.166561596e-02
 1.783958077e-02 1.363252476e-02 9.112402797e-03 4.368036054e-03-4.980300437e-04
-5.378729664e-03-1.017174218e-02-1.478700340e-02-1.915131509e-02-2.320981584e-02
-2.692477964e-02-3.027259931e-02-3.323987499e-02-3.581931815e-02-3.800594062e-02
-3.979388624e-02-4.117384553e-02-4.213124141e-02-4.264501110e-02-4.268706962e-02
-4.222236946e-02-4.120965675e-02-3.960289434e-02-3.735343367e-02-3.441290185e-02
-3.073668666e-02-2.628769539e-02-2.103993855e-02-1.498125866e-02-8.114636876e-03
-4.579863744e-04 7.956421003e-03 1.707965322e-02 2.683473378e-02 3.708554059e-02
 4.724558815e-02 5.733420700e-02 6.735558808e-02 7.730637491e-02 8.717790246e-02
 9.695511311e-02 1.066247746e-01 1.161617264e-01 1.254922748e-01 1.345485747e-01
 1.432487518e-01 1.514996439e-01 1.592015177e-01 1.662561148e-01 1.725775003e-01
 1.781037897e-01 1.828066111e-01 1.866949350e-01 1.898123920e-01 1.922290027e-01
 1.989336015e-04 3.752345219e-03 1.175158098e-02 2.417137288e-02 3.352127597e-02
 3.256449103e-02 3.033555672e-02 2.770597674e-02 2.462657355e-02 2.109416947e-02
 1.712940261e-02 1.277944539e-02 8.117316291e-03 3.237172961e-03-1.753863762e-03
-6.745693274e-03-1.163492166e-02-1.633237116e-02-2.076737024e-02-2.488872036e-02
-2.866297401e-02-3.207098693e-02-3.510368988e-02-3.775779903e-02-4.003193602e-02
-4.192338511e-02-4.342553765e-02-4.452603683e-02-4.520552233e-02-4.543701932e-02
-4.518589377e-02-4.441044107e-02-4.306312278e-02-4.109258205e-02-3.844637796e-02
-3.507443890e-02-3.093302809e-02-2.598871104e-02-2.022174932e-02-1.362804696e-02
-6.219082046e-03 1.980147790e-03 1.093379315e-02 2.059533820e-02 3.090054356e-02
 4.115510359e-02 5.131415278e-02 6.135480851e-02 7.126118988e-02 8.101751655e-02
 9.060505778e-02 1.000055596e-01 1.091903076e-01 1.181081310e-01 1.267077178e-01
 1.349331737e-01 1.427247971e-01 1.500223875e-01 1.567697078e-01 1.629193425e-01
 1.684374362e-01 1.733072400e-01 1.775307059e-01 1.811277568e-01 1.841334999e-01
 1.985386771e-04 3.744910005e-03 1.172826160e-02 2.412841655e-02 3.343641385e-02
 3.243934363e-02 3.015744872e-02 2.746377885e-02 2.430576831e-02 2.068408765e-02
 1.662298851e-02 1.217362285e-02 7.413257845e-03 2.440097276e-03-2.635473851e-03
-7.701348979e-03-1.265360694e-02-1.740395650e-02-2.188374847e-02-2.604455315e-02
-2.985607460e-02-3.330238909e-02-3.637751192e-02-3.908101097e-02-4.141405597e-02
-4.337618500e-02-4.496274516e-02-4.616302624e-02-4.695900902e-02-4.732468724e-02
-4.722595215e-02-4.662106931e-02-4.546179250e-02-4.369522631e-02-4.126643762e-02
-3.812187910e-02-3.421340138e-02-2.950255573e-02-2.396450564e-02-1.759082638e-02
-1.039044838e-02-2.388810972e-03 6.373263896e-03 1.583661325e-02 2.590812370e-02
 3.641768917e-02 4.671261832e-02 5.680765212e-02 6.670378149e-02 7.639344037e-02
 8.586326241e-02 9.509880841e-02 1.040765420e-01 1.127567813e-01 1.211003065e-01
 1.290670186e-01 1.366160214e-01 1.437076479e-01 1.503059119e-01 1.563810706e-01
 1.619118750e-01 1.668871790e-01 1.713068038e-01 1.751813591e-01 1.785311252e-01
 1.983055990e-04 3.740513697e-03 1.171445195e-02 2.413788997e-02 3.336348012e-02
 3.236443922e-02 3.005066700e-02 2.731842361e-02 2.411469072e-02 2.044131607e-02
 1.632443629e-02 1.181758009e-02 7.000597659e-03 1.974126091e-03-3.149535973e-03
-8.257158101e-03-1.324459445e-02-1.802416891e-02-2.252849750e-02-2.671084926e-02
-3.054281324e-02-3.401038051e-02-3.710939363e-02-3.984109312e-02-4.220816866e-02
-4.421148822e-02-4.584757984e-02-4.710675031e-02-4.797182977e-02-4.841746390e-02
-4.840996489e-02-4.790771380e-02-4.686219245e-02-4.521977156e-02-4.292422533e-02
-3.992009908e-02-3.615676984e-02-3.159282357e-02-2.620027773e-02-1.996771060e-02
-1.290154457e-02-5.025144201e-03 3.623425262e-03 1.299203187e-02 2.300786413e-02
 3.355527669e-02 4.388331994e-02 5.399040505e-02 6.387182325e-02 7.351882756e-02
 8.291697502e-02 9.205884486e-02 1.009399295e-01 1.095036343e-01 1.177226752e-01
 1.255654991e-01 1.330004930e-01 1.399978101e-01 1.465309411e-01 1.525782198e-01
 1.581241339e-01 1.631602943e-01 1.676859856e-01 1.717081219e-01 1.752408296e-01
 1.982390386e-04 3.739258740e-03 1.171051804e-02 2.407660894e-02 3.333899751e-02
 3.234316036e-02 3.001970612e-02 2.727588452e-02 2.405858412e-02 2.036993019e-02
 1.623656973e-02 1.171271503e-02 6.878976710e-03 1.836704207e-03-3.301241901e-03
-8.421310224e-03-1.341930218e-02-1.820773818e-02-2.271963097e-02-2.690875903e-02
-3.074729256e-02-3.422180563e-02-3.732870519e-02-4.006974772e-02-4.244809970e-02
-4.446506128e-02-4.611754417e-02-4.739620164e-02-4.828415811e-02-4.875631258e-02
-4.877915233e-02-4.831113666e-02-4.730372876e-02-4.570311680e-02-4.345272481e-02
-4.049653932e-02-3.678317368e-02-3.227027878e-02-2.692881227e-02-2.074626088e-02
-1.372799557e-02-5.896294955e-03 2.712245332e-03 1.204816625e-02 2.204377018e-02
 3.259153664e-02 4.291819781e-02 5.301755294e-02 6.288178265e-02 7.250120491e-02
 8.186811209e-02 9.098348767e-02 9.983284026e-02 1.083726138e-01 1.165646985e-01
 1.243785620e-01 1.317859888e-01 1.387606710e-01 1.452792883e-01 1.513227224e-01
 1.568773240e-01 1.619356275e-01 1.664968878e-01 1.705671102e-01 1.741587073e-01
 1.983397378e-04 3.741158871e-03 1.171649154e-02 2.414216287e-02 3.337096050e-02
 3.237572685e-02 3.006540798e-02 2.733745798e-02 2.413883060e-02 2.047115378e-02
 1.636031084e-02 1.185953245e-02 7.048350759e-03 2.027111128e-03-3.092114581e-03
-8.196229115e-03-1.318111457e-02-1.795903407e-02-2.246247791e-02-2.664454281e-02
-3.047664650e-02-3.394461051e-02-3.704414517e-02-3.977636993e-02-4.214389622e-02
-4.414754361e-02-4.578382149e-02-4.704303294e-02-4.790804163e-02-4.835354909e-02
-4.834592715e-02-4.784365743e-02-4.679833353e-02-4.515645653e-02-4.286194593e-02
-3.985950723e-02-3.609867021e-02-3.153818846e-02-2.615021914e-02-1.992345043e-02
-1.286440436e-02-4.996518604e-03 3.642058466e-03 1.299907453e-02 2.300153859e-02
 3.353358060e-02 4.384345189e-02 5.392836779e-02 6.378141791e-02 7.338889688e-02
 8.271997422e-02 9.181807935e-02 1.007813513e-01 1.093871817e-01 1.176341400e-01
 1.254976839e-01 1.329489350e-01 1.399594694e-01 1.465035677e-01 1.525600851e-01
 1.581138521e-01 1.631567180e-01 1.676881462e-01 1.717152148e-01 1.752521247e-01
 1.986047428e-04 3.746154951e-03 1.173216943e-02 2.413648181e-02 3.345010057e-02
 3.245987743e-02 3.018583916e-02 2.750127017e-02 2.435373329e-02 2.074363641e-02
 1.669479720e-02 1.225780509e-02 7.509313058e-03 2.546939300e-03-2.519393340e-03
-7.577861659e-03-1.252462249e-02-1.727128029e-02-2.174893953e-02-2.590885200e-02
-2.972036973e-02-3.316723928e-02-3.624319285e-02-3.894755989e-02-4.128135741e-02
-4.324401170e-02-4.483082891e-02-4.603110626e-02-4.682687670e-02-4.719224200e-02
-4.709324241e-02-4.648832604e-02-4.532948136e-02-4.356407374e-02-4.113746062e-02
-3.799640760e-02-3.409307823e-02-2.938930877e-02-2.386051789e-02-1.749847457e-02
-1.031224336e-02-2.327352064e-03 6.415290758e-03 1.585639082e-02 2.590265684e-02
 3.638387099e-02 4.664651304e-02 5.670432746e-02 6.655714661e-02 7.619678974e-02
 8.561523259e-02 9.483335167e-02 1.038455591e-01 1.125688627e-01 1.209505349e-01
 1.289495975e-01 1.365259588e-01 1.436408162e-01 1.502589136e-01 1.563510895e-01
 1.618965268e-01 1.668844223e-01 1.713148952e-01 1.751987785e-01 1.785565317e-01
 1.990301243e-04 3.754163627e-03 1.175728068e-02 2.418311499e-02 3.354116902e-02
 3.259446099e-02 3.037739545e-02 2.776161768e-02 2.469809167e-02 2.118328959e-02
 1.723724231e-02 1.290631294e-02 8.262615651e-03 3.399425186e-03-1.576860785e-03
-6.556609180e-03-1.143659465e-02-1.612752862e-02-2.055841312e-02-2.467758954e-02
-2.845109813e-02-3.185930476e-02-3.489269689e-02-3.754764050e-02-3.982250020e-02
-4.171439633e-02-4.321664944e-02-4.431690648e-02-4.499589652e-02-4.522680864e-02
-4.497524351e-02-4.419978335e-02-4.285325110e-02-4.088468477e-02-3.824208304e-02
-3.487583250e-02-3.074262291e-02-2.580941096e-02-2.005675994e-02-1.348076668e-02
-6.092999130e-03 2.081534360e-03 1.100698486e-02 2.063679881e-02 3.090667166e-02
 4.112258554e-02 5.123909190e-02 6.123258173e-02 7.108638436e-02 8.078419417e-02
 9.031066298e-02 9.968879074e-02 1.089150757e-01 1.178814024e-01 1.265249401e-01
 1.347893029e-01 1.426151097e-01 1.499426514e-01 1.567161232e-01 1.628885418e-01
 1.684264392e-01 1.733134240e-01 1.775517464e-01 1.811616123e-01 1.841783673e-01
 1.996120700e-04 3.765100846e-03 1.179156080e-02 2.431050688e-02 3.365680575e-02
 3.277691826e-02 3.063244745e-02 2.809835225e-02 2.516183630e-02 2.178397030e-02
 1.798335463e-02 1.380241476e-02 9.307921864e-03 4.587515257e-03-2.572730009e-04
-5.120076239e-03-9.898894466e-03-1.450360753e-02-1.886066049e-02-2.291463129e-02
-2.662714012e-02-2.997393161e-02-3.294102103e-02-3.552062064e-02-3.770740330e-02
-3.949526325e-02-4.087479413e-02-4.183142260e-02-4.234421626e-02-4.238531366e-02
-4.192000628e-02-4.090745002e-02-3.930210695e-02-3.705587983e-02-3.412098438e-02
-3.045338020e-02-2.601649612e-02-2.078475617e-02-1.474627573e-02-7.904129103e-03
-2.761684009e-04 8.105492219e-03 1.719209179e-02 2.690677531e-02 3.711355850e-02
 4.722690582e-02 5.726556852e-02 6.723305583e-02 7.712514699e-02 8.693133295e-02
 9.662961215e-02 1.062613800e-01 1.158671156e-01 1.252533197e-01 1.343578398e-01
 1.431012005e-01 1.513907015e-01 1.591269076e-01 1.662118286e-01 1.725598425e-01
 1.781094372e-01 1.828325391e-01 1.867384315e-01 1.898710430e-01 1.923006773e-01
 2.003439149e-04 3.778894199e-03 1.183486544e-02 2.433380671e-02 3.381690010e-02
 3.300987184e-02 3.096576966e-02 2.855218574e-02 2.576077357e-02 2.254896052e-02
 1.893040724e-02 1.494129188e-02 1.064111665e-02 6.110067945e-03 1.443108660e-03
-3.258109326e-03-7.893836126e-03-1.237362158e-02-1.662131399e-02-2.057721652e-02
-2.419766970e-02-2.745273151e-02-3.032278270e-02-3.279478103e-02-3.485867009e-02
-3.650426120e-02-3.771875426e-02-3.848492727e-02-3.878000751e-02-3.857521340e-02
-3.783598915e-02-3.652290627e-02-3.459329903e-02-3.200355917e-02-2.871206775e-02
-2.468249388e-02-1.988713443e-02-1.430970244e-02-7.947027683e-03-8.092742646e-04
 7.080910727e-03 1.568831503e-02 2.495903336e-02 3.480302170e-02 4.468297958e-02
 5.458460003e-02 6.450277567e-02 7.443466783e-02 8.437731862e-02 9.432940930e-02
 1.043052301e-01 1.143532619e-01 1.244646758e-01 1.345188767e-01 1.443955004e-01
 1.539754719e-01 1.631145775e-01 1.716393530e-01 1.793599874e-01 1.860975176e-01
 1.917190999e-01 1.961685568e-01 1.994788349e-01 2.017607540e-01 2.031739503e-01
 2.012109180e-04 3.795254743e-03 1.188629773e-02 2.448170073e-02 3.401071206e-02
 3.328937665e-02 3.136502579e-02 2.909576334e-02 2.647533081e-02 2.346065454e-02
 2.006098628e-02 1.630589925e-02 1.224673446e-02 7.954953238e-03 3.517451230e-03
-9.703555843e-04-5.412297789e-03-9.718541987e-03-1.381079573e-02-1.762505062e-02
-2.111189254e-02-2.423492260e-02-2.696796134e-02-2.929173410e-02-3.119056672e-02
-3.264946118e-02-3.365171328e-02-3.417723626e-02-3.420152515e-02-3.369537741e-02
-3.262528405e-02-3.095455095e-02-2.864508703e-02-2.565979399e-02-2.196539938e-02
-1.753543504e-02-1.235294715e-02-6.412468385e-03 2.791233419e-04 7.702962961e-03
 1.582963765e-02 2.462162077e-02 3.401468322e-02 4.350975156e-02 5.310377479e-02
 6.279527396e-02 7.258547843e-02 8.247742057e-02 9.247341752e-02 1.025663987e-01
 1.126851887e-01 1.230196357e-01 1.342344582e-01 1.453173906e-01 1.563957781e-01
 1.673778743e-01 1.780723333e-01 1.881773472e-01 1.972855031e-01 2.049500346e-01
 2.108139396e-01 2.147357017e-01 2.168385684e-01 2.174577713e-01 2.170131654e-01
 2.021874825e-04 3.813680960e-03 1.194422599e-02 2.458110265e-02 3.421603143e-02
 3.360390663e-02 3.181460127e-02 2.970778756e-02 2.727996744e-02 2.449143305e-02
 2.134586871e-02 1.786594652e-02 1.409454364e-02 1.009374484e-02 5.941307638e-03
 1.725030947e-03-2.463973826e-03-6.537825800e-03-1.041709073e-02-1.403398905e-02
-1.733345352e-02-2.027234435e-02-2.281738445e-02-2.494242787e-02-2.662557922e-02
-2.784655988e-02-2.858456969e-02-2.881676517e-02-2.851743251e-02-2.765788510e-02
-2.620705403e-02-2.413276769e-02-2.140359022e-02-1.799111627e-02-1.387241669e-02
-9.032347240e-03-3.465391230e-03 2.822980983e-03 9.814781137e-03 1.747485995e-02
 2.573950216e-02 3.458906338e-02 4.358484223e-02 5.273179337e-02 6.203407422e-02
 7.149808109e-02 8.113435656e-02 9.095863253e-02 1.009930819e-01 1.112712920e-01
 1.218646839e-01 1.329534650e-01 1.446457356e-01 1.568400264e-01 1.695061177e-01
 1.826285124e-01 1.960963011e-01 2.095494717e-01 2.221177071e-01 2.323557585e-01
 2.390034050e-01 2.416203320e-01 2.406850904e-01 2.375152558e-01 2.334581465e-01
 2.032433549e-04 3.833598224e-03 1.200682763e-02 2.469519153e-02 3.440974280e-02
 3.394306824e-02 3.229841590e-02 3.036348708e-02 2.813419700e-02 2.560409531e-02
 2.274572663e-02 1.957832836e-02 1.613796130e-02 1.247785706e-02 8.666329086e-03
 4.782594275e-03 9.112986736e-04-2.863211092e-03-6.461850367e-03-9.814270772e-03
-1.286055334e-02-1.555122994e-02-1.784603484e-02-1.971187629e-02-2.112054080e-02
-2.204649895e-02-2.246510237e-02-2.235135809e-02-2.167933807e-02-2.042229846e-02
-1.855342276e-02-1.604715921e-02-1.288093999e-02-9.037058800e-03-4.504341632e-03
 7.208007155e-04 6.634421181e-03 1.322623622e-02 2.048476227e-02 2.839190513e-02
 3.650074080e-02 4.485535994e-02 5.342667177e-02 6.220263243e-02 7.118191570e-02
 8.037061244e-02 8.978430182e-02 9.945040196e-02 1.094051972e-01 1.196962968e-01
 1.303914636e-01 1.417851895e-01 1.541577578e-01 1.673449725e-01 1.815420240e-01
 1.970598847e-01 2.143342942e-01 2.340173274e-01 2.574544549e-01 2.756530941e-01
 2.880803347e-01 2.860870659e-01 2.726029158e-01 2.595643103e-01 2.494351566e-01
 2.043454297e-04 3.854405135e-03 1.207228005e-02 2.490782551e-02 3.462264687e-02
 3.430027887e-02 3.280784935e-02 3.105733916e-02 2.904761955e-02 2.677834593e-02
 2.422198281e-02 2.139125578e-02 1.831470430e-02 1.503670309e-02 1.161598694e-02
 8.122576401e-03 4.633478355e-03 1.227898407e-03-2.017240738e-03-5.030800123e-03
-7.749567740e-03-1.011900231e-02-1.209280267e-02-1.363168750e-02-1.470178925e-02
-1.527304389e-02-1.531785633e-02-1.481023431e-02-1.372548845e-02-1.204052381e-02
-9.734676220e-03-6.790940184e-03-3.197402228e-03 1.051374595e-03 5.953272339e-03
 1.149763260e-02 1.766611822e-02 2.442050353e-02 3.176560625e-02 3.932119161e-02
 4.709095508e-02 5.507745594e-02 6.327696145e-02 7.168761641e-02 8.031253517e-02
 8.915974200e-02 9.824920446e-02 1.076155156e-01 1.173001304e-01 1.273566633e-01
 1.378565729e-01 1.491199732e-01 1.614803970e-01 1.747892201e-01 1.893440336e-01
 2.056252062e-01 2.243834734e-01 2.468355149e-01 2.747557461e-01 2.964960933e-01
 3.084411919e-01 3.054693639e-01 2.879601419e-01 2.701829374e-01 2.570523322e-01
 2.054548822e-04 3.875355469e-03 1.213818043e-02 2.496346086e-02 3.485759348e-02
 3.465844691e-02 3.332192451e-02 3.175806627e-02 2.996822633e-02 2.795341983e-02
 2.571363933e-02 2.323550172e-02 2.054396458e-02 1.767686568e-02 1.468465850e-02
 1.162856445e-02 8.577508852e-03 5.604359321e-03 2.782123629e-03 1.806654909e-04
-2.135652583e-03-4.109263420e-03-5.689707585e-03-6.833210122e-03-7.501833607e-03
-7.662529126e-03-7.286328822e-03-6.347863935e-03-4.825296812e-03-2.700671554e-03
 3.936291250e-05 3.402653616e-03 7.390720304e-03 1.199794188e-02 1.721248031e-02
 2.300686762e-02 2.939807810e-02 3.604520485e-02 4.298150539e-02 5.017291754e-02
 5.759659410e-02 6.523503363e-02 7.307394594e-02 8.110476285e-02 8.932722360e-02
 9.774935246e-02 1.063991487e-01 1.153056175e-01 1.245056316e-01 1.340511143e-01
 1.440346986e-01 1.546547413e-01 1.660701036e-01 1.782978624e-01 1.914684474e-01
 2.058139890e-01 2.216379493e-01 2.392935157e-01 2.589558661e-01 2.744080424e-01
 2.826409042e-01 2.820354104e-01 2.726896405e-01 2.615364492e-01 2.520873547e-01
 2.065301815e-04 3.895668080e-03 1.220212225e-02 2.512645908e-02 3.510293737e-02
 3.500822932e-02 3.382319584e-02 3.244247660e-02 3.087040596e-02 2.911202610e-02
 2.717358805e-02 2.504194714e-02 2.273696288e-02 2.029027231e-02 1.774493232e-02
 1.515408605e-02 1.257871650e-02 1.008474175e-02 7.739901077e-03 5.610831548e-03
 3.760698484e-03 2.247560071e-03 1.123470254e-03 4.342026368e-04 2.193807304e-04
 5.127979675e-04 1.342733856e-03 2.732131863e-03 4.698635079e-03 7.254518103e-03
 1.040613744e-02 1.415333245e-02 1.849030331e-02 2.339824289e-02 2.889717929e-02
 3.469095007e-02 4.080842435e-02 4.721825942e-02 5.389957502e-02 6.082968786e-02
 6.798633933e-02 7.534553856e-02 8.287110925e-02 9.051340818e-02 9.826474637e-02
 1.061764061e-01 1.142765805e-01 1.225818545e-01 1.311111003e-01 1.398857683e-01
 1.489017755e-01 1.582929939e-01 1.684897244e-01 1.789566278e-01 1.898073554e-01
 2.010067850e-01 2.124001980e-01 2.236040533e-01 2.338525951e-01 2.420354933e-01
 2.471924126e-01 2.489715517e-01 2.477505058e-01 2.445092946e-01 2.402980924e-01
 2.075256198e-04 3.914473113e-03 1.226135530e-02 2.524602786e-02 3.531697392e-02
 3.533356264e-02 3.428980336e-02 3.308021277e-02 3.171143681e-02 3.019096330e-02
 2.852709778e-02 2.672868036e-02 2.479735948e-02 2.276155725e-02 2.065925300e-02
 1.853724010e-02 1.644958742e-02 1.445549633e-02 1.261682436e-02 1.099558827e-02
 9.651734494e-03 8.641351014e-03 8.015397005e-03 7.818898186e-03 8.090510964e-03
 8.862346411e-03 1.015998144e-02 1.200231910e-02 1.440176088e-02 1.736656763e-02
 2.089932188e-02 2.499066293e-02 2.966212481e-02 3.466889635e-02 4.003202170e-02
 4.572073370e-02 5.171336979e-02 5.798654631e-02 6.451757997e-02 7.128462195e-02
 7.826730609e-02 8.544924110e-02 9.287003428e-02 1.000707597e-01 1.071985066e-01
 1.145442277e-01 1.220407039e-01 1.296704113e-01 1.374284327e-01 1.453181803e-01
 1.533615589e-01 1.616214961e-01 1.701091677e-01 1.787208468e-01 1.873515397e-01
 1.958762854e-01 2.041075677e-01 2.117750347e-01 2.185340524e-01 2.240216881e-01
 2.279542834e-01 2.302205414e-01 2.309184223e-01 2.303162962e-01 2.287593484e-01
 2.083922736e-04 3.930846229e-03 1.231298037e-02 2.532735467e-02 3.549158201e-02
 3.561841324e-02 3.470050544e-02 3.364372626e-02 3.245727345e-02 3.115154058e-02
 2.973805368e-02 2.822952531e-02 2.663998678e-02 2.498451062e-02 2.329772711e-02
 2.162173018e-02 2.000500076e-02 1.850082166e-02 1.716529950e-02 1.605525054e-02
 1.522616856e-02 1.473042089e-02 1.461581327e-02 1.492451970e-02 1.569216326e-02
 1.694727130e-02 1.871232688e-02 2.100152150e-02 2.381367236e-02 2.716275491e-02
 3.107834235e-02 3.536886349e-02 4.004951194e-02 4.509154707e-02 5.047233030e-02
 5.616651103e-02 6.214845926e-02 6.839270145e-02 7.487462461e-02 8.157079667e-02
 8.845962584e-02 9.555238485e-02 1.026770249e-01 1.092871651e-01 1.161142141e-01
 1.230096221e-01 1.299484819e-01 1.369135827e-01 1.438900828e-01 1.508621275e-01
 1.578037888e-01 1.648141891e-01 1.719886959e-01 1.790381372e-01 1.858971715e-01
 1.924752891e-01 1.986510754e-01 2.042791694e-01 2.092034668e-01 2.132797986e-01
 2.164036930e-01 2.185339630e-01 2.197022587e-01 2.200045884e-01 2.195789367e-01
 2.090763155e-04 3.943786025e-03 1.235396415e-02 2.549914829e-02 3.564700112e-02
 3.584985062e-02 3.503489494e-02 3.410489112e-02 3.307166323e-02 3.194851428e-02
 3.075005859e-02 2.949221246e-02 2.819227427e-02 2.686907351e-02 2.555015683e-02
 2.427431382e-02 2.308569103e-02 2.203287557e-02 2.116705850e-02 2.054020949e-02
 2.020324208e-02 2.020423114e-02 2.058695070e-02 2.139064297e-02 2.264769375e-02
 2.437783033e-02 2.661073022e-02 2.938800678e-02 3.257214651e-02 3.618998080e-02
 4.024291784e-02 4.470218718e-02 4.954458401e-02 5.474371463e-02 6.027125195e-02
 6.609702110e-02 7.218987495e-02 7.851894945e-02 8.505557477e-02 9.177684039e-02
 9.868221730e-02 1.058382317e-01 1.122658551e-01 1.188508496e-01 1.254226714e-01
 1.319421679e-01 1.383850873e-01 1.447320580e-01 1.509676725e-01 1.570795774e-01
 1.630625874e-01 1.689985991e-01 1.749227494e-01 1.806499511e-01 1.861035675e-01
 1.912218481e-01 1.959365904e-01 2.001750618e-01 2.038660198e-01 2.069483995e-01
 2.093806863e-01 2.111483812e-01 2.122671008e-01 2.127805799e-01 2.127540410e-01
 2.095055243e-04 3.951942548e-03 1.238016970e-02 2.547083609e-02 3.577094525e-02
 3.601009399e-02 3.526970372e-02 3.443265334e-02 3.351551294e-02 3.253467008e-02
 3.150762618e-02 3.045303188e-02 2.939082868e-02 2.834234759e-02 2.733031288e-02
 2.639330365e-02 2.557102218e-02 2.490977384e-02 2.445729636e-02 2.426204830e-02
 2.437178977e-02 2.483116649e-02 2.567698061e-02 2.695290744e-02 2.871149592e-02
 3.087094985e-02 3.346610442e-02 3.651261702e-02 4.000167921e-02 4.392768443e-02
 4.828020930e-02 5.304107070e-02 5.818650872e-02 6.368739158e-02 6.950963289e-02
 7.561486959e-02 8.196167648e-02 8.850706369e-02 9.520830959e-02 1.020293161e-01
 1.089355573e-01 1.158210337e-01 1.225748137e-01 1.291678399e-01 1.355877817e-01
 1.418121308e-01 1.478182971e-01 1.535886675e-01 1.591115594e-01 1.643828899e-01
 1.694267839e-01 1.743786335e-01 1.792503446e-01 1.838545650e-01 1.881274432e-01
 1.920432299e-01 1.955763996e-01 1.986994743e-01 2.013859749e-01 2.036142647e-01
 2.053715438e-01 2.066568136e-01 2.074823529e-01 2.078734189e-01 2.078661025e-01
 2.095753880e-04 3.953353036e-03 1.238550153e-02 2.550441772e-02 3.582070395e-02
 3.606859595e-02 3.537397459e-02 3.458825871e-02 3.374282271e-02 3.285769001e-02
 3.195269406e-02 3.104853630e-02 3.016731888e-02 2.933283336e-02 2.857089788e-02
 2.790973522e-02 2.737696469e-02 2.703463100e-02 2.692515589e-02 2.709482424e-02
 2.759407461e-02 2.848041244e-02 2.972065099e-02 3.135668486e-02 3.341779113e-02
 3.591534868e-02 3.886238113e-02 4.226757213e-02 4.613270983e-02 5.045397952e-02
 5.522130057e-02 6.041740626e-02 6.601726264e-02 7.198734581e-02 7.828495651e-02
 8.485832065e-02 9.164858609e-02 9.859354049e-02 1.056393534e-01 1.127889976e-01
 1.200496033e-01 1.272167712e-01 1.341617107e-01 1.408342868e-01 1.471883953e-01
 1.531853974e-01 1.587967575e-01 1.640061289e-01 1.688094139e-01 1.732092649e-01
 1.772007495e-01 1.813735813e-01 1.853002012e-01 1.888248771e-01 1.919731647e-01
 1.947626323e-01 1.972016990e-01 1.992933154e-01 2.010377795e-01 2.024353743e-01
 2.034886032e-01 2.042040378e-01 2.045935094e-01 2.046743184e-01 2.044689059e-01
 2.091352508e-04 3.945214674e-03 1.236143894e-02 2.547271736e-02 3.573119640e-02
 3.598128632e-02 3.527979553e-02 3.451267257e-02 3.369294479e-02 3.285560757e-02
 3.202124685e-02 3.121175803e-02 3.045032918e-02 2.976200171e-02 2.917423844e-02
 2.871751040e-02 2.842595242e-02 2.833912335e-02 2.849731781e-02 2.894122899e-02
 2.971060947e-02 3.084150143e-02 3.236019239e-02 3.429485857e-02 3.667103499e-02
 3.950947151e-02 4.282678291e-02 4.663481191e-02 5.093990266e-02 5.574235693e-02
 6.103570014e-02 6.680563092e-02 7.302857935e-02 7.966958731e-02 8.667922020e-02
 9.398720413e-02 1.014878526e-01 1.090542600e-01 1.169036701e-01 1.248091236e-01
 1.326403320e-01 1.402716637e-01 1.475915909e-01 1.544988602e-01 1.609080434e-01
 1.667535007e-01 1.719921827e-01 1.766053885e-01 1.806042641e-01 1.840140373e-01
 1.874671429e-01 1.906283647e-01 1.933313459e-01 1.956219673e-01 1.975492388e-01
 1.991520375e-01 2.004600763e-01 2.014952153e-01 2.022733539e-01 2.028063983e-01
 2.031042427e-01 2.031763792e-01 2.030331939e-01 2.026865929e-01 2.021504641e-01
 2.079387632e-04 3.922990523e-03 1.229456905e-02 2.530665323e-02 3.550430015e-02
 3.570822254e-02 3.494336084e-02 3.413205221e-02 3.329522908e-02 3.245867789e-02
 3.164567426e-02 3.087710030e-02 3.017489240e-02 2.956321836e-02 2.906922065e-02
 2.872341499e-02 2.855976485e-02 2.861539088e-02 2.892948687e-02 2.954227105e-02
 3.049377166e-02 3.182250634e-02 3.356434777e-02 3.575281054e-02 3.841834888e-02
 4.158759117e-02 4.528286308e-02 4.952173308e-02 5.431657657e-02 5.967419967e-02
 6.559532136e-02 7.207378745e-02 7.909496874e-02 8.663317561e-02 9.464772791e-02
 1.030705199e-01 1.118918881e-01 1.203626245e-01 1.291638613e-01 1.380771697e-01
 1.468971074e-01 1.554360986e-01 1.635130048e-01 1.709608436e-01 1.776401252e-01
 1.834492981e-01 1.883242577e-01 1.922785193e-01 1.953807175e-01 1.982337236e-01
 2.004383653e-01 2.020905465e-01 2.032829821e-01 2.041001320e-01 2.046137750e-01
 2.048814744e-01 2.049469054e-01 2.048416287e-01 2.045875937e-01 2.041995525e-01
 2.036875188e-01 2.030585706e-01 2.023184896e-01 2.014727890e-01 2.005273998e-01
 2.055256482e-04 3.878123593e-03 1.215908676e-02 2.511588670e-02 3.508763388e-02
 3.515297547e-02 3.426112235e-02 3.335281834e-02 3.245423362e-02 3.158415481e-02
 3.075738251e-02 2.998800389e-02 2.929286659e-02 2.869321406e-02 2.821520530e-02
 2.788989246e-02 2.775283903e-02 2.784351818e-02 2.820444666e-02 2.888016962e-02
 2.991611883e-02 3.135742247e-02 3.324776515e-02 3.562843800e-02 3.853744268e-02
 4.200871661e-02 4.607158899e-02 5.075045303e-02 5.606470630e-02 6.202889979e-02
 6.865316629e-02 7.594409585e-02 8.390679210e-02 9.254727513e-02 1.017946750e-01
 1.113900989e-01 1.212603152e-01 1.315129846e-01 1.420574337e-01 1.527193040e-01
 1.632721871e-01 1.734424978e-01 1.829304993e-01 1.914512217e-01 1.987204403e-01
 2.046827227e-01 2.092959434e-01 2.125201821e-01 2.145659029e-01 2.156184763e-01
 2.158932090e-01 2.155875415e-01 2.148716152e-01 2.138812989e-01 2.127180099e-01
 2.114530504e-01 2.101337016e-01 2.087890357e-01 2.074350566e-01 2.060788721e-01
 2.047219276e-01 2.033623457e-01 2.019967586e-01 2.006214112e-01 1.992330104e-01
 2.011205797e-04 3.795705503e-03 1.190695819e-02 2.455528453e-02 3.432066366e-02
 3.410843387e-02 3.301402926e-02 3.198557720e-02 3.103257529e-02 3.014290892e-02
 2.930539288e-02 2.851840667e-02 2.779128216e-02 2.714305185e-02 2.660095505e-02
 2.619927935e-02 2.597845718e-02 2.598424070e-02 2.626679651e-02 2.687962912e-02
 2.787828073e-02 2.931881696e-02 3.125620261e-02 3.374269977e-02 3.682642803e-02
 4.055024683e-02 4.495110363e-02 5.005988106e-02 5.590175465e-02 6.249701977e-02
 6.986214221e-02 7.801061124e-02 8.695273846e-02 9.668737650e-02 1.071585491e-01
 1.182834655e-01 1.300835013e-01 1.425347775e-01 1.555363834e-01 1.688972265e-01
 1.823094189e-01 1.953910738e-01 2.075390369e-01 2.181956470e-01 2.268707752e-01
 2.331232131e-01 2.369020283e-01 2.383982837e-01 2.380262315e-01 2.363058478e-01
 2.337320000e-01 2.306972742e-01 2.274766415e-01 2.242459953e-01 2.211089283e-01
 2.181200385e-01 2.153023630e-01 2.126593739e-01 2.101829946e-01 2.078588307e-01
 2.056695819e-01 2.035971880e-01 2.016241997e-01 1.997345835e-01 1.979141235e-01
 1.941276569e-04 3.662327304e-03 1.148044039e-02 2.366787568e-02 3.281278908e-02
 3.202739730e-02 3.068174049e-02 2.971061133e-02 2.889977209e-02 2.812023647e-02
 2.733122185e-02 2.652988769e-02 2.573177777e-02 2.496335469e-02 2.425938845e-02
 2.366201207e-02 2.322039008e-02 2.299048938e-02 2.303463407e-02 2.342059277e-02
 2.422006056e-02 2.550646290e-02 2.735225298e-02 2.982602082e-02 3.298983723e-02
 3.689726815e-02 4.159248620e-02 4.711050540e-02 5.347782373e-02 6.071456894e-02
 6.883963943e-02 7.787071168e-02 8.781976998e-02 9.872022271e-02 1.106361374e-01
 1.235148758e-01 1.374686211e-01 1.525385380e-01 1.687058955e-01 1.861108840e-01
 2.042874694e-01 2.227276862e-01 2.402858734e-01 2.553278208e-01 2.664983571e-01
 2.730479836e-01 2.748337984e-01 2.723770142e-01 2.669672966e-01 2.601567209e-01
 2.530265152e-01 2.461349219e-01 2.397234291e-01 2.338709235e-01 2.285773903e-01
 2.238066643e-01 2.195079625e-01 2.156267017e-01 2.121096998e-01 2.089077085e-01
 2.059762478e-01 2.032759786e-01 2.007724941e-01 1.984359622e-01 1.962408721e-01
 1.862682839e-04 3.509699367e-03 1.096861064e-02 2.250776440e-02 3.025727905e-02
 2.626540698e-02 2.614121139e-02 2.666859329e-02 2.639787085e-02 2.584571205e-02
 2.510988899e-02 2.424227819e-02 2.328587137e-02 2.228317223e-02 2.127980813e-02
 2.032697015e-02 1.948340796e-02 1.881705783e-02 1.840602793e-02 1.833854802e-02
 1.871142909e-02 1.962665096e-02 2.118590660e-02 2.348422073e-02 2.660511248e-02
 3.061574325e-02 3.556166589e-02 4.147792980e-02 4.839642346e-02 5.629077554e-02
 6.516750902e-02 7.508703321e-02 8.600930125e-02 9.798762947e-02 1.111870185e-01
 1.257394403e-01 1.417984515e-01 1.595989615e-01 1.793295443e-01 2.014057636e-01
 2.262866646e-01 2.545039654e-01 2.862196267e-01 3.113146126e-01 3.277528882e-01
 3.340050578e-01 3.330647945e-01 3.185944259e-01 2.997755408e-01 2.837078273e-01
 2.701695263e-01 2.587238252e-01 2.489849031e-01 2.406367213e-01 2.334260345e-01
 2.271509171e-01 2.216498107e-01 2.167926282e-01 2.124737054e-01 2.086065263e-01
 2.051197290e-01 2.019540668e-01 1.990601420e-01 1.963965446e-01 1.939285845e-01
 1.815842988e-04 3.419694025e-03 1.067650132e-02 2.183522470e-02 2.921760082e-02
 2.551045455e-02 2.459677495e-02 2.490700781e-02 2.461763471e-02 2.398767695e-02
 2.308968455e-02 2.197618596e-02 2.069368213e-02 1.928652264e-02 1.780066453e-02
 1.628762856e-02 1.480869576e-02 1.343929768e-02 1.227330416e-02 1.142585184e-02
 1.103216223e-02 1.124559715e-02 1.223045029e-02 1.412468124e-02 1.703276671e-02
 2.107533999e-02 2.626180090e-02 3.257102519e-02 4.011735320e-02 4.876047745e-02
 5.845117941e-02 6.922086328e-02 8.108827472e-02 9.408544749e-02 1.083520576e-01
 1.240400970e-01 1.413823962e-01 1.607169360e-01 1.825324893e-01 2.075662017e-01
 2.369561195e-01 2.724580169e-01 3.163722456e-01 3.497060835e-01 3.705429435e-01
 3.757001758e-01 3.748739958e-01 3.482538462e-01 3.182205856e-01 2.953492701e-01
 2.775818706e-01 2.633884549e-01 2.517749071e-01 2.420877963e-01 2.338814735e-01
 2.268403322e-01 2.207332253e-01 2.153859138e-01 2.106639743e-01 2.064615041e-01
 2.026937753e-01 1.992920488e-01 1.961999387e-01 1.933708191e-01 1.907658577e-01
 1.819697791e-04 3.427848220e-03 1.070785150e-02 2.197300643e-02 2.943559363e-02
 2.636297047e-02 2.486287430e-02 2.459297888e-02 2.391233668e-02 2.286829427e-02
 2.153596841e-02 1.995578408e-02 1.815672219e-02 1.616066881e-02 1.399861835e-02
 1.170455385e-02 9.320626967e-03 6.916191429e-03 4.581165500e-03 2.462130273e-03
 7.650456391e-04-3.272774338e-04-4.324742185e-04 6.722364342e-04 3.193620592e-03
 7.246941328e-03 1.288137119e-02 1.999548264e-02 2.844873443e-02 3.809655458e-02
 4.879389703e-02 6.047208980e-02 7.311851531e-02 8.676931262e-02 1.015136614e-01
 1.174945608e-01 1.349165440e-01 1.540631503e-01 1.753267050e-01 1.992594749e-01
 2.266705334e-01 2.588812709e-01 2.988857329e-01 3.288739026e-01 3.480917215e-01
 3.528004885e-01 3.543333113e-01 3.305872381e-01 3.048229814e-01 2.852753103e-01
 2.696065307e-01 2.567267418e-01 2.459549904e-01 2.368207127e-01 2.289841622e-01
 2.221930325e-01 2.162556201e-01 2.110233158e-01 2.063788772e-01 2.022284120e-01
 1.984956861e-01 1.951181293e-01 1.920439005e-01 1.892297119e-01 1.866391748e-01
 1.862446807e-04 3.512639087e-03 1.100526936e-02 2.266008779e-02 3.108223528e-02
 2.937430516e-02 2.731504850e-02 2.571850829e-02 2.413081937e-02 2.237986214e-02
 2.042124607e-02 1.823585667e-02 1.580660231e-02 1.311173663e-02 1.014795434e-02
 6.909947377e-03 3.382563125e-03-4.202842538e-04-4.450692330e-03-8.594003506e-03
-1.260959823e-02-1.600980200e-02-1.825504191e-02-1.869136654e-02-1.682041772e-02
-1.243689097e-02-5.656491965e-03 3.109635785e-03 1.334053464e-02 2.461303025e-02
 3.666742146e-02 4.938006774e-02 6.271993369e-02 7.671575248e-02 9.143585712e-02
 1.069761291e-01 1.234517097e-01 1.409877241e-01 1.597021967e-01 1.796665788e-01
 2.008088082e-01 2.226678729e-01 2.438495755e-01 2.617864907e-01 2.745913565e-01
 2.813899815e-01 2.820211649e-01 2.770140767e-01 2.684098482e-01 2.587393224e-01
 2.493032068e-01 2.405710369e-01 2.326647341e-01 2.255698442e-01 2.192212641e-01
 2.135390192e-01 2.084432989e-01 2.038603574e-01 1.997243911e-01 1.959777027e-01
 1.925700754e-01 1.894580275e-01 1.866038740e-01 1.839749962e-01 1.815431416e-01
 1.902976946e-04 3.592092311e-03 1.127543394e-02 2.328016050e-02 3.223760426e-02
 3.100707941e-02 2.882125415e-02 2.660251595e-02 2.433372103e-02 2.196136676e-02
 1.942895725e-02 1.668401249e-02 1.367244776e-02 1.033203304e-02 6.610873155e-03
 2.439020667e-03-2.281021327e-03-7.651016582e-03-1.378205605e-02-2.077294700e-02
-2.863738127e-02-3.704167157e-02-4.439473897e-02-4.818857834e-02-4.753131047e-02
-4.191846400e-02-3.143868968e-02-1.812683046e-02-4.177564289e-03 9.782508016e-03
 2.365763858e-02 3.749939799e-02 5.140135810e-02 6.546414644e-02 7.978142053e-02
 9.443169832e-02 1.094697863e-01 1.249136478e-01 1.407225132e-01 1.567620039e-01
 1.727544516e-01 1.882257313e-01 2.024936974e-01 2.147675157e-01 2.243493497e-01
 2.308093160e-01 2.340719104e-01 2.344369292e-01 2.325185239e-01 2.290639579e-01
 2.247419059e-01 2.200399786e-01 2.152710855e-01 2.106192857e-01 2.061840743e-01
 2.020125836e-01 1.981206387e-01 1.945059747e-01 1.911562830e-01 1.880541593e-01
 1.851799637e-01 1.825135946e-01 1.800354421e-01 1.777269542e-01 1.755709052e-01
 1.908180129e-04 3.602706594e-03 1.131311245e-02 2.341238782e-02 3.234842420e-02
 3.113164380e-02 2.883892693e-02 2.640151605e-02 2.383942902e-02 2.114133351e-02
 1.827272214e-02 1.518242247e-02 1.180449035e-02 8.056134917e-03 3.844153369e-03
-9.534199489e-04-6.509220228e-03-1.304839645e-02-2.088990621e-02-3.050626069e-02
-4.264352843e-02-5.864852294e-02-8.129940927e-02-8.436051011e-02-8.655281365e-02
-8.118859679e-02-5.963862315e-02-3.758950531e-02-1.903494075e-02-2.503606724e-03
 1.276232395e-02 2.722932212e-02 4.120560735e-02 5.490066484e-02 6.845554709e-02
 8.195773512e-02 9.544643760e-02 1.089110672e-01 1.222848073e-01 1.354355812e-01
 1.481586248e-01 1.601783186e-01 1.711678356e-01 1.807916611e-01 1.887632608e-01
 1.949003637e-01 1.991607994e-01 2.016489953e-01 2.025910169e-01 2.022848427e-01
 2.010437995e-01 1.991525590e-01 1.968446374e-01 1.942982078e-01 1.916421056e-01
 1.889656037e-01 1.863281429e-01 1.837674081e-01 1.813057810e-01 1.789550334e-01
 1.767196953e-01 1.745994985e-01 1.725910902e-01 1.706891954e-01 1.688874215e-01
 1.864255755e-04 3.522196319e-03 1.107706130e-02 2.291226946e-02 3.168239444e-02
 3.027820587e-02 2.781575918e-02 2.523864061e-02 2.256286331e-02 1.977287233e-02
 1.683045924e-02 1.368068997e-02 1.025426947e-02 6.466262974e-03 2.212565159e-03
-2.638872480e-03-8.261590265e-03-1.489121187e-02-2.286081947e-02-3.266378492e-02
-4.507589340e-02-6.145265698e-02-8.242749423e-02-8.793292195e-02-9.032720327e-02
-8.471415192e-02-6.389370561e-02-4.202625528e-02-2.376411110e-02-7.676526904e-03
 7.005576510e-03 2.075308561e-02 3.386906162e-02 4.655143991e-02 5.892620981e-02
 7.106517255e-02 8.299500495e-02 9.470130503e-02 1.061301902e-01 1.171896532e-01
 1.277529448e-01 1.376662999e-01 1.467624903e-01 1.548799425e-01 1.618845463e-01
 1.676897109e-01 1.722694933e-01 1.756617725e-01 1.779607534e-01 1.793011278e-01
 1.798385829e-01 1.797314882e-01 1.791272908e-01 1.781545132e-01 1.769198924e-01
 1.755086780e-01 1.739870012e-01 1.724048257e-01 1.707990170e-01 1.691961437e-01
 1.676148027e-01 1.660675406e-01 1.645624042e-01 1.631040424e-01 1.616946906e-01
 1.741492015e-04 3.296820913e-03 1.041625533e-02 2.174279653e-02 2.994174697e-02
 2.815957554e-02 2.552334964e-02 2.293829620e-02 2.036455460e-02 1.774405874e-02
 1.501561329e-02 1.211706642e-02 8.983528242e-03 5.544496700e-03 1.720657572e-03
-2.579588676e-03-7.463480812e-03-1.305597369e-02-1.949752122e-02-2.692848258e-02
-3.542817011e-02-4.475814477e-02-5.324690044e-02-5.797052011e-02-5.817772076e-02
-5.331259221e-02-4.334928468e-02-3.067636304e-02-1.777981222e-02-5.244577304e-03
 6.851672661e-03 1.854854822e-02 2.990794368e-02 4.098474234e-02 5.181677639e-02
 6.242137030e-02 7.279430330e-02 8.290977031e-02 9.272114933e-02 1.021628901e-01
 1.111539677e-01 1.196033135e-01 1.274173409e-01 1.345089227e-01 1.408068091e-01
 1.462637633e-01 1.508621424e-01 1.546155065e-01 1.575664282e-01 1.597808003e-01
 1.613403261e-01 1.623345017e-01 1.628535390e-01 1.629830003e-01 1.628002971e-01
 1.623730063e-01 1.617583781e-01 1.610037982e-01 1.601477265e-01 1.592208892e-01
 1.582473963e-01 1.572459638e-01 1.562308371e-01 1.552127302e-01 1.541995257e-01
 1.472767617e-04 2.795770299e-03 8.898689412e-03 1.881369017e-02 2.576258779e-02
 2.359803393e-02 2.124421671e-02 1.913628355e-02 1.708379574e-02 1.498836186e-02
 1.278677210e-02 1.043095067e-02 7.879291661e-03 5.092747509e-03 2.033556346e-03
-1.333729946e-03-5.038126837e-03-9.092866443e-03-1.347678527e-02-1.810000278e-02
-2.274738066e-02-2.700933442e-02-3.026834689e-02-3.184561059e-02-3.123045526e-02
-2.821905166e-02-2.297164127e-02-1.597591676e-02-7.838539779e-03 9.450071375e-04
 1.005320810e-02 1.929711923e-02 2.856785990e-02 3.779966384e-02 4.694730788e-02
 5.597291887e-02 6.483840197e-02 7.350135595e-02 8.191330731e-02 9.001967311e-02
 9.776118398e-02 1.050765365e-01 1.119060367e-01 1.181957945e-01 1.239019781e-01
 1.289944202e-01 1.334591061e-01 1.372990906e-01 1.405337453e-01 1.431965828e-01
 1.453320086e-01 1.469916552e-01 1.482306719e-01 1.491046548e-01 1.496670097e-01
 1.499673873e-01 1.500504911e-01 1.499557346e-01 1.497171819e-01 1.493637860e-01
 1.489198357e-01 1.484054625e-01 1.478371918e-01 1.472284645e-01 1.465900689e-01
 1.015937378e-04 1.918264665e-03 6.041264627e-03 1.259322837e-02 1.555386558e-02
 1.550718769e-02 1.495223120e-02 1.409900282e-02 1.302327774e-02 1.175403129e-02
 1.030231640e-02 8.671720512e-03 6.862897426e-03 4.876429215e-03 2.715508919e-03
 3.892289533e-04-2.082893625e-03-4.664391279e-03-7.292402908e-03-9.864813648e-03
-1.222603023e-02-1.415951457e-02-1.540082227e-02-1.567926444e-02-1.477733906e-02
-1.258304436e-02-9.113593958e-03-4.501468036e-03 1.050466322e-03 7.322054822e-03
 1.411380898e-02 2.126250230e-02 2.864094265e-02 3.615081310e-02 4.371424019e-02
 5.126651749e-02 5.875061080e-02 6.611347198e-02 7.330384105e-02 8.027132601e-02
 8.696651459e-02 9.334195405e-02 9.935361147e-02 1.049627662e-01 1.101378426e-01
 1.148560867e-01 1.191046163e-01 1.228809357e-01 1.261925995e-01 1.290562153e-01
 1.314960122e-01 1.335419118e-01 1.352276951e-01 1.365890503e-01 1.376620233e-01
 1.384817362e-01 1.390813887e-01 1.394916326e-01 1.397402436e-01 1.398519576e-01
 1.398485303e-01 1.397488415e-01 1.395691484e-01 1.393232942e-01 1.390230209e-01
 5.363621312e-05 9.882120648e-04 2.922582906e-03 5.333560985e-03 7.327589206e-03
 8.573518135e-03 9.200846776e-03 9.355586022e-03 9.148749523e-03 8.657479659e-03
 7.935339585e-03 7.021741010e-03 5.948905833e-03 4.746997263e-03 3.448160365e-03
 2.089773305e-03 7.165554562e-04-6.197605398e-04-1.865123282e-03-2.971146023e-03
-3.894247347e-03-4.570756108e-03-4.885582719e-03-4.675072152e-03-3.774529789e-03
-2.073348034e-03 4.630018375e-04 3.801703220e-03 7.863069884e-03 1.254195720e-02
 1.772534475e-02 2.330408990e-02 2.917900309e-02 3.526265919e-02 4.147871211e-02
 4.776006564e-02 5.404684320e-02 6.028461829e-02 6.642314047e-02 7.241560519e-02
 7.821842283e-02 8.379148692e-02 8.909871429e-02 9.410878271e-02 9.879595041e-02
 1.031407192e-01 1.071303263e-01 1.107589081e-01 1.140273213e-01 1.169426590e-01
 1.195174530e-01 1.217686906e-01 1.237167194e-01 1.253841966e-01 1.267949939e-01
 1.279734075e-01 1.289432943e-01 1.297275871e-01 1.303478628e-01 1.308240891e-01
 1.311744899e-01 1.314154267e-01 1.315615624e-01 1.316258162e-01 1.316195279e-01
 1.575266361e+00 1.615156293e+00 1.603981972e+00 1.609385967e+00 1.606466293e+00
 1.610400796e+00 1.611646891e+00 1.611412406e+00 1.613882780e+00 1.615017653e+00
 1.614525676e+00 1.615158796e+00 1.616644382e+00 1.617472768e+00 1.617723942e+00
 1.619126797e+00 1.621406078e+00 1.623731613e+00 1.626257658e+00 1.629058242e+00
 1.633129001e+00 1.638037443e+00 1.643684149e+00 1.649942040e+00 1.657021284e+00
 1.665197492e+00 1.674823999e+00 1.685597062e+00 1.697655678e+00 1.710905790e+00
 1.725690961e+00 1.742017508e+00 1.760282755e+00 1.780540109e+00 1.802915931e+00
 1.827325106e+00 1.854109764e+00 1.883617043e+00 1.915897369e+00 1.951599598e+00
 1.990813613e+00 2.033705711e+00 2.080793619e+00 2.132951021e+00 2.190074682e+00
 2.253116608e+00 2.323035955e+00 2.400004864e+00 2.485914230e+00 2.582033873e+00
 2.688487291e+00 2.807833433e+00 2.943145275e+00 3.095022202e+00 3.269869804e+00
 3.469922781e+00 3.701581478e+00 3.971328974e+00 4.288821220e+00 4.676737785e+00
 5.146574497e+00 5.741798401e+00 6.537427902e+00 7.663237572e+00 1.073664379e+01
   73   38
 2.380605489e-01 0.000000000e+00 2.407353520e-01 1.375000030e-01 2.440624982e-01
 2.076336443e-01 2.534513175e-01 3.437500000e-01 2.707730830e-01 4.812499881e-01
 2.823344171e-01 5.500000119e-01 3.109374940e-01 6.766746640e-01 3.341147602e-01
 7.562500238e-01 3.584813774e-01 8.249999881e-01 3.875128627e-01 8.937500119e-01
 4.219615161e-01 9.624999762e-01 4.636508822e-01 1.031250000e+00 5.115625262e-01
 1.093592048e+00 5.450000167e-01 1.125653982e+00 6.118749976e-01 1.136874437e+00
 6.787499785e-01 1.105662346e+00 7.121875286e-01 1.086585879e+00 7.790625095e-01
 1.043981075e+00 8.125000000e-01 1.020557284e+00 8.793749809e-01 9.741097689e-01
 9.128124714e-01 9.492228627e-01 9.796875119e-01 8.983624578e-01 1.013124943e+00
 8.713943362e-01 1.066444993e+00 8.249999881e-01 1.113437533e+00 7.829075456e-01
 1.146875024e+00 7.496085167e-01 1.205223799e+00 6.875000000e-01 1.247187495e+00
 6.385498643e-01 1.280624986e+00 5.943893790e-01 1.314062476e+00 5.460734367e-01
 1.355166078e+00 4.812499881e-01 1.392139435e+00 4.124999940e-01 1.423917651e+00
 3.437500000e-01 1.450635195e+00 2.750000060e-01 1.481250048e+00 1.631333083e-01
 1.496384025e+00 6.875000149e-02 1.496341825e+00-6.875000149e-02 1.481250048e+00
-1.631175578e-01 1.450857997e+00-2.750000060e-01 1.424399734e+00-3.437500000e-01
 1.392977595e+00-4.124999940e-01 1.356487513e+00-4.812499881e-01 1.314062476e+00
-5.491595268e-01 1.280624986e+00-5.981406569e-01 1.247187495e+00-6.430002451e-01
 1.210021377e+00-6.875000000e-01 1.148161292e+00-7.562500238e-01 1.113437533e+00
-7.905604243e-01 1.075427294e+00-8.249999881e-01 1.013124943e+00-8.801833391e-01
 9.796875119e-01-9.084806442e-01 9.128124714e-01-9.603477716e-01 8.793749809e-01
-9.878583550e-01 8.199329376e-01-1.031250000e+00 7.790625095e-01-1.064658403e+00
 7.268726826e-01-1.100000024e+00 6.787499785e-01-1.142080069e+00 6.349867582e-01
-1.168750048e+00 5.681516528e-01-1.224760413e+00 5.302774310e-01-1.168750048e+00
 4.852792323e-01-1.100000024e+00 4.453752339e-01-1.031250000e+00 4.112499952e-01
-9.651645422e-01 3.790779710e-01-8.937500119e-01 3.521397114e-01-8.249999881e-01
 3.291864693e-01-7.562500238e-01 3.102840483e-01-6.875000000e-01 2.800376415e-01
-5.500000119e-01 2.687577009e-01-4.812499881e-01 2.522912323e-01-3.437500000e-01
 2.440624982e-01-2.197068781e-01 2.402812093e-01-1.375000030e-01 2.380605489e-01
 0.000000000e+00
 1.851000041e-01 0.000000000e+00 1.851000041e-01 1.008100033e+00 2.793999910e-01
 1.171399951e+00 2.793999910e-01 1.577999949e+00 2.978999913e-01 1.603399992e+00
 5.712000132e-01 1.603399992e+00 5.712000132e-01 1.628000021e+00 6.169999838e-01
 1.628000021e+00 1.194000006e+00 1.401000023e+00 1.043300033e+00 1.429999948e+00
 1.319200039e+00 1.039700031e+00 1.335800052e+00 9.976000190e-01 1.485100031e+00
 5.450000167e-01 1.479099989e+00 4.995000064e-01 1.517400026e+00 3.059999943e-01
 1.531299949e+00 2.354999930e-01 1.546399951e+00 1.586000025e-01 1.560799956e+00
 8.009999990e-02 1.567000031e+00 0.000000000e+00 1.565700054e+00-1.769999973e-02
 1.554299951e+00-1.123000011e-01 1.534100056e+00-2.210000008e-01 1.518100023e+00
-3.025999963e-01 1.481799960e+00-4.860000014e-01 1.485100031e+00-5.450000167e-01
 1.335800052e+00-9.976000190e-01 1.319200039e+00-1.039700031e+00 1.043300033e+00
-1.429999948e+00 1.194000006e+00-1.401000023e+00 6.169999838e-01-1.628000021e+00
 5.712000132e-01-1.628000021e+00 5.712000132e-01-1.603399992e+00 2.978999913e-01
-1.603399992e+00 2.793999910e-01-1.577999949e+00 2.793999910e-01-1.171399951e+00
 1.851000041e-01-1.008100033e+00 1.851000041e-01 0.000000000e+00 1.851000041e-01
 0.000000000e+00
    0 0.000000000e+00    0
 0.000000000e+00 9.628082812e-02 1.402688771e-01 1.736950576e-01 2.011299878e-01
 2.256297916e-01 2.477094382e-01 2.678793669e-01 2.868498862e-01 3.045989871e-01
 3.212959468e-01 3.371514380e-01 3.525516093e-01 3.671017587e-01 3.810926080e-01
 3.946740329e-01 4.078378379e-01 4.206256270e-01 4.329592586e-01 4.450587332e-01
 4.567587078e-01 4.682832956e-01 4.796592593e-01 4.906865954e-01 5.015137196e-01
 5.121651292e-01 5.226708651e-01 5.330699086e-01 5.433570743e-01 5.534744263e-01
 5.635129809e-01 5.734311342e-01 5.832614303e-01 5.931187272e-01 6.029360294e-01
 6.126625538e-01 6.223805547e-01 6.321160197e-01 6.418111920e-01 6.515757442e-01
 6.614122987e-01 6.712637544e-01 6.811786890e-01 6.912320852e-01 7.013549209e-01
 7.116167545e-01 7.220619917e-01 7.326267958e-01 7.434367537e-01 7.545328736e-01
 7.658273578e-01 7.774259448e-01 7.894460559e-01 8.017929792e-01 8.146837354e-01
 8.280717731e-01 8.421043754e-01 8.568280935e-01 8.723159432e-01 8.890538812e-01
 9.068711400e-01 9.261192679e-01 9.475488663e-01 9.715140462e-01 1.000000000e+00
    1
 0.000000000e+00 0.000000000e+00 0.000000000e+00 0.000000000e+00 0.000000000e+00
 0.000000000e+00 0.000000000e+00 0.000000000e+00 0.000000000e+00 0.000000000e+00
 0.000000000e+00 0.000000000e+00 0.000000000e+00 0.000000000e+00 0.000000000e+00
 0.000000000e+00 0.000000000e+00 0.000000000e+00 0.000000000e+00 0.000000000e+00
 0.000000000e+00 0.000000000e+00 0.000000000e+00 0.000000000e+00 0.000000000e+00
 0.000000000e+00 0.000000000e+00 0.000000000e+00 0.000000000e+00 0.000000000e+00
 0.000000000e+00 0.000000000e+00 0.000000000e+00 0.000000000e+00 0.000000000e+00
 0.000000000e+00 0.000000000e+00 0.000000000e+00 0.000000000e+00 0.000000000e+00
 0.000000000e+00 0.000000000e+00 0.000000000e+00 0.000000000e+00 0.000000000e+00
 0.000000000e+00 0.000000000e+00 0.000000000e+00 0.000000000e+00 0.000000000e+00
 0.000000000e+00 0.000000000e+00 0.000000000e+00 0.000000000e+00 0.000000000e+00
 0.000000000e+00 0.000000000e+00 0.000000000e+00 0.000000000e+00 0.000000000e+00
 0.000000000e+00 0.000000000e+00 0.000000000e+00 0.000000000e+00 0.000000000e+00
