LRDFITv2   09/05/2007    #123874 00444ms           3  41  41
 1.614899993e+00 3.480000019e+00 8.516288996e-01 1.851000041e-01 0.000000000e+00
 1.025836945e+00-4.383128602e-03 5.410510302e-02-1.845519990e-02-4.459619224e-01
 9.857448750e+05 5.410510302e-02 0.000000000e+00 1.025836945e+00 0.000000000e+00
-4.383128602e-03 0.000000000e+00-1.845519990e-02 0.000000000e+00 0.000000000e+00
-4.173076451e-01-4.165022671e-01-4.156828225e-01-4.148370922e-01-4.139539897e-01
-4.130242169e-01-4.120401442e-01-4.109969437e-01-4.098921120e-01-4.087259471e-01
-4.075016677e-01-4.062248170e-01-4.049036503e-01-4.035481215e-01-4.021699727e-01
-4.007816017e-01-3.993940353e-01-3.980168104e-01-3.966591656e-01-3.953300714e-01
-3.940376639e-01-3.927896619e-01-3.915925324e-01-3.904517889e-01-3.893718123e-01
-3.883554041e-01-3.874043226e-01-3.865185082e-01-3.856967688e-01-3.849363029e-01
-3.842329383e-01-3.835813701e-01-3.829748929e-01-3.824059665e-01-3.818661273e-01
-3.813461363e-01-3.808361292e-01-3.803522587e-01-3.799942434e-01-3.798262477e-01
-3.797944188e-01
 1.800685742e+04 1.750173047e+04 1.695902734e+04 1.636750879e+04 1.575059180e+04
 1.513613379e+04 1.453723438e+04 1.396347461e+04 1.342243457e+04 1.291892871e+04
 1.245451758e+04 1.202768652e+04 1.163351562e+04 1.126453320e+04 1.091104492e+04
 1.056265527e+04 1.021322559e+04 9.860509766e+03 9.502525391e+03 9.137399414e+03
 8.763432617e+03 8.379059570e+03 7.982998047e+03 7.574158203e+03 7.151730957e+03
 6.715227539e+03 6.264375488e+03 5.799295410e+03 5.320335449e+03 4.828156738e+03
 4.323725098e+03 3.808198242e+03 3.283039307e+03 2.749860107e+03 2.210465332e+03
 1.666777100e+03 1.120509033e+03 5.998707886e+02 2.150164185e+02 3.457594681e+01
 3.969421387e-01
 1.845608950e-01 1.860208064e-01 1.903235316e-01 1.972704083e-01 2.065306455e-01
 2.176626325e-01 2.301435322e-01 2.433773279e-01 2.567391396e-01 2.695936263e-01
 2.813344002e-01 2.914001644e-01 2.993189394e-01 3.047112525e-01 3.073171377e-01
 3.071803451e-01 3.048738241e-01 3.005231321e-01 2.942166626e-01 2.860857248e-01
 2.763038576e-01 2.650710046e-01 2.526263297e-01 2.392277271e-01 2.251563668e-01
 2.107068747e-01 1.961811483e-01 1.818832010e-01 1.681120545e-01 1.551569849e-01
 1.432862580e-01 1.327523291e-01 1.237716898e-01 1.165339351e-01 1.111860648e-01
 1.078503057e-01 1.069892645e-01 9.320067614e-02 5.542621017e-02 1.637689583e-02
-8.579195310e-06
 2.735427812e+05 2.857361562e+05 3.135996562e+05 3.372985625e+05 3.413819375e+05
 3.356999062e+05 3.242871562e+05 3.080600000e+05 2.883681562e+05 2.668707188e+05
 2.453720312e+05 2.256825000e+05 2.094500781e+05 1.980464062e+05 1.924581406e+05
 1.921183906e+05 1.933713281e+05 1.957429531e+05 1.991774531e+05 2.036052812e+05
 2.089321406e+05 2.150491719e+05 2.218261406e+05 2.291225781e+05 2.367853750e+05
 2.446540781e+05 2.525643125e+05 2.603505000e+05 2.678498125e+05 2.749046875e+05
 2.813690938e+05 2.871055625e+05 2.919962500e+05 2.959362812e+05 2.988298438e+05
 3.006561875e+05 3.023903438e+05 2.635158125e+05 1.567158438e+05 4.630508984e+04
-2.425737000e+01
-1.057032589e-02-1.610958762e-02-1.618101075e-02-1.668992266e-02-1.743339933e-02
-1.834814809e-02-1.941751316e-02-2.064360306e-02-2.203762718e-02-2.361431718e-02
-2.538247593e-02-2.739765681e-02-2.972889319e-02-3.233962879e-02-3.525986895e-02
-3.851659596e-02-4.214166850e-02-4.616342485e-02-5.060439557e-02-5.548356101e-02
-6.082714349e-02-6.667099148e-02-7.306011766e-02-8.004754037e-02-8.769276738e-02
-9.605891258e-02-1.052063406e-01-1.151688248e-01-1.259069890e-01-1.371888071e-01
-1.483384222e-01-1.581995040e-01-1.652770042e-01-1.688294560e-01-1.688400954e-01
-1.662548035e-01-1.624236703e-01-1.583002210e-01-1.543791443e-01-1.509512067e-01
-1.707850099e-01-8.636749350e-03-1.015457418e-02-1.229423005e-02-1.406212524e-02
-1.561320666e-02-1.705405675e-02-1.847568713e-02-1.993815973e-02-2.149507962e-02
-2.319695614e-02-2.508105524e-02-2.715557255e-02-2.947205491e-02-3.209426999e-02
-3.505940735e-02-3.836380690e-02-4.204357788e-02-4.613871872e-02-5.070810392e-02
-5.578965694e-02-6.140923128e-02-6.762018800e-02-7.449558377e-02-8.212796599e-02
-9.063704312e-02-1.001815200e-01-1.109759361e-01-1.233271733e-01-1.376944184e-01
-1.547886431e-01-1.760987043e-01-1.972704232e-01-2.092730552e-01-2.127024680e-01
-2.060577273e-01-1.920751631e-01-1.807905436e-01-1.721094549e-01-1.653187573e-01
-1.599270552e-01-1.560235322e-01-7.638729643e-03-9.053405374e-03-1.149620302e-02
-1.349364035e-02-1.518471539e-02-1.669048332e-02-1.812031865e-02-1.955661178e-02
-2.106362954e-02-2.269463055e-02-2.449505776e-02-2.650586516e-02-2.876681834e-02
-3.131704032e-02-3.419287503e-02-3.742834553e-02-4.105686769e-02-4.511693120e-02
-4.966308549e-02-5.476534367e-02-6.043630466e-02-6.673486531e-02-7.374314219e-02
-8.157362789e-02-9.035161883e-02-1.002489105e-01-1.115153432e-01-1.245315298e-01
-1.399019063e-01-1.586450785e-01-1.827051044e-01-2.068256289e-01-2.205076665e-01
-2.243131399e-01-2.166958898e-01-2.001983970e-01-1.867060512e-01-1.768619120e-01
-1.695107818e-01-1.638660282e-01-1.593186408e-01-1.279162802e-02-1.323100924e-02
-1.430339459e-02-1.531478576e-02-1.629684307e-02-1.727762818e-02-1.829570346e-02
-1.939056814e-02-2.060175873e-02-2.196861804e-02-2.352968417e-02-2.532248572e-02
-2.738354728e-02-2.974841744e-02-3.245178238e-02-3.552783653e-02-3.901103884e-02
-4.293755442e-02-4.734573141e-02-5.227587000e-02-5.777039751e-02-6.387750059e-02
-7.065486908e-02-7.817570865e-02-8.652476966e-02-9.579620510e-02-1.061012670e-01
-1.175496727e-01-1.302634925e-01-1.442355961e-01-1.588779837e-01-1.722432077e-01
-1.817216575e-01-1.862157434e-01-1.856820881e-01-1.812480092e-01-1.755136251e-01
-1.702075899e-01-1.657134145e-01-1.620073318e-01-1.589685082e-01-1.983198524e-02
-1.867836714e-02-1.806416363e-02-1.785912924e-02-1.791342162e-02-1.815705746e-02
-1.856385916e-02-1.913363859e-02-1.988178305e-02-2.083271556e-02-2.201583795e-02
-2.346264943e-02-2.520503476e-02-2.727444842e-02-2.970154025e-02-3.251612186e-02
-3.574716672e-02-3.942310065e-02-4.357202351e-02-4.822194204e-02-5.340081453e-02
-5.913669989e-02-6.545689702e-02-7.238551974e-02-7.993657887e-02-8.811251074e-02
-9.689983726e-02-1.062330231e-01-1.159737855e-01-1.258420944e-01-1.353530288e-01
-1.438809186e-01-1.507642418e-01-1.557038426e-01-1.585618705e-01-1.596478820e-01
-1.595437527e-01-1.587690413e-01-1.577310562e-01-1.566634774e-01-1.556815207e-01
-2.195629664e-02-2.093011886e-02-2.005002089e-02-1.936049573e-02-1.884584501e-02
-1.850012131e-02-1.832358167e-02-1.833052933e-02-1.854306087e-02-1.898802444e-02
-1.969824173e-02-2.070603333e-02-2.204154618e-02-2.373303846e-02-2.580674551e-02
-2.828742377e-02-3.119683452e-02-3.455406800e-02-3.837647289e-02-4.267924652e-02
-4.747467488e-02-5.277141556e-02-5.857337266e-02-6.487904489e-02-7.167549431e-02
-7.884348184e-02-8.636783808e-02-9.417162836e-02-1.021105945e-01-1.099883914e-01
-1.175641343e-01-1.245775372e-01-1.307961494e-01-1.360589117e-01-1.403090954e-01
-1.436189264e-01-1.461344510e-01-1.480367333e-01-1.494980156e-01-1.506574899e-01
-1.516132355e-01-2.264217660e-02-2.164370753e-02-2.064668201e-02-1.969644055e-02
-1.879444346e-02-1.796205342e-02-1.723144762e-02-1.664607413e-02-1.625193283e-02
-1.610899530e-02-1.626976766e-02-1.677482016e-02-1.764803752e-02-1.891499013e-02
-2.059139311e-02-2.270630933e-02-2.527233399e-02-2.829489298e-02-3.178203106e-02
-3.573933616e-02-4.016626254e-02-4.505689442e-02-5.039853603e-02-5.616907403e-02
-6.233546883e-02-6.884559989e-02-7.561516017e-02-8.253696561e-02-8.957086504e-02
-9.659069777e-02-1.034591049e-01-1.100413799e-01-1.162203327e-01-1.219099090e-01
-1.270634383e-01-1.316741854e-01-1.357790679e-01-1.394371539e-01-1.426987499e-01
-1.456163377e-01-1.482307017e-01-2.267495729e-02-2.157144621e-02-2.044891194e-02
-1.923437603e-02-1.794804074e-02-1.662383415e-02-1.530906558e-02-1.408605929e-02
-1.303428039e-02-1.223368850e-02-1.173283998e-02-1.158252079e-02-1.183486916e-02
-1.254630554e-02-1.377996989e-02-1.556599513e-02-1.785351150e-02-2.057561651e-02
-2.376483008e-02-2.743666992e-02-3.157426417e-02-3.616237640e-02-4.118155316e-02
-4.660310596e-02-5.238930136e-02-5.849208683e-02-6.484960020e-02-7.138703018e-02
-7.808766514e-02-8.487629145e-02-9.163808823e-02-9.829094261e-02-1.047664359e-01
-1.110088825e-01-1.169774681e-01-1.226464584e-01-1.280036420e-01-1.330462694e-01
-1.378007829e-01-1.422392428e-01-1.463520229e-01-2.244828828e-02-2.125117183e-02
-1.987103745e-02-1.831725053e-02-1.660586521e-02-1.478144247e-02-1.294291671e-02
-1.120051183e-02-9.623475373e-03-8.260196075e-03-7.161727175e-03-6.381204352e-03
-5.972733721e-03-5.989811849e-03-6.483917590e-03-7.499602623e-03-9.074999951e-03
-1.126398053e-02-1.416846551e-02-1.773019135e-02-2.170643769e-02-2.612741478e-02
-3.099426441e-02-3.627065197e-02-4.192183912e-02-4.790645093e-02-5.417862535e-02
-6.068970263e-02-6.739462912e-02-7.427556068e-02-8.125151694e-02-8.825163543e-02
-9.523788095e-02-1.021699458e-01-1.090111956e-01-1.157297492e-01-1.222968623e-01
-1.286839396e-01-1.348677576e-01-1.408099085e-01-1.464450508e-01-2.214820869e-02
-2.072799392e-02-1.905783452e-02-1.714090444e-02-1.500644349e-02-1.274798717e-02
-1.048744004e-02-8.294846863e-03-6.220871583e-03-4.319246393e-03-2.646740759e-03
-1.261499361e-03-2.213921398e-04 4.176030052e-04 6.020601722e-04 2.818297071e-04
-5.910890177e-04-2.064594533e-03-4.185928497e-03-6.985038985e-03-1.049359143e-02
-1.482225768e-02-1.978511177e-02-2.511114813e-02-3.084474802e-02-3.694486246e-02
-4.337472096e-02-5.009714887e-02-5.707646906e-02-6.427753717e-02-7.165548205e-02
-7.919165492e-02-8.685702085e-02-9.461575747e-02-1.024378985e-01-1.102958694e-01
-1.181607619e-01-1.259973347e-01-1.337637007e-01-1.413983405e-01-1.487999111e-01
-2.172779292e-02-2.008076571e-02-1.811926812e-02-1.584845781e-02-1.333508641e-02
-1.071064733e-02-8.058726788e-03-5.428473465e-03-2.874682425e-03-4.572455364e-04
 1.761176623e-03 3.716912353e-03 5.347572267e-03 6.593564060e-03 7.398832124e-03
 7.711091544e-03 7.481452543e-03 6.663976703e-03 5.215595476e-03 3.095310181e-03
 2.609772782e-04-3.331940155e-03-7.706836797e-03-1.291883644e-02-1.902771927e-02
-2.543782629e-02-3.221497685e-02-3.932422027e-02-4.673193395e-02-5.440900847e-02
-6.232631952e-02-7.054459304e-02-7.903403044e-02-8.773525804e-02-9.663910419e-02
-1.057396829e-01-1.150295436e-01-1.244937479e-01-1.341064274e-01-1.438115686e-01
-1.534916013e-01-2.127202041e-02-1.939470880e-02-1.714655198e-02-1.454748120e-02
-1.170801185e-02-8.745831437e-03-5.713346414e-03-2.662578132e-03 3.461863089e-04
 3.247063141e-03 5.971427076e-03 8.450560272e-03 1.061844919e-02 1.241326891e-02
 1.377791353e-02 1.465971675e-02 1.500953361e-02 1.478072163e-02 1.392835192e-02
 1.240855455e-02 1.017814688e-02 7.194549777e-03 3.413781989e-03-1.213929150e-03
-6.739036646e-03-1.319195610e-02-2.056986839e-02-2.823236771e-02-3.621037304e-02
-4.449966550e-02-5.309100449e-02-6.197696179e-02-7.133229822e-02-8.100627363e-02
-9.100586176e-02-1.013663709e-01-1.121277511e-01-1.233322844e-01-1.350251287e-01
-1.472346783e-01-1.599278301e-01-2.081821486e-02-1.871872135e-02-1.619844139e-02
-1.330476813e-02-1.017784048e-02-6.895004772e-03-3.503659042e-03-6.120411854e-05
 3.366050310e-03 6.705843378e-03 9.883779101e-03 1.282724086e-02 1.546830218e-02
 1.774506830e-02 1.960151270e-02 2.098670043e-02 2.185267396e-02 2.215251885e-02
 2.183912881e-02 2.086460404e-02 1.918069646e-02 1.673903689e-02 1.349107735e-02
 9.387155995e-03 4.373854958e-03-1.613596105e-03-8.649184369e-03-1.682069525e-02
-2.540436201e-02-3.435655311e-02-4.367717355e-02-5.337407440e-02-6.347540021e-02
-7.398642600e-02-8.492451161e-02-9.637082368e-02-1.084160581e-01-1.211758330e-01
-1.348122656e-01-1.495357007e-01-1.655924469e-01-2.038673870e-02-1.808021963e-02
-1.531427726e-02-1.216947194e-02-8.779771626e-03-5.199495237e-03-1.479736646e-03
 2.316451864e-03 6.116275210e-03 9.841321968e-03 1.341260411e-02 1.675524376e-02
 1.980148070e-02 2.249164879e-02 2.477329597e-02 2.659888007e-02 2.792500518e-02
 2.870439738e-02 2.888636850e-02 2.841719799e-02 2.724224515e-02 2.530591376e-02
 2.255385555e-02 1.893508807e-02 1.439864188e-02 8.890776895e-03 2.350304741e-03
-5.296876188e-03-1.409306005e-02-2.378216945e-02-3.381931782e-02-4.423996061e-02
-5.509368330e-02-6.627447903e-02-7.784199715e-02-9.001626819e-02-1.028720886e-01
-1.165526211e-01-1.312810481e-01-1.473765224e-01-1.652919203e-01-1.999324933e-02
-1.750201546e-02-1.452211104e-02-1.116082538e-02-7.535953075e-03-3.690638579e-03
 3.189380514e-04 4.423529841e-03 8.543970995e-03 1.259649545e-02 1.649899594e-02
 2.017632313e-02 2.356333472e-02 2.660549060e-02 2.926106192e-02 3.148959205e-02
 3.324560449e-02 3.447731212e-02 3.512726724e-02 3.513332084e-02 3.443101048e-02
 3.295724466e-02 3.065487742e-02 2.747602202e-02 2.337011322e-02 1.829164103e-02
 1.219035778e-02 5.008371081e-03-3.329000669e-03-1.289194264e-02-2.359122597e-02
-3.457333893e-02-4.586873576e-02-5.750771984e-02-6.955457479e-02-8.206790686e-02
-9.513672441e-02-1.088767126e-01-1.234454215e-01-1.390425116e-01-1.558847278e-01
-1.965005510e-02-1.700064167e-02-1.383979991e-02-1.029757410e-02-6.466843188e-03
-2.393023577e-03 1.863373094e-03 6.227424834e-03 1.061435882e-02 1.493632887e-02
 1.910988614e-02 2.306159772e-02 2.673108131e-02 3.007670492e-02 3.306222707e-02
 3.564680368e-02 3.778315708e-02 3.941794112e-02 4.049254581e-02 4.094322398e-02
 4.069976509e-02 3.968690336e-02 3.782778606e-02 3.505520895e-02 3.132272139e-02
 2.660528757e-02 2.086670510e-02 1.406583004e-02 6.140403915e-03-2.994605806e-03
-1.343408506e-02-2.489393950e-02-3.655117750e-02-4.844544828e-02-6.060837209e-02
-7.307384163e-02-8.587861806e-02-9.906067699e-02-1.126659513e-01-1.267141402e-01
-1.411437392e-01-1.936219819e-02-1.658154838e-02-1.327310503e-02-9.582916275e-03
-5.582670216e-03-1.321297837e-03 3.135863226e-03 7.708876394e-03 1.230829116e-02
 1.684339903e-02 2.123063244e-02 2.539928071e-02 2.929731831e-02 3.289051354e-02
 3.614198416e-02 3.900907189e-02 4.144408926e-02 4.339577630e-02 4.481050745e-02
 4.563054815e-02 4.579133540e-02 4.521702603e-02 4.381810129e-02 4.149922729e-02
 3.817431629e-02 3.379546106e-02 2.836204320e-02 2.187314257e-02 1.429753006e-02
 5.565095227e-03-4.426579922e-03-1.579109021e-02-2.764026448e-02-3.962805495e-02
-5.174755678e-02-6.399057060e-02-7.634428889e-02-8.878612518e-02-1.013247147e-01
-1.139325425e-01-1.264022440e-01-1.913271286e-02-1.624873281e-02-1.282968279e-02
-9.023499675e-03-4.891211167e-03-4.848215904e-04 4.126607906e-03 8.858611807e-03
 1.361818146e-02 1.831272617e-02 2.285896428e-02 2.718919516e-02 3.126024455e-02
 3.503714129e-02 3.848079219e-02 4.154678434e-02 4.418760911e-02 4.635592178e-02
 4.800380021e-02 4.908426479e-02 4.954759777e-02 4.933238029e-02 4.835080355e-02
 4.648739100e-02 4.362136871e-02 3.965220973e-02 3.454051167e-02 2.832752839e-02
 2.105125226e-02 1.269551273e-02 3.192626638e-03-7.552889176e-03-1.959891617e-02
-3.168192506e-02-4.376669973e-02-5.581239983e-02-6.778026372e-02-7.962382585e-02
-9.136441350e-02-1.029949561e-01-1.142616868e-01-1.896686293e-02-1.600997336e-02
-1.251419820e-02-8.624256589e-03-4.397580400e-03 1.118097352e-04 4.831723869e-03
 9.674660861e-03 1.454502996e-02 1.934903115e-02 2.400385775e-02 2.844478004e-02
 3.263254464e-02 3.653052822e-02 4.009712860e-02 4.328632727e-02 4.605072737e-02
 4.834458977e-02 5.012532696e-02 5.136454850e-02 5.202516168e-02 5.205344036e-02
 5.137362331e-02 4.988114163e-02 4.743475467e-02 4.387957230e-02 3.912257403e-02
 3.317203745e-02 2.613046579e-02 1.805245876e-02 8.918478154e-03-1.339111477e-03
-1.279803738e-02-2.521065623e-02-3.740032017e-02-4.937655479e-02-6.112474576e-02
-7.261056453e-02-8.387073129e-02-9.491389245e-02-1.055119857e-01-1.886695810e-02
-1.586656645e-02-1.232530363e-02-8.385526016e-03-4.102764651e-03 4.676258541e-04
 5.251395050e-03 1.015915908e-02 1.509376522e-02 1.996079646e-02 2.467784658e-02
 2.918188274e-02 3.343516588e-02 3.739964217e-02 4.103194177e-02 4.428507388e-02
 4.711231962e-02 4.946899414e-02 5.132542923e-02 5.266265944e-02 5.344545096e-02
 5.361479521e-02 5.309843644e-02 5.180748925e-02 4.962241650e-02 4.636374488e-02
 4.188181087e-02 3.614289314e-02 2.924953401e-02 2.132163569e-02 1.237716619e-02
 2.353418851e-03-8.841706440e-03-2.128254436e-02-3.346444666e-02-4.537675902e-02
-5.699605495e-02-6.828925759e-02-7.929736376e-02-9.004089236e-02-1.003092900e-01
-1.883289590e-02-1.581864618e-02-1.226291619e-02-8.307300508e-03-4.006686620e-03
 5.830630544e-04 5.386978853e-03 1.031498797e-02 1.526942663e-02 2.015565895e-02
 2.489147335e-02 2.941433340e-02 3.368692100e-02 3.767063841e-02 4.132151231e-02
 4.459223896e-02 4.743630067e-02 4.981055856e-02 5.169050395e-02 5.306000262e-02
 5.388020352e-02 5.409274623e-02 5.362642184e-02 5.239395425e-02 5.028816685e-02
 4.713058099e-02 4.274647310e-02 3.708539158e-02 3.024075553e-02 2.235548384e-02
 1.346168015e-02 3.496495541e-03-7.642122917e-03-2.005888149e-02-3.222083673e-02
-4.410517588e-02-5.568262190e-02-6.691865623e-02-7.784985006e-02-8.849463612e-02
-9.865886718e-02-1.886561513e-02-1.586679369e-02-1.232741214e-02-8.389770985e-03
-4.109369591e-03 4.583573900e-04 5.239084829e-03 1.014337037e-02 1.507403050e-02
 1.993664354e-02 2.464882284e-02 2.914757095e-02 3.339515626e-02 3.735350072e-02
 4.097924754e-02 4.422542080e-02 4.704532400e-02 4.939414561e-02 5.124214292e-02
 5.257016793e-02 5.334350467e-02 5.350257084e-02 5.297513306e-02 5.167318508e-02
 4.947654530e-02 4.620511830e-02 4.171073064e-02 3.595937788e-02 2.905448712e-02
 2.111672610e-02 1.216358598e-02 2.132984810e-03-9.066225030e-03-2.151692845e-02
-3.370581195e-02-4.562492669e-02-5.725226924e-02-6.855604798e-02-7.956647873e-02
-9.029334038e-02-1.005481854e-01-1.896602474e-02-1.601156406e-02-1.251911744e-02
-8.633171208e-03-4.411038477e-03 9.315642819e-05 4.807095975e-03 9.643174708e-03
 1.450573932e-02 1.930097491e-02 2.394612692e-02 2.837651223e-02 3.255289793e-02
 3.643864393e-02 3.999212384e-02 4.316728190e-02 4.591670632e-02 4.819472879e-02
 4.995914176e-02 5.118080974e-02 5.182256177e-02 5.183009803e-02 5.112773553e-02
 4.961154610e-02 4.713957757e-02 4.355814308e-02 3.877459466e-02 3.279826418e-02
 2.573318966e-02 1.763527282e-02 8.482085541e-03-1.796214841e-03-1.328079682e-02
-2.569181286e-02-3.788580373e-02-4.986938834e-02-6.162673980e-02-7.312332839e-02
-8.438312262e-02-9.540388733e-02-1.059806570e-01-1.913307048e-02-1.625233144e-02
-1.283784676e-02-9.037424810e-03-4.911739379e-03-5.129427882e-04 4.089728463e-03
 8.811656386e-03 1.355972420e-02 1.824132167e-02 2.277317084e-02 2.708770521e-02
 3.114178777e-02 3.490037844e-02 3.832432628e-02 4.136918113e-02 4.398731515e-02
 4.613151774e-02 4.775412008e-02 4.880844429e-02 4.924230278e-02 4.899432883e-02
 4.797543585e-02 4.607404023e-02 4.316938668e-02 3.915960342e-02 3.400788829e-02
 2.775787562e-02 2.044630609e-02 1.206084155e-02 2.539282665e-03-8.204258978e-03
-2.026488073e-02-3.237994760e-02-4.448340088e-02-5.654241890e-02-6.852169335e-02
-8.037587255e-02-9.211292863e-02-1.037151739e-01-1.149529070e-01-1.936419681e-02
-1.658765040e-02-1.328483224e-02-9.602100588e-03-5.610418506e-03-1.358893001e-03
 3.086913377e-03 7.646845188e-03 1.223130804e-02 1.674953289e-02 2.111796103e-02
 2.526601404e-02 2.914155461e-02 3.271046281e-02 3.593572229e-02 3.877451271e-02
 4.117908701e-02 4.309814423e-02 4.447763413e-02 4.525999725e-02 4.537963122e-02
 4.476063699e-02 4.331373796e-02 4.094256088e-02 3.756282851e-02 3.312743083e-02
 2.763749659e-02 2.108862996e-02 1.345168520e-02 4.659337457e-03-5.387328099e-03
-1.682115346e-02-2.863764018e-02-4.060765356e-02-5.272158608e-02-6.496718526e-02
-7.732974738e-02-8.978544176e-02-1.023188457e-01-1.148824319e-01-1.273101568e-01
-1.965399273e-02-1.700957865e-02-1.385526359e-02-1.032214239e-02-6.501822267e-03
-2.439981792e-03 1.802615705e-03 6.150829606e-03 1.051966101e-02 1.482113078e-02
 1.897176541e-02 2.289818786e-02 2.654016204e-02 2.985582501e-02 3.280896321e-02
 3.535856307e-02 3.745711967e-02 3.905108944e-02 4.008167237e-02 4.048455134e-02
 4.018928483e-02 3.912001103e-02 3.719995916e-02 3.436176479e-02 3.055993468e-02
 2.576827072e-02 1.995004341e-02 1.306111366e-02 5.039350130e-03-4.200221971e-03
-1.476938091e-02-2.616269141e-02-3.777819499e-02-4.964838177e-02-6.180151552e-02
-7.426886261e-02-8.708542585e-02-1.002883241e-01-1.138892323e-01-1.278774589e-01
-1.422529817e-01-1.999937557e-02-1.751391962e-02-1.454148721e-02-1.119060535e-02
-7.578094956e-03-3.746852279e-03 2.466632286e-04 4.332895391e-03 8.432403207e-03
 1.246124133e-02 1.633720286e-02 1.998514310e-02 2.333996445e-02 2.634714916e-02
 2.896461636e-02 3.115213104e-02 3.286382928e-02 3.404761851e-02 3.464572504e-02
 3.459566832e-02 3.383278847e-02 3.229390085e-02 2.992247231e-02 2.666799165e-02
 2.247868665e-02 1.730885729e-02 1.110639237e-02 3.810465802e-03-4.653381184e-03
-1.438114792e-02-2.501949482e-02-3.597085178e-02-4.723881930e-02-5.886153877e-02
-7.091282308e-02-8.343876898e-02-9.652540088e-02-1.102892160e-01-1.248530596e-01
-1.403869241e-01-1.571701020e-01-2.039531805e-02-1.809540205e-02-1.533783879e-02
-1.220469177e-02-8.829158731e-03-5.264908541e-03-1.563344267e-03 2.212172374e-03
 5.988539197e-03 9.687095881e-03 1.322869956e-02 1.653841510e-02 1.954846270e-02
 2.219912596e-02 2.443819307e-02 2.621818148e-02 2.749475837e-02 2.822073363e-02
 2.834499441e-02 2.781368978e-02 2.657126822e-02 2.456178144e-02 2.173118293e-02
 1.802824251e-02 1.340113673e-02 7.794765756e-03 1.144839684e-03-6.627514493e-03
-1.562317275e-02-2.528487146e-02-3.532614559e-02-4.574744031e-02-5.659436062e-02
-6.776754558e-02-7.934980839e-02-9.154072404e-02-1.044164672e-01-1.181216165e-01
-1.328447908e-01-1.488754749e-01-1.667293608e-01-2.082938142e-02-1.873755269e-02
-1.622671261e-02-1.334562153e-02-1.023447327e-02-6.969613954e-03-3.598524956e-03
-1.789094240e-04 3.222627100e-03 6.533520762e-03 9.679136798e-03 1.258674078e-02
 1.518828701e-02 1.742187887e-02 1.923146658e-02 2.056600526e-02 2.137746662e-02
 2.161851712e-02 2.124180831e-02 2.019919828e-02 1.844224147e-02 1.592235081e-02
 1.259113103e-02 8.399570361e-03 3.295630217e-03-2.779933624e-03-9.899311699e-03
-1.820334047e-02-2.685748413e-02-3.587657586e-02-4.525658488e-02-5.501361191e-02
-6.515682489e-02-7.564546168e-02-8.657863736e-02-9.803270549e-02-1.100949794e-01
-1.228791401e-01-1.365100890e-01-1.511669159e-01-1.671603024e-01-2.128611319e-02
-1.941759884e-02-1.717985421e-02-1.459398493e-02-1.177195366e-02-8.829709142e-03
-5.819446407e-03-2.793560270e-03 1.873471338e-04 3.057163442e-03 5.746948533e-03
 8.187840693e-03 1.031368598e-02 1.206256449e-02 1.337729581e-02 1.420514379e-02
 1.449670549e-02 1.420513913e-02 1.328516938e-02 1.169269625e-02 9.384183213e-03
 6.316406187e-03 2.445566235e-03-2.276479499e-03-7.901286706e-03-1.451853011e-02
-2.190267481e-02-2.964014746e-02-3.769406304e-02-4.606385529e-02-5.474541336e-02
-6.373403966e-02-7.308347523e-02-8.275017142e-02-9.275431186e-02-1.031286120e-01
-1.139114797e-01-1.251441538e-01-1.368336976e-01-1.489761323e-01-1.616052985e-01
-2.174536139e-02-2.010859363e-02-1.815911196e-02-1.590235718e-02-1.340675913e-02
-1.080343500e-02-8.175907657e-03-5.572689231e-03-3.048804123e-03-6.644850364e-04
 1.517296885e-03 3.432767233e-03 5.019345786e-03 6.217285525e-03 6.970399991e-03
 7.226336747e-03 6.936109159e-03 6.053692661e-03 4.535684362e-03 2.340695355e-03
-5.732203135e-04-4.247644451e-03-8.718398400e-03-1.407697983e-02-2.021326125e-02
-2.669947036e-02-3.356209397e-02-4.074840620e-02-4.823084921e-02-5.598420277e-02
-6.399010122e-02-7.226856798e-02-8.078566194e-02-8.951268345e-02-9.844254702e-02
-1.075709760e-01-1.168912575e-01-1.263895035e-01-1.360023320e-01-1.456422359e-01
-1.552591324e-01-2.217057347e-02-2.076199092e-02-1.910497062e-02-1.720281877e-02
-1.508603431e-02-1.284918096e-02-1.061499212e-02-8.451997302e-03-6.410031114e-03
-4.543482326e-03-2.909463597e-03-1.566333114e-03-5.720699555e-04 1.718524618e-05
 1.479780913e-04-2.299666958e-04-1.164661138e-03-2.703112783e-03-4.888184369e-03
-7.754558232e-03-1.135814749e-02-1.581986062e-02-2.081859298e-02-2.622442506e-02
-3.205399215e-02-3.824489564e-02-4.476169869e-02-5.156365782e-02-5.860623717e-02
-6.584209204e-02-7.326522470e-02-8.089262247e-02-8.861991763e-02-9.642681479e-02
-1.042902395e-01-1.121864393e-01-1.200884879e-01-1.279625893e-01-1.357311308e-01
-1.433014125e-01-1.506404132e-01-2.247996815e-02-2.129486576e-02-1.992854849e-02
-1.839097217e-02-1.669787057e-02-1.489514019e-02-1.308266167e-02-1.137042139e-02
-9.826535359e-03-8.499973454e-03-7.441789843e-03-6.705000065e-03-6.343781017e-03
-6.411301438e-03-6.957754027e-03-8.027125150e-03-9.665159509e-03-1.194113214e-02
-1.494435128e-02-1.855633408e-02-2.258415893e-02-2.709182724e-02-3.204933926e-02
-3.741749749e-02-4.316617921e-02-4.925680161e-02-5.564364418e-02-6.227533519e-02
-6.909406930e-02-7.601122558e-02-8.300034702e-02-9.003797919e-02-9.706859291e-02
-1.040450856e-01-1.109288558e-01-1.176877916e-01-1.242930517e-01-1.307156533e-01
-1.368929446e-01-1.427688301e-01-1.483419389e-01-2.271114103e-02-2.162484080e-02
-2.051571012e-02-1.931787841e-02-1.805190556e-02-1.675071754e-02-1.546350308e-02
-1.427160017e-02-1.325390209e-02-1.248667296e-02-1.202485524e-02-1.191879250e-02
-1.222303137e-02-1.299707312e-02-1.430958882e-02-1.616165042e-02-1.849178039e-02
-2.126041800e-02-2.452073805e-02-2.827083133e-02-3.248310834e-02-3.714777902e-02
-4.224789143e-02-4.775747284e-02-5.364304781e-02-5.986317992e-02-6.636702269e-02
-7.309653610e-02-7.987819612e-02-8.668472618e-02-9.347151965e-02-1.001603156e-01
-1.066780612e-01-1.129646599e-01-1.189765260e-01-1.246866882e-01-1.300812513e-01
-1.351524889e-01-1.398533285e-01-1.442327797e-01-1.482880861e-01-2.267751656e-02
-2.169525810e-02-2.071586438e-02-1.978505403e-02-1.890549809e-02-1.809931174e-02
-1.739708520e-02-1.684411615e-02-1.648902707e-02-1.638674736e-02-1.658903621e-02
-1.713272557e-02-1.805226319e-02-1.936851442e-02-2.110858262e-02-2.329406887e-02
-2.593003027e-02-2.901975438e-02-3.257444873e-02-3.659979254e-02-4.109467193e-02
-4.605236650e-02-5.146025494e-02-5.729822814e-02-6.353595853e-02-7.013528049e-02
-7.703512162e-02-8.411209285e-02-9.126453102e-02-9.837778658e-02-1.053240970e-01
-1.119745225e-01-1.182142794e-01-1.239580289e-01-1.291603297e-01-1.338173151e-01
-1.379334629e-01-1.415499300e-01-1.447647512e-01-1.476321369e-01-1.501946002e-01
-2.199350856e-02-2.098351158e-02-2.012152970e-02-1.945225522e-02-1.896075159e-02
-1.864165626e-02-1.849604398e-02-1.853642799e-02-1.878506318e-02-1.927139424e-02
-2.002799511e-02-2.108665928e-02-2.247776091e-02-2.422876656e-02-2.636579983e-02
-2.891285345e-02-3.189049289e-02-3.531686589e-02-3.920836747e-02-4.357906803e-02
-4.843952507e-02-5.379541591e-02-5.964540318e-02-6.597721577e-02-7.277675718e-02
-8.009891957e-02-8.779915422e-02-9.575659782e-02-1.038304493e-01-1.118270531e-01
-1.195080280e-01-1.266134232e-01-1.329097599e-01-1.382286400e-01-1.424936354e-01
-1.458002329e-01-1.482960135e-01-1.501652896e-01-1.515848935e-01-1.526971906e-01
-1.536025405e-01-1.987646706e-02-1.873868890e-02-1.814083010e-02-1.795365848e-02
-1.802884787e-02-1.829747297e-02-1.873411052e-02-1.933892630e-02-2.012755722e-02
-2.112457901e-02-2.235919982e-02-2.386254258e-02-2.566604502e-02-2.780064382e-02
-3.029642254e-02-3.318250552e-02-3.648710623e-02-4.023779556e-02-4.446174949e-02
-4.918595403e-02-5.443726853e-02-6.024242938e-02-6.662781537e-02-7.362030447e-02
-8.125729859e-02-8.955099434e-02-9.846831858e-02-1.079353988e-01-1.178096682e-01
-1.278079748e-01-1.374363899e-01-1.460534334e-01-1.529969275e-01-1.579697877e-01
-1.608344167e-01-1.619039625e-01-1.617663056e-01-1.609467417e-01-1.598573923e-01
-1.587351412e-01-1.576969028e-01-1.286178548e-02-1.330908481e-02-1.438767742e-02
-1.540883537e-02-1.640538871e-02-1.740672626e-02-1.845267229e-02-1.958357543e-02
-2.083915658e-02-2.225829288e-02-2.387860045e-02-2.573651075e-02-2.786748111e-02
-3.030617908e-02-3.308665007e-02-3.624263406e-02-3.980824351e-02-4.381895065e-02
-4.831210524e-02-5.332703143e-02-5.890620127e-02-6.509899348e-02-7.196485251e-02
-7.957652956e-02-8.801952749e-02-9.739297628e-02-1.078138724e-01-1.193830147e-01
-1.322274953e-01-1.463406682e-01-1.611268669e-01-1.746191382e-01-1.841820776e-01
-1.887077838e-01-1.881527901e-01-1.836555302e-01-1.778412163e-01-1.724554151e-01
-1.678858995e-01-1.641095728e-01-1.610096693e-01-7.694019470e-03-9.140242822e-03
-1.157722436e-02-1.357296109e-02-1.526750810e-02-1.678484119e-02-1.823841967e-02
-1.971337013e-02-2.127341367e-02-2.296904661e-02-2.484269254e-02-2.693272941e-02
-2.927668393e-02-3.191203624e-02-3.487465158e-02-3.819920868e-02-4.192072526e-02
-4.607876390e-02-5.072299019e-02-5.590680987e-02-6.165873632e-02-6.804197282e-02
-7.513805479e-02-8.305056393e-02-9.191320837e-02-1.019045115e-01-1.132791936e-01
-1.264209598e-01-1.419390589e-01-1.608606428e-01-1.851472408e-01-2.094920129e-01
-2.232961059e-01-2.271264941e-01-2.194223702e-01-2.027503550e-01-1.891085804e-01
-1.791464537e-01-1.716984510e-01-1.659729779e-01-1.614739150e-01-8.949848823e-03
-1.022637729e-02-1.235526707e-02-1.410864666e-02-1.564089768e-02-1.706209593e-02
-1.849055663e-02-2.000844665e-02-2.164951339e-02-2.344454825e-02-2.542766184e-02
-2.760646306e-02-3.002586961e-02-3.274211287e-02-3.579309210e-02-3.918420523e-02
-4.295300692e-02-4.714122415e-02-5.180419236e-02-5.696307495e-02-6.265437603e-02
-6.893806159e-02-7.588890940e-02-8.360102773e-02-9.219563752e-02-1.018335745e-01
-1.127317771e-01-1.252002865e-01-1.397025138e-01-1.569559425e-01-1.784631610e-01
-1.998285204e-01-2.119355500e-01-2.153856158e-01-2.086635232e-01-1.945313960e-01
-1.831201613e-01-1.743348241e-01-1.674539000e-01-1.619657427e-01-1.571352929e-01
-1.132480241e-02-1.615444198e-02-1.622471586e-02-1.671331003e-02-1.741513237e-02
-1.825658046e-02-1.932766475e-02-2.062831819e-02-2.215345018e-02-2.382276207e-02
-2.571668103e-02-2.788196690e-02-3.032052517e-02-3.302450478e-02-3.602864221e-02
-3.936480358e-02-4.306726158e-02-4.716512561e-02-5.168054625e-02-5.663217977e-02
-6.204678863e-02-6.796149164e-02-7.442267239e-02-8.148451149e-02-8.920761943e-02
-9.765610844e-02-1.068912148e-01-1.169472337e-01-1.277845055e-01-1.391687840e-01
-1.504177749e-01-1.603641659e-01-1.674986482e-01-1.710727662e-01-1.710694730e-01
-1.684434563e-01-1.645577103e-01-1.603754163e-01-1.563911140e-01-1.528551131e-01
-1.701443344e-01
 1.710059524e+00 1.732933879e+00 1.741329789e+00 1.731651306e+00 1.732091546e+00
 1.743261099e+00 1.763748646e+00 1.793644786e+00 1.829217076e+00 1.869610548e+00
 1.916250944e+00 1.967747569e+00 2.021361113e+00 2.077299118e+00 2.135746956e+00
 2.195073843e+00 2.256114006e+00 2.318371296e+00 2.383427382e+00 2.453370571e+00
 2.528226614e+00 2.611583233e+00 2.703413963e+00 2.802834272e+00 2.915471077e+00
 3.042430162e+00 3.185284138e+00 3.347643137e+00 3.531235695e+00 3.744110584e+00
 3.990881443e+00 4.274928570e+00 4.610927105e+00 5.007483006e+00 5.480814934e+00
 6.056715488e+00 6.767615795e+00 7.681030273e+00 9.011478424e+00 1.146545792e+01
 1.630430412e+01
  201   33
 1.905860156e-01-4.116397351e-03 1.906148940e-01 2.213873155e-02 1.907362342e-01
 4.843813553e-02 1.909524947e-01 7.482513040e-02 1.912671775e-01 1.013432965e-01
 1.916839033e-01 1.280368418e-01 1.922062486e-01 1.549509764e-01 1.928392798e-01
 1.821319759e-01 1.935920715e-01 2.096267343e-01 1.944717020e-01 2.374842614e-01
 1.954859793e-01 2.657555938e-01 1.966517568e-01 2.944913208e-01 1.979799867e-01
 3.237462938e-01 1.994775981e-01 3.535805941e-01 2.011662722e-01 3.840522170e-01
 2.030699849e-01 4.152213335e-01 2.052125782e-01 4.471519291e-01 2.076324672e-01
 4.799041748e-01 2.103632987e-01 5.135446787e-01 2.134535611e-01 5.481348634e-01
 2.169638127e-01 5.837311745e-01 2.209240496e-01 6.204161644e-01 2.254332602e-01
 6.582250595e-01 2.305350304e-01 6.972389817e-01 2.363409698e-01 7.374852896e-01
 2.429654151e-01 7.789847255e-01 2.505482137e-01 8.217267990e-01 2.592169046e-01
 8.657038212e-01 2.690915763e-01 9.109091759e-01 2.802892625e-01 9.573339224e-01
 2.930536568e-01 1.004789352e+00 3.074527383e-01 1.053291678e+00 3.238301873e-01
 1.102431059e+00 3.419036865e-01 1.152739763e+00 3.624053597e-01 1.203078866e+00
 3.848928213e-01 1.254257917e+00 4.149876535e-01 1.294492364e+00 4.615280032e-01
 1.300455213e+00 5.144683123e-01 1.288033247e+00 5.673131943e-01 1.270120025e+00
 6.189489365e-01 1.248862743e+00 6.689014435e-01 1.225253940e+00 7.166975141e-01
 1.200796366e+00 7.624751329e-01 1.175123692e+00 8.064519763e-01 1.147143483e+00
 8.481447697e-01 1.119237542e+00 8.875077963e-01 1.092689276e+00 9.250186086e-01
 1.064859509e+00 9.605987668e-01 1.036463976e+00 9.941940904e-01 1.010081530e+00
 1.026066542e+00 9.831020832e-01 1.056225300e+00 9.555503130e-01 1.084779143e+00
 9.290932417e-01 1.111824393e+00 9.031062126e-01 1.137270570e+00 8.761541247e-01
 1.161263704e+00 8.494849801e-01 1.183977008e+00 8.236791492e-01 1.205265284e+00
 7.975724339e-01 1.225113153e+00 7.711189985e-01 1.243851900e+00 7.455058098e-01
 1.261267900e+00 7.197587490e-01 1.277480364e+00 6.942121983e-01 1.292817712e+00
 6.696200967e-01 1.307201862e+00 6.455489993e-01 1.320631266e+00 6.218654513e-01
 1.333164811e+00 5.985979438e-01 1.345021605e+00 5.760606527e-01 1.356232166e+00
 5.541630983e-01 1.366716266e+00 5.326617360e-01 1.376459718e+00 5.114715099e-01
 1.385699987e+00 4.908766747e-01 1.394515395e+00 4.708849490e-01 1.402880788e+00
 4.513737857e-01 1.410707951e+00 4.321736991e-01 1.418091416e+00 4.133477509e-01
 1.425106883e+00 3.949239552e-01 1.431805730e+00 3.768981397e-01 1.438251972e+00
 3.592739403e-01 1.444441319e+00 3.419933915e-01 1.450433969e+00 3.250567317e-01
 1.456169248e+00 3.083715737e-01 1.461590886e+00 2.918656468e-01 1.466693163e+00
 2.755137682e-01 1.471504688e+00 2.593150139e-01 1.476165533e+00 2.433276772e-01
 1.480706334e+00 2.275342047e-01 1.485015512e+00 2.118486762e-01 1.489010811e+00
 1.962175369e-01 1.492625475e+00 1.806074083e-01 1.495833158e+00 1.650100648e-01
 1.498724222e+00 1.494594365e-01 1.501323581e+00 1.339585781e-01 1.503639102e+00
 1.185034513e-01 1.505673289e+00 1.030884683e-01 1.507423639e+00 8.770744503e-02
 1.508890510e+00 7.235547155e-02 1.510082722e+00 5.702913553e-02 1.511004925e+00
 4.172383994e-02 1.511659741e+00 2.643461153e-02 1.512049556e+00 1.115630660e-02
 1.512176156e+00-4.116324242e-03 1.512039304e+00-1.938854903e-02 1.511637449e+00
-3.466577083e-02 1.510969281e+00-4.995303601e-02 1.510033131e+00-6.525544077e-02
 1.508826852e+00-8.057795465e-02 1.507345676e+00-9.592514485e-02 1.505586267e+00
-1.113015711e-01 1.503550768e+00-1.267133206e-01 1.501237750e+00-1.421662122e-01
 1.498639703e+00-1.576645374e-01 1.495742202e+00-1.732098460e-01 1.492470145e+00
-1.887784600e-01 1.488781095e+00-2.043507099e-01 1.484737396e+00-2.199503481e-01
 1.480420828e+00-2.356212437e-01 1.475929260e+00-2.514303625e-01 1.471366405e+00
-2.674658298e-01 1.466620088e+00-2.837000191e-01 1.461618304e+00-3.001168966e-01
 1.456330180e+00-3.167209923e-01 1.450756550e+00-3.335394859e-01 1.444941998e+00
-3.506400585e-01 1.438860297e+00-3.680427670e-01 1.432497144e+00-3.857798278e-01
 1.425888658e+00-4.039383233e-01 1.418985486e+00-4.225323498e-01 1.411708951e+00
-4.415416121e-01 1.403895020e+00-4.608323276e-01 1.395513415e+00-4.804041088e-01
 1.386701822e+00-5.004879832e-01 1.377534032e+00-5.212848186e-01 1.367798686e+00
-5.425997972e-01 1.357248783e+00-5.641146898e-01 1.345978737e+00-5.860341191e-01
 1.334155917e+00-6.087754965e-01 1.321570516e+00-6.320939660e-01 1.307955861e+00
-6.555236578e-01 1.293404222e+00-6.793337464e-01 1.278009176e+00-7.039135098e-01
 1.261668801e+00-7.292248607e-01 1.244126081e+00-7.546817660e-01 1.225378275e+00
-7.803835273e-01 1.205499053e+00-8.068506122e-01 1.184078932e+00-8.324455023e-01
 1.161286473e+00-8.578603864e-01 1.137296677e+00-8.845923543e-01 1.111806631e+00
-9.111496806e-01 1.084734559e+00-9.366155267e-01 1.056208372e+00-9.632384777e-01
 1.026066780e+00-9.904828668e-01 9.942426682e-01-1.016773820e+00 9.606840611e-01
-1.043344140e+00 9.251456857e-01-1.071749330e+00 8.877463937e-01-1.099034667e+00
 8.484314680e-01-1.125661135e+00 8.067105412e-01-1.154021740e+00 7.628463507e-01
-1.181696773e+00 7.171842456e-01-1.207134247e+00 6.692532897e-01-1.232276320e+00
 6.190848947e-01-1.256677866e+00 5.670714378e-01-1.279024959e+00 5.133911967e-01
-1.298987150e+00 4.577711821e-01-1.317369938e+00 4.044303894e-01-1.333803177e+00
 3.811351955e-01-1.269865870e+00 3.610717654e-01-1.213737726e+00 3.416022658e-01
-1.161482573e+00 3.239805102e-01-1.110427260e+00 3.078651130e-01-1.060917974e+00
 2.936648726e-01-1.012181044e+00 2.809820771e-01-9.646737576e-01 2.698650360e-01
-9.182071686e-01 2.599869072e-01-8.730633855e-01 2.513383031e-01-8.291183710e-01
 2.437227219e-01-7.864603400e-01 2.370789051e-01-7.450252175e-01 2.312330157e-01
-7.048565149e-01 2.261046022e-01-6.659025550e-01 2.215585858e-01-6.281568408e-01
 2.175631821e-01-5.915285945e-01 2.140189856e-01-5.559834242e-01 2.108897269e-01
-5.214434266e-01 2.081269622e-01-4.878445864e-01 2.056747228e-01-4.551306665e-01
 2.035018206e-01-4.232341051e-01 2.015701979e-01-3.920949697e-01 1.998535842e-01
-3.616507053e-01 1.983304769e-01-3.318403363e-01 1.969762146e-01-3.026073277e-01
 1.957822591e-01-2.738921642e-01 1.947408319e-01-2.456388772e-01 1.938347667e-01
-2.177972198e-01 1.930547953e-01-1.903166026e-01 1.923943758e-01-1.631478816e-01
 1.918452382e-01-1.362440884e-01 1.914006174e-01-1.095592380e-01 1.910555810e-01
-8.304817975e-02 1.908059269e-01-5.666654557e-02 1.906495839e-01-3.037043475e-02
 1.905860156e-01-4.116397351e-03
 1.851000041e-01 0.000000000e+00 1.851000041e-01 1.008100033e+00 2.793999910e-01
 1.171399951e+00 2.793999910e-01 1.577999949e+00 2.978999913e-01 1.603399992e+00
 5.712000132e-01 1.603399992e+00 6.169999838e-01 1.628000021e+00 1.043300033e+00
 1.460287452e+00 1.043300033e+00 1.429999948e+00 1.319200039e+00 1.039700031e+00
 1.335800052e+00 9.976000190e-01 1.485100031e+00 5.450000167e-01 1.483999968e+00
 4.900000095e-01 1.559000015e+00 1.141000018e-01 1.565000057e+00 7.636000216e-02
 1.569000006e+00 3.826100007e-02 1.570000052e+00 0.000000000e+00 1.569000006e+00
-3.826100007e-02 1.565000057e+00-7.636000216e-02 1.559000015e+00-1.141000018e-01
 1.483999968e+00-4.900000095e-01 1.485100031e+00-5.450000167e-01 1.335800052e+00
-9.976000190e-01 1.319200039e+00-1.039700031e+00 1.043300033e+00-1.429999948e+00
 1.043300033e+00-1.460287452e+00 6.169999838e-01-1.628000021e+00 5.712000132e-01
-1.603399992e+00 2.978999913e-01-1.603399992e+00 2.793999910e-01-1.577999949e+00
 2.793999910e-01-1.171399951e+00 1.851000041e-01-1.008100033e+00 1.851000041e-01
 0.000000000e+00
    0 0.000000000e+00    0
 0.000000000e+00 1.123821214e-01 1.568178833e-01 1.920149475e-01 2.217190266e-01
 2.479699850e-01 2.718984187e-01 2.941908836e-01 3.152807951e-01 3.354452252e-01
 3.549014032e-01 3.738109171e-01 3.922861814e-01 4.104024172e-01 4.282269180e-01
 4.458079636e-01 4.631821215e-01 4.803836942e-01 4.974433184e-01 5.144026875e-01
 5.313037038e-01 5.481943488e-01 5.651313066e-01 5.821568966e-01 5.993257165e-01
 6.167054176e-01 6.343632340e-01 6.523719430e-01 6.708117127e-01 6.897758842e-01
 7.093824148e-01 7.297514081e-01 7.510288954e-01 7.734009624e-01 7.970772982e-01
 8.223296404e-01 8.495125175e-01 8.791176677e-01 9.120514989e-01 9.506682158e-01
 1.000684857e+00
    1
 3.021580566e+03 2.784495361e+03 2.558708252e+03 2.352343750e+03 2.167683105e+03
 2.000603271e+03 1.841937500e+03 1.686896362e+03 1.541518188e+03 1.410332275e+03
 1.293623169e+03 1.187490356e+03 1.085283569e+03 9.869160156e+02 8.975194092e+02
 8.197316284e+02 7.528430786e+02 6.928483887e+02 6.349109497e+02 5.800600586e+02
 5.310151367e+02 4.888041687e+02 4.523993530e+02 4.190893860e+02 3.864357910e+02
 3.548071289e+02 3.248017883e+02 2.965260620e+02 2.695858765e+02 2.431869965e+02
 2.163751373e+02 1.883067474e+02 1.585159454e+02 1.270369034e+02 9.440341187e+01
 6.174907303e+01 3.259008408e+01 1.073184013e+01 2.513868809e-01 4.224220663e-02
-2.289674921e-05
