  EFITD    08/02/2006    #124995  2500ms           3  65  65
 0.170000000E+01 0.320000000E+01 0.169550002E+01 0.840000000E+00 0.000000000E+00
 0.168942164E+01 0.121414009E-01-0.158796771E+00 0.332573902E-01-0.995659041E+00
 0.804890720E+06-0.158796771E+00 0.000000000E+00 0.168942164E+01 0.000000000E+00
 0.121414009E-01 0.000000000E+00 0.332573902E-01 0.000000000E+00 0.000000000E+00
-0.179383469E+01-0.179058631E+01-0.178738640E+01-0.178423511E+01-0.178113260E+01
-0.177807905E+01-0.177507458E+01-0.177211937E+01-0.176921354E+01-0.176635726E+01
-0.176355065E+01-0.176079386E+01-0.175808703E+01-0.175543027E+01-0.175282373E+01
-0.175026752E+01-0.174776176E+01-0.174530657E+01-0.174290207E+01-0.174054836E+01
-0.173824554E+01-0.173599373E+01-0.173379301E+01-0.173164348E+01-0.172954522E+01
-0.172749833E+01-0.172550289E+01-0.172355897E+01-0.172166664E+01-0.171982597E+01
-0.171803703E+01-0.171629987E+01-0.171461455E+01-0.171298112E+01-0.171139963E+01
-0.170987011E+01-0.170839261E+01-0.170696715E+01-0.170559377E+01-0.170427248E+01
-0.170300330E+01-0.170178626E+01-0.170062135E+01-0.169950857E+01-0.169844794E+01
-0.169743944E+01-0.169648306E+01-0.169557878E+01-0.169472660E+01-0.169392647E+01
-0.169317837E+01-0.169248227E+01-0.169183813E+01-0.169124590E+01-0.169070553E+01
-0.169021697E+01-0.168978015E+01-0.168939502E+01-0.168906151E+01-0.168877954E+01
-0.168854903E+01-0.168836991E+01-0.168824208E+01-0.168816545E+01-0.168813992E+01
 0.103014461E+05 0.997551784E+04 0.965503048E+04 0.933997417E+04 0.903033903E+04
 0.872611522E+04 0.842729286E+04 0.813386209E+04 0.784581305E+04 0.756313588E+04
 0.728582072E+04 0.701385770E+04 0.674723697E+04 0.648594865E+04 0.622998289E+04
 0.597932983E+04 0.573397960E+04 0.549392234E+04 0.525914819E+04 0.502964729E+04
 0.480540977E+04 0.458642577E+04 0.437268543E+04 0.416417889E+04 0.396089628E+04
 0.376282775E+04 0.356996342E+04 0.338229345E+04 0.319980796E+04 0.302249709E+04
 0.285035099E+04 0.268335978E+04 0.252151361E+04 0.236480262E+04 0.221321694E+04
 0.206674671E+04 0.192538206E+04 0.178911315E+04 0.165793009E+04 0.153182304E+04
 0.141078213E+04 0.129479749E+04 0.118385927E+04 0.107795760E+04 0.977082615E+03
 0.881224462E+03 0.790373274E+03 0.704519189E+03 0.623652345E+03 0.547762880E+03
 0.476840931E+03 0.410876636E+03 0.349860133E+03 0.293781560E+03 0.242631054E+03
 0.196398753E+03 0.155074795E+03 0.118649317E+03 0.871124577E+02 0.604543545E+02
 0.386651450E+02 0.217349671E+02 0.965395843E+01 0.241225683E+01 0.000000000E+00
-0.195625204E+01-0.192384001E+01-0.189148656E+01-0.185919171E+01-0.182695545E+01
-0.179477778E+01-0.176265870E+01-0.173059821E+01-0.169859631E+01-0.166665300E+01
-0.163476828E+01-0.160294215E+01-0.157117461E+01-0.153946566E+01-0.150781530E+01
-0.147622353E+01-0.144469036E+01-0.141321577E+01-0.138179977E+01-0.135044236E+01
-0.131914355E+01-0.128790332E+01-0.125672168E+01-0.122559864E+01-0.119453418E+01
-0.116352832E+01-0.113258104E+01-0.110169236E+01-0.107086226E+01-0.104009076E+01
-0.100937784E+01-0.978723521E+00-0.948127787E+00-0.917590645E+00-0.887112092E+00
-0.856692129E+00-0.826330757E+00-0.796027976E+00-0.765783784E+00-0.735598183E+00
-0.705471172E+00-0.675402751E+00-0.645392921E+00-0.615441681E+00-0.585549031E+00
-0.555714972E+00-0.525939503E+00-0.496222624E+00-0.466564336E+00-0.436964637E+00
-0.407423530E+00-0.377941012E+00-0.348517085E+00-0.319151748E+00-0.289845001E+00
-0.260596844E+00-0.231407278E+00-0.202276302E+00-0.173203917E+00-0.144190122E+00
-0.115234917E+00-0.863383021E-01-0.575002778E-01-0.287208437E-01-0.000000000E+00
-0.109519499E+06-0.107704732E+06-0.105893252E+06-0.104085059E+06-0.102280151E+06
-0.100478531E+06-0.986801966E+05-0.968851489E+05-0.950933877E+05-0.933049130E+05
-0.915197247E+05-0.897378230E+05-0.879592077E+05-0.861838790E+05-0.844118367E+05
-0.826430810E+05-0.808776117E+05-0.791154289E+05-0.773565326E+05-0.756009228E+05
-0.738485995E+05-0.720995627E+05-0.703538123E+05-0.686113485E+05-0.668721711E+05
-0.651362803E+05-0.634036759E+05-0.616743580E+05-0.599483266E+05-0.582255818E+05
-0.565061234E+05-0.547899514E+05-0.530770660E+05-0.513674671E+05-0.496611547E+05
-0.479581287E+05-0.462583893E+05-0.445619363E+05-0.428687698E+05-0.411788898E+05
-0.394922964E+05-0.378089894E+05-0.361289689E+05-0.344522348E+05-0.327787873E+05
-0.311086263E+05-0.294417517E+05-0.277781637E+05-0.261178621E+05-0.244608471E+05
-0.228071185E+05-0.211566764E+05-0.195095208E+05-0.178656517E+05-0.162250691E+05
-0.145877730E+05-0.129537633E+05-0.113230402E+05-0.969560356E+04-0.807145341E+04
-0.645058974E+04-0.483301257E+04-0.321872189E+04-0.160771770E+04-0.000000000E+00
 0.505055856E-01 0.466692589E-01 0.425142270E-01 0.380035849E-01 0.331553989E-01
 0.280383026E-01 0.227510799E-01 0.173925156E-01 0.130896698E-01 0.109527624E-01
 0.813386002E-02 0.313817053E-02-0.251450846E-02-0.592582139E-02-0.759973627E-02
-0.772368766E-02-0.631162151E-02-0.327304825E-02 0.162615059E-02 0.886265235E-02
 0.193414836E-01 0.302629105E-01 0.395043541E-01 0.478317123E-01 0.556924629E-01
 0.633856470E-01 0.711541649E-01 0.792402347E-01 0.879352741E-01 0.975808561E-01
 0.106133962E+00 0.112930632E+00 0.118193786E+00 0.121799080E+00 0.123669567E+00
 0.123570371E+00 0.122296140E+00 0.121983639E+00 0.122318299E+00 0.123111693E+00
 0.124253133E+00 0.125675797E+00 0.127335565E+00 0.129198828E+00 0.131236333E+00
 0.133420476E+00 0.135724179E+00 0.138120402E+00 0.140581887E+00 0.143081041E+00
 0.145589954E+00 0.148080562E+00 0.150524974E+00 0.152895955E+00 0.155167548E+00
 0.157315782E+00 0.159319399E+00 0.161160542E+00 0.162825304E+00 0.164304093E+00
 0.165591762E+00 0.166687487E+00 0.167594429E+00 0.168319198E+00 0.168871207E+00
 0.475487003E-01 0.430870175E-01 0.382194626E-01 0.328686465E-01 0.270166169E-01
 0.207440829E-01 0.149105308E-01 0.107583435E-01 0.850020188E-02 0.813891172E-02
 0.712359095E-02 0.473740816E-02 0.200372612E-02 0.145179545E-03-0.605313545E-03
-0.180711650E-03 0.148923917E-02 0.450785841E-02 0.901948958E-02 0.151951056E-01
 0.230703001E-01 0.315480997E-01 0.396375464E-01 0.473655840E-01 0.548910361E-01
 0.623842870E-01 0.700225849E-01 0.780086044E-01 0.866069096E-01 0.961272720E-01
 0.104611342E+00 0.111377560E+00 0.116624149E+00 0.120302170E+00 0.122310305E+00
 0.122395318E+00 0.121419665E+00 0.121411883E+00 0.122079259E+00 0.123234282E+00
 0.124762558E+00 0.126590535E+00 0.128667758E+00 0.130956509E+00 0.133425656E+00
 0.136047011E+00 0.138793204E+00 0.141636422E+00 0.144547682E+00 0.147496441E+00
 0.150450514E+00 0.153376261E+00 0.156239085E+00 0.159004223E+00 0.161637811E+00
 0.164108147E+00 0.166387037E+00 0.168451062E+00 0.170282625E+00 0.171870618E+00
 0.173210653E+00 0.174304797E+00 0.175160904E+00 0.175791606E+00 0.176213136E+00
 0.452291129E-01 0.404462705E-01 0.351661392E-01 0.291430902E-01 0.222653110E-01
 0.166892067E-01 0.128977299E-01 0.109530256E-01 0.109041986E-01 0.111281340E-01
 0.109208278E-01 0.103555730E-01 0.973965006E-02 0.942105561E-02 0.966891041E-02
 0.106596128E-01 0.125087383E-01 0.152926502E-01 0.190474922E-01 0.237429603E-01
 0.292386189E-01 0.352827322E-01 0.416208441E-01 0.481018986E-01 0.546780072E-01
 0.613633843E-01 0.682029649E-01 0.752516217E-01 0.825470021E-01 0.899778248E-01
 0.968898519E-01 0.102847509E+00 0.107772395E+00 0.111631899E+00 0.114403775E+00
 0.116130190E+00 0.117308928E+00 0.118637805E+00 0.120253373E+00 0.122155828E+00
 0.124324312E+00 0.126734979E+00 0.129364973E+00 0.132192683E+00 0.135196886E+00
 0.138355670E+00 0.141645418E+00 0.145039943E+00 0.148509803E+00 0.152021806E+00
 0.155538800E+00 0.159019829E+00 0.162420760E+00 0.165695487E+00 0.168797705E+00
 0.171683176E+00 0.174312245E+00 0.176652304E+00 0.178679825E+00 0.180381663E+00
 0.181755421E+00 0.182808857E+00 0.183558446E+00 0.184027374E+00 0.184243290E+00
 0.435907703E-01 0.389154231E-01 0.339296597E-01 0.284342989E-01 0.225642366E-01
 0.187478808E-01 0.172387816E-01 0.167635279E-01 0.164981269E-01 0.163308463E-01
 0.162029939E-01 0.161313048E-01 0.162026767E-01 0.165421104E-01 0.172774303E-01
 0.185169892E-01 0.203405762E-01 0.227960627E-01 0.258959197E-01 0.296128767E-01
 0.338795536E-01 0.385993974E-01 0.436693073E-01 0.490020032E-01 0.545357917E-01
 0.602307190E-01 0.660563301E-01 0.719739387E-01 0.779131553E-01 0.837490428E-01
 0.893107753E-01 0.944389782E-01 0.990318984E-01 0.103050536E+00 0.106517382E+00
 0.109526364E+00 0.112241961E+00 0.114848481E+00 0.117486013E+00 0.120237173E+00
 0.123144702E+00 0.126228299E+00 0.129494538E+00 0.132941961E+00 0.136563417E+00
 0.140346900E+00 0.144275564E+00 0.148327249E+00 0.152473747E+00 0.156679993E+00
 0.160903358E+00 0.165093348E+00 0.169192028E+00 0.173135526E+00 0.176856867E+00
 0.180290072E+00 0.183375103E+00 0.186062887E+00 0.188319523E+00 0.190128923E+00
 0.191493427E+00 0.192432307E+00 0.192978517E+00 0.193174391E+00 0.193067122E+00
 0.421093694E-01 0.378226749E-01 0.338037971E-01 0.299388621E-01 0.264221891E-01
 0.244559225E-01 0.231693027E-01 0.223308487E-01 0.218013653E-01 0.214973649E-01
 0.213787867E-01 0.214438847E-01 0.217225001E-01 0.222653159E-01 0.231312633E-01
 0.243762844E-01 0.260450789E-01 0.281657350E-01 0.307466187E-01 0.337754235E-01
 0.372209332E-01 0.410378769E-01 0.451739271E-01 0.495764266E-01 0.541963267E-01
 0.589881907E-01 0.639067082E-01 0.689011980E-01 0.739105181E-01 0.788620023E-01
 0.836778046E-01 0.882877343E-01 0.926425469E-01 0.967226396E-01 0.100541624E+00
 0.104145109E+00 0.107603149E+00 0.110996253E+00 0.114400341E+00 0.117877403E+00
 0.121473295E+00 0.125219664E+00 0.129136920E+00 0.133236737E+00 0.137523660E+00
 0.141995815E+00 0.146644857E+00 0.151455245E+00 0.156402926E+00 0.161453516E+00
 0.166560186E+00 0.171661636E+00 0.176680924E+00 0.181526235E+00 0.186094793E+00
 0.190280467E+00 0.193984204E+00 0.197125108E+00 0.199649660E+00 0.201537343E+00
 0.202801730E+00 0.203486739E+00 0.203658729E+00 0.203396416E+00 0.202781240E+00
 0.393359830E-01 0.348969918E-01 0.327707830E-01 0.312610436E-01 0.297644073E-01
 0.285039934E-01 0.275293539E-01 0.268161916E-01 0.263292363E-01 0.260425223E-01
 0.259448428E-01 0.260403992E-01 0.263468188E-01 0.268912559E-01 0.277053948E-01
 0.288203243E-01 0.302620714E-01 0.320482433E-01 0.341859681E-01 0.366712083E-01
 0.394894350E-01 0.426174697E-01 0.460260028E-01 0.496820733E-01 0.535508171E-01
 0.575961211E-01 0.617803010E-01 0.660633878E-01 0.704029272E-01 0.747552174E-01
 0.790784455E-01 0.833372760E-01 0.875076507E-01 0.915804407E-01 0.955630382E-01
 0.994784778E-01 0.103362126E+00 0.107256629E+00 0.111206478E+00 0.115253618E+00
 0.119434841E+00 0.123780801E+00 0.128316054E+00 0.133059486E+00 0.138024687E+00
 0.143219975E+00 0.148647894E+00 0.154303982E+00 0.160174616E+00 0.166233659E+00
 0.172437672E+00 0.178719680E+00 0.184982232E+00 0.191092269E+00 0.196882881E+00
 0.202167506E+00 0.206765774E+00 0.210531116E+00 0.213370764E+00 0.215256834E+00
 0.216229453E+00 0.216389162E+00 0.215876139E+00 0.214842587E+00 0.213430237E+00
 0.378839688E-01 0.334560286E-01 0.323295219E-01 0.322178335E-01 0.318453519E-01
 0.313657293E-01 0.308849723E-01 0.304636279E-01 0.301357260E-01 0.299231804E-01
 0.298443855E-01 0.299185064E-01 0.301669381E-01 0.306129503E-01 0.312802510E-01
 0.321910572E-01 0.333641417E-01 0.348131977E-01 0.365457330E-01 0.385625977E-01
 0.408581423E-01 0.434209006E-01 0.462346021E-01 0.492792699E-01 0.525321884E-01
 0.559686299E-01 0.595623822E-01 0.632862604E-01 0.671128610E-01 0.710157755E-01
 0.749713183E-01 0.789605858E-01 0.829714686E-01 0.870001737E-01 0.910518955E-01
 0.951404602E-01 0.992869966E-01 0.103517919E+00 0.107862663E+00 0.112351618E+00
 0.117014580E+00 0.121879794E+00 0.126973515E+00 0.132319892E+00 0.137940968E+00
 0.143856585E+00 0.150083969E+00 0.156636705E+00 0.163522664E+00 0.170740162E+00
 0.178271133E+00 0.186069333E+00 0.194040695E+00 0.202013488E+00 0.209706590E+00
 0.216742410E+00 0.222746383E+00 0.227439749E+00 0.230658058E+00 0.232352511E+00
 0.232611316E+00 0.231677131E+00 0.229885491E+00 0.227548514E+00 0.224902227E+00
 0.384466051E-01 0.341813204E-01 0.335879226E-01 0.340181663E-01 0.341654132E-01
 0.341178895E-01 0.339514295E-01 0.337299510E-01 0.335049891E-01 0.333182117E-01
 0.332044496E-01 0.331941280E-01 0.333147845E-01 0.335917304E-01 0.340480510E-01
 0.347041882E-01 0.355773351E-01 0.366808406E-01 0.380237662E-01 0.396106813E-01
 0.414417238E-01 0.435129050E-01 0.458165943E-01 0.483421066E-01 0.510763217E-01
 0.540042983E-01 0.571098900E-01 0.603764079E-01 0.637873913E-01 0.673275227E-01
 0.709836736E-01 0.747459946E-01 0.786089131E-01 0.825718803E-01 0.866397379E-01
 0.908226452E-01 0.951355919E-01 0.995976075E-01 0.104230833E+00 0.109059633E+00
 0.114109892E+00 0.119408580E+00 0.124983615E+00 0.130863989E+00 0.137080123E+00
 0.143664367E+00 0.150651576E+00 0.158079643E+00 0.165989738E+00 0.174425797E+00
 0.183432147E+00 0.193046632E+00 0.203282652E+00 0.214085125E+00 0.225192954E+00
 0.235416657E+00 0.243745984E+00 0.249880956E+00 0.253618651E+00 0.254806145E+00
 0.253367606E+00 0.249859886E+00 0.245622762E+00 0.241154779E+00 0.236709286E+00
 0.407009336E-01 0.366418403E-01 0.361941237E-01 0.368290048E-01 0.371637617E-01
 0.372572964E-01 0.371728096E-01 0.369715904E-01 0.367091097E-01 0.364338035E-01
 0.361874233E-01 0.360060090E-01 0.359209045E-01 0.359595417E-01 0.361459218E-01
 0.365008277E-01 0.370418541E-01 0.377833485E-01 0.387363466E-01 0.399085639E-01
 0.413044781E-01 0.429255146E-01 0.447703275E-01 0.468351576E-01 0.491142482E-01
 0.516003070E-01 0.542850096E-01 0.571595521E-01 0.602152571E-01 0.634442306E-01
 0.668400448E-01 0.703984058E-01 0.741177470E-01 0.779996899E-01 0.820493261E-01
 0.862753023E-01 0.906897238E-01 0.953079277E-01 0.100148200E+00 0.105231525E+00
 0.110581443E+00 0.116224103E+00 0.122188544E+00 0.128507287E+00 0.135217268E+00
 0.142361209E+00 0.149989555E+00 0.158163190E+00 0.166957309E+00 0.176467094E+00
 0.186816477E+00 0.198172686E+00 0.210773244E+00 0.224986366E+00 0.241104771E+00
 0.255658971E+00 0.267025030E+00 0.275130190E+00 0.279811244E+00 0.280658396E+00
 0.277518463E+00 0.269951758E+00 0.261793063E+00 0.254359609E+00 0.247678405E+00
 0.444090541E-01 0.405471548E-01 0.401304729E-01 0.407641771E-01 0.410386721E-01
 0.410188191E-01 0.407809805E-01 0.403951986E-01 0.399222853E-01 0.394138790E-01
 0.389136360E-01 0.384586514E-01 0.380807307E-01 0.378073893E-01 0.376625677E-01
 0.376671049E-01 0.378390260E-01 0.381937074E-01 0.387439711E-01 0.395001541E-01
 0.404701858E-01 0.416596983E-01 0.430721839E-01 0.447092056E-01 0.465706603E-01
 0.486550914E-01 0.509600500E-01 0.534825002E-01 0.562192658E-01 0.591675025E-01
 0.623251796E-01 0.656915403E-01 0.692675165E-01 0.730560750E-01 0.770624785E-01
 0.812944574E-01 0.857623057E-01 0.904789268E-01 0.954598724E-01 0.100723425E+00
 0.106290777E+00 0.112186376E+00 0.118438487E+00 0.125080068E+00 0.132150048E+00
 0.139695167E+00 0.147772607E+00 0.156453771E+00 0.165829831E+00 0.176020028E+00
 0.187184466E+00 0.199544320E+00 0.213413832E+00 0.229244719E+00 0.247643623E+00
 0.266439411E+00 0.280993474E+00 0.291212209E+00 0.297169431E+00 0.298800610E+00
 0.295526248E+00 0.287049046E+00 0.274899523E+00 0.264569866E+00 0.255871853E+00
 0.496685053E-01 0.459736693E-01 0.456782897E-01 0.460673808E-01 0.459624032E-01
 0.455236349E-01 0.448654918E-01 0.440712670E-01 0.432031320E-01 0.423094820E-01
 0.414295173E-01 0.405960522E-01 0.398372762E-01 0.391778858E-01 0.386398223E-01
 0.382427512E-01 0.380043637E-01 0.379405568E-01 0.380655245E-01 0.383917845E-01
 0.389301645E-01 0.396897930E-01 0.406781229E-01 0.419010007E-01 0.433627876E-01
 0.450665325E-01 0.470141964E-01 0.492069286E-01 0.516453903E-01 0.543301165E-01
 0.572618917E-01 0.604421009E-01 0.638730487E-01 0.675582491E-01 0.715026779E-01
 0.757129845E-01 0.801976725E-01 0.849672648E-01 0.900344799E-01 0.954144489E-01
 0.101125012E+00 0.107187137E+00 0.113625515E+00 0.120469387E+00 0.127753700E+00
 0.135520691E+00 0.143822062E+00 0.152721967E+00 0.162301117E+00 0.172662399E+00
 0.183938444E+00 0.196301373E+00 0.209974119E+00 0.225241054E+00 0.242455286E+00
 0.261925940E+00 0.278460049E+00 0.290291728E+00 0.297574216E+00 0.300360306E+00
 0.298775653E+00 0.292229054E+00 0.280623905E+00 0.268734488E+00 0.259150988E+00
 0.578214391E-01 0.546683717E-01 0.536914641E-01 0.530469757E-01 0.519736220E-01
 0.507032440E-01 0.493312443E-01 0.479113249E-01 0.464806344E-01 0.450684107E-01
 0.436995420E-01 0.423962370E-01 0.411788963E-01 0.400666090E-01 0.390774582E-01
 0.382287164E-01 0.375369706E-01 0.370181885E-01 0.366877180E-01 0.365601819E-01
 0.366492171E-01 0.369672468E-01 0.375253255E-01 0.383330555E-01 0.393985651E-01
 0.407285443E-01 0.423283372E-01 0.442020991E-01 0.463530354E-01 0.487837376E-01
 0.514965920E-01 0.544940395E-01 0.577788006E-01 0.613541284E-01 0.652240656E-01
 0.693936631E-01 0.738691806E-01 0.786582821E-01 0.837702375E-01 0.892161447E-01
 0.950091930E-01 0.101164989E+00 0.107701968E+00 0.114641916E+00 0.122010631E+00
 0.129838739E+00 0.138162690E+00 0.147025919E+00 0.156480118E+00 0.166586460E+00
 0.177416437E+00 0.189051728E+00 0.201582369E+00 0.215103308E+00 0.229714255E+00
 0.245555705E+00 0.261693792E+00 0.273288395E+00 0.280924776E+00 0.284913832E+00
 0.285122808E+00 0.281855877E+00 0.274620944E+00 0.264359280E+00 0.256072370E+00
 0.688604250E-01 0.670484731E-01 0.639744424E-01 0.610056261E-01 0.584399490E-01
 0.560680819E-01 0.538136525E-01 0.516469717E-01 0.495581744E-01 0.475472198E-01
 0.456195214E-01 0.437837913E-01 0.420508830E-01 0.404331382E-01 0.389440115E-01
 0.375978651E-01 0.364098749E-01 0.353960133E-01 0.345730838E-01 0.339586564E-01
 0.335698877E-01 0.334229399E-01 0.335326594E-01 0.339123745E-01 0.345737570E-01
 0.355267220E-01 0.367793625E-01 0.383379342E-01 0.402069557E-01 0.423896104E-01
 0.448889709E-01 0.477077581E-01 0.508482465E-01 0.543125704E-01 0.581031320E-01
 0.622227543E-01 0.666748502E-01 0.714636139E-01 0.765941888E-01 0.820728270E-01
 0.879070445E-01 0.941057721E-01 0.100679500E+00 0.107640404E+00 0.115002426E+00
 0.122781265E+00 0.130994188E+00 0.139659505E+00 0.148795472E+00 0.158418171E+00
 0.168537668E+00 0.179151229E+00 0.190231377E+00 0.201704246E+00 0.213407158E+00
 0.224996065E+00 0.235782864E+00 0.244864389E+00 0.251699996E+00 0.256118584E+00
 0.258113733E+00 0.257798542E+00 0.255473151E+00 0.251792045E+00 0.247675528E+00
 0.768059001E-01 0.753935164E-01 0.716533691E-01 0.676718808E-01 0.641083109E-01
 0.608448896E-01 0.578003163E-01 0.549231085E-01 0.521827319E-01 0.495625304E-01
 0.470550970E-01 0.446593713E-01 0.423788211E-01 0.402202977E-01 0.381933238E-01
 0.363096726E-01 0.345831670E-01 0.330296697E-01 0.316676809E-01 0.305218668E-01
 0.296148715E-01 0.289676249E-01 0.285993578E-01 0.285274927E-01 0.287674742E-01
 0.293325539E-01 0.302335107E-01 0.314782415E-01 0.330710688E-01 0.350113992E-01
 0.373038462E-01 0.399517361E-01 0.429558146E-01 0.463156719E-01 0.500315669E-01
 0.541035409E-01 0.585315375E-01 0.633157481E-01 0.684566894E-01 0.739552862E-01
 0.798129101E-01 0.860313626E-01 0.926127865E-01 0.995594728E-01 0.106873516E+00
 0.114556245E+00 0.122607320E+00 0.131023332E+00 0.139795670E+00 0.148907304E+00
 0.158327999E+00 0.168007264E+00 0.177864205E+00 0.187773530E+00 0.197548483E+00
 0.206927489E+00 0.215584090E+00 0.223181294E+00 0.229448634E+00 0.234227679E+00
 0.237478040E+00 0.239273053E+00 0.239797462E+00 0.239330476E+00 0.238188796E+00
 0.820300473E-01 0.806919107E-01 0.769025577E-01 0.725275234E-01 0.684340622E-01
 0.645864840E-01 0.609449225E-01 0.574758297E-01 0.541540816E-01 0.509626447E-01
 0.478914045E-01 0.449359117E-01 0.420963166E-01 0.393765546E-01 0.367837668E-01
 0.343279229E-01 0.320216041E-01 0.298870489E-01 0.279519160E-01 0.262433748E-01
 0.247875738E-01 0.236093226E-01 0.227318350E-01 0.221764817E-01 0.219625399E-01
 0.221069359E-01 0.226239828E-01 0.235251270E-01 0.248187511E-01 0.265101846E-01
 0.286023593E-01 0.310946477E-01 0.339811308E-01 0.372524019E-01 0.409097536E-01
 0.449500332E-01 0.493685158E-01 0.541611447E-01 0.593235473E-01 0.648512085E-01
 0.707394285E-01 0.769831896E-01 0.835769358E-01 0.905142166E-01 0.977871498E-01
 0.105385649E+00 0.113296339E+00 0.121501053E+00 0.129974819E+00 0.138683174E+00
 0.147578740E+00 0.156597026E+00 0.165651723E+00 0.174630328E+00 0.183391907E+00
 0.191770053E+00 0.199584200E+00 0.206659507E+00 0.212850134E+00 0.218058249E+00
 0.222244456E+00 0.225429828E+00 0.227690399E+00 0.229143579E+00 0.229927260E+00
 0.858385953E-01 0.845065278E-01 0.805451317E-01 0.759261628E-01 0.714989990E-01
 0.672489438E-01 0.631577402E-01 0.592073246E-01 0.553823441E-01 0.516712762E-01
 0.480666844E-01 0.445650467E-01 0.411664268E-01 0.378741351E-01 0.346944529E-01
 0.316364691E-01 0.287222292E-01 0.259826594E-01 0.234487322E-01 0.211510490E-01
 0.191194268E-01 0.173825217E-01 0.159674839E-01 0.148996328E-01 0.142021462E-01
 0.138957620E-01 0.139984960E-01 0.145253852E-01 0.154882699E-01 0.168956307E-01
 0.187524557E-01 0.210599441E-01 0.238152727E-01 0.270118374E-01 0.306396353E-01
 0.346819993E-01 0.391216046E-01 0.439536611E-01 0.491683011E-01 0.547557194E-01
 0.607056049E-01 0.670068679E-01 0.736474578E-01 0.806139804E-01 0.878911636E-01
 0.954611364E-01 0.103302489E+00 0.111389083E+00 0.119688602E+00 0.128160839E+00
 0.136755818E+00 0.145411908E+00 0.154054297E+00 0.162594386E+00 0.170930864E+00
 0.178953245E+00 0.186548197E+00 0.193608141E+00 0.200040569E+00 0.205776101E+00
 0.210773688E+00 0.215022174E+00 0.218538138E+00 0.221360484E+00 0.223542891E+00
 0.884883970E-01 0.871025187E-01 0.829745497E-01 0.781725374E-01 0.735015952E-01
 0.689474730E-01 0.644983369E-01 0.601438735E-01 0.558759353E-01 0.516887463E-01
 0.475789828E-01 0.435457911E-01 0.395907591E-01 0.357178523E-01 0.319333118E-01
 0.282552519E-01 0.247177702E-01 0.213554908E-01 0.182031566E-01 0.152952191E-01
 0.126654320E-01 0.103464561E-01 0.836947834E-02 0.676384370E-02 0.555670155E-02
 0.477266645E-02 0.443349685E-02 0.455779530E-02 0.516073418E-02 0.625380761E-02
 0.784460292E-02 0.993658036E-02 0.125288927E-01 0.156162730E-01 0.191889115E-01
 0.232321886E-01 0.277270800E-01 0.326497812E-01 0.379666142E-01 0.436645116E-01
 0.497285032E-01 0.561420432E-01 0.628878894E-01 0.699475240E-01 0.773007299E-01
 0.849250425E-01 0.927950604E-01 0.100881639E+00 0.109150995E+00 0.117563755E+00
 0.126074064E+00 0.134628860E+00 0.143167549E+00 0.151622293E+00 0.159919164E+00
 0.167980303E+00 0.175727026E+00 0.183083557E+00 0.189980833E+00 0.196359746E+00
 0.202173314E+00 0.207387569E+00 0.211981267E+00 0.215944796E+00 0.219278828E+00
 0.900356063E-01 0.885205246E-01 0.843898925E-01 0.794755382E-01 0.746329196E-01
 0.698417421E-01 0.650924582E-01 0.603817580E-01 0.557085791E-01 0.510729690E-01
 0.464759726E-01 0.419198068E-01 0.374080821E-01 0.329460134E-01 0.285435690E-01
 0.242378165E-01 0.200668712E-01 0.160694265E-01 0.122843261E-01 0.875014928E-02
 0.550480059E-02 0.258510260E-02 0.263934143E-04-0.213786945E-02-0.387649603E-02
-0.516093915E-02-0.596565460E-02-0.626844302E-02-0.605077045E-02-0.529806545E-02
-0.399999156E-02-0.215069363E-02 0.250987559E-03 0.320133451E-02 0.669159757E-02
 0.107078630E-01 0.152309849E-01 0.202364565E-01 0.256942674E-01 0.315701184E-01
 0.378199998E-01 0.444187750E-01 0.513460489E-01 0.585796473E-01 0.660962980E-01
 0.738713223E-01 0.818781068E-01 0.900876128E-01 0.984678784E-01 0.106983541E+00
 0.115595433E+00 0.124260325E+00 0.132930897E+00 0.141556000E+00 0.150081262E+00
 0.158449979E+00 0.166604217E+00 0.174485894E+00 0.182037617E+00 0.189203078E+00
 0.195926973E+00 0.202154672E+00 0.207832216E+00 0.212907413E+00 0.217332673E+00
 0.907288736E-01 0.889621920E-01 0.848768935E-01 0.800511872E-01 0.751224316E-01
 0.701325959E-01 0.651064720E-01 0.600571724E-01 0.549926720E-01 0.499186024E-01
 0.448396597E-01 0.397604322E-01 0.346859618E-01 0.296222065E-01 0.246006136E-01
 0.196632116E-01 0.148526865E-01 0.102121305E-01 0.578471114E-02 0.161329941E-02
-0.225992616E-02-0.579388871E-02-0.894902900E-02-0.116877229E-01-0.139746953E-01
-0.157774269E-01-0.170665490E-01-0.178162217E-01-0.180044937E-01-0.176136367E-01
-0.166304545E-01-0.150465614E-01-0.128586265E-01-0.100685838E-01-0.668380379E-02
-0.271722770E-02 0.181254134E-02 0.688118324E-02 0.124586604E-01 0.185093082E-01
 0.249917028E-01 0.318597386E-01 0.390573540E-01 0.465562958E-01 0.543313313E-01
 0.623574344E-01 0.706085069E-01 0.790573608E-01 0.876755400E-01 0.964331120E-01
 0.105298501E+00 0.114238397E+00 0.123217757E+00 0.132199891E+00 0.141146580E+00
 0.150018129E+00 0.158773205E+00 0.167368231E+00 0.175756113E+00 0.183884058E+00
 0.191690474E+00 0.199101307E+00 0.206027107E+00 0.212363304E+00 0.217996788E+00
 0.916685377E-01 0.897724679E-01 0.854877035E-01 0.804491329E-01 0.753018409E-01
 0.700532909E-01 0.647213060E-01 0.593189572E-01 0.538554641E-01 0.483377710E-01
 0.427715984E-01 0.371621037E-01 0.315142672E-01 0.258465987E-01 0.202041022E-01
 0.146328810E-01 0.917981779E-02 0.389224511E-02-0.118241196E-02-0.599701850E-02
-0.105051347E-01-0.146614371E-01-0.184221520E-01-0.217454935E-01-0.245921040E-01
-0.269254893E-01-0.287124446E-01-0.299234670E-01-0.305331474E-01-0.305205394E-01
-0.298694993E-01-0.285689928E-01-0.266133654E-01-0.240025713E-01-0.207423596E-01
-0.168444125E-01-0.123264356E-01-0.721219634E-02-0.153150846E-02 0.467983759E-02
 0.113801853E-01 0.185222189E-01 0.260530147E-01 0.339153862E-01 0.420447410E-01
 0.504202887E-01 0.590165348E-01 0.678088022E-01 0.767728969E-01 0.858849204E-01
 0.951212006E-01 0.104458301E+00 0.113873079E+00 0.123342736E+00 0.132844796E+00
 0.142356863E+00 0.151855972E+00 0.161317224E+00 0.170711275E+00 0.180000043E+00
 0.189129751E+00 0.198020247E+00 0.206550126E+00 0.214541459E+00 0.221760450E+00
 0.926372259E-01 0.906356461E-01 0.861294420E-01 0.807740682E-01 0.753151614E-01
 0.697484443E-01 0.640739438E-01 0.582952225E-01 0.524169344E-01 0.464438062E-01
 0.403803758E-01 0.342310875E-01 0.280006383E-01 0.217298258E-01 0.154674529E-01
 0.926351506E-02 0.316887281E-02-0.276509742E-02-0.848687719E-02-0.139452041E-01
-0.190894921E-01-0.238702698E-01-0.282396336E-01-0.321517093E-01-0.355631172E-01
-0.384334362E-01-0.407256596E-01-0.424066382E-01-0.434475038E-01-0.438240683E-01
-0.435171924E-01-0.425131186E-01-0.408037633E-01-0.383869639E-01-0.352666757E-01
-0.314531161E-01-0.269628518E-01-0.218188266E-01-0.160503288E-01-0.969289605E-02
-0.278815971E-02 0.461637218E-02 0.124675794E-01 0.207070759E-01 0.292713272E-01
 0.380923465E-01 0.471256504E-01 0.563503505E-01 0.657472482E-01 0.752987784E-01
 0.849891668E-01 0.948046497E-01 0.104733740E+00 0.114767515E+00 0.124899874E+00
 0.135127672E+00 0.145450579E+00 0.155870395E+00 0.166389399E+00 0.177006939E+00
 0.187712780E+00 0.198474086E+00 0.209208050E+00 0.219711599E+00 0.229479937E+00
 0.934685135E-01 0.913448245E-01 0.865257097E-01 0.809175743E-01 0.751722230E-01
 0.692852720E-01 0.632568931E-01 0.570887545E-01 0.507834238E-01 0.443437770E-01
 0.377725899E-01 0.310722812E-01 0.242615404E-01 0.173911485E-01 0.105134496E-01
 0.368205896E-02-0.304846050E-02-0.962295091E-02-0.159860427E-01-0.220825657E-01
-0.278579848E-01-0.332588579E-01-0.382333095E-01-0.427315166E-01-0.467062005E-01
-0.501131184E-01-0.529115492E-01-0.550647662E-01-0.565404909E-01-0.573113211E-01
-0.573551273E-01-0.566554102E-01-0.552016143E-01-0.529893919E-01-0.500208119E-01
-0.463045095E-01-0.418557723E-01-0.366965595E-01-0.308554518E-01-0.243675300E-01
-0.172741795E-01-0.962282121E-02-0.146656426E-02 0.713622368E-02 0.161224352E-01
 0.254249219E-01 0.349733761E-01 0.447016843E-01 0.545959599E-01 0.646445198E-01
 0.748388058E-01 0.851738629E-01 0.956488958E-01 0.106267955E+00 0.117040777E+00
 0.127983789E+00 0.139121285E+00 0.150486775E+00 0.162124508E+00 0.174091179E+00
 0.186457919E+00 0.199312909E+00 0.212765309E+00 0.226942580E+00 0.241248739E+00
 0.940102087E-01 0.917320324E-01 0.868168204E-01 0.809782823E-01 0.749549845E-01
 0.687487018E-01 0.623615158E-01 0.557961309E-01 0.490553241E-01 0.421415065E-01
 0.350564701E-01 0.278012999E-01 0.204155180E-01 0.129529450E-01 0.546904448E-02
-0.197934663E-02-0.933433500E-02-0.165373272E-01-0.235294216E-01-0.302518330E-01
-0.366463458E-01-0.426557913E-01-0.482245449E-01-0.532990371E-01-0.578282722E-01
-0.617643486E-01-0.650629744E-01-0.676839697E-01-0.695917503E-01-0.707557847E-01
-0.711510175E-01-0.707582515E-01-0.695644837E-01-0.675631863E-01-0.647545294E-01
-0.611455382E-01-0.567501814E-01-0.515893861E-01-0.456909760E-01-0.390895304E-01
-0.318261612E-01-0.239482063E-01-0.155088364E-01-0.656657273E-02 0.281528958E-02
 0.125693568E-01 0.226248981E-01 0.329086551E-01 0.433438299E-01 0.539215166E-01
 0.646388564E-01 0.754979228E-01 0.865063897E-01 0.976785339E-01 0.109036618E+00
 0.120612749E+00 0.132451378E+00 0.144612699E+00 0.157177354E+00 0.170253133E+00
 0.183984887E+00 0.198570136E+00 0.214286505E+00 0.231548442E+00 0.249520395E+00
 0.946610552E-01 0.922413576E-01 0.871572627E-01 0.810855252E-01 0.747792229E-01
 0.682444475E-01 0.614873022E-01 0.545137849E-01 0.473284615E-01 0.399340474E-01
 0.323315081E-01 0.245278884E-01 0.165770614E-01 0.853515487E-02 0.460176734E-03
-0.758831316E-02-0.155495419E-01-0.233618934E-01-0.309633139E-01-0.382917536E-01
-0.452856393E-01-0.518843747E-01-0.580288623E-01-0.636620410E-01-0.687294331E-01
-0.731796945E-01-0.769651593E-01-0.800423727E-01-0.823726050E-01-0.839223367E-01
-0.846637095E-01-0.845749347E-01-0.836406505E-01-0.818522237E-01-0.792079870E-01
-0.757134088E-01-0.713811870E-01-0.662312663E-01-0.602907722E-01-0.535938614E-01
-0.461814843E-01-0.381010602E-01-0.294060628E-01-0.201555163E-01-0.104134033E-01
-0.247988482E-03 0.102689343E-01 0.210628526E-01 0.320573826E-01 0.431756332E-01
 0.544101961E-01 0.657681041E-01 0.772622925E-01 0.889127944E-01 0.100748360E+00
 0.112808653E+00 0.125147249E+00 0.137835803E+00 0.150969858E+00 0.164676993E+00
 0.179128059E+00 0.194551871E+00 0.211251509E+00 0.229613810E+00 0.249201344E+00
 0.956664617E-01 0.931421945E-01 0.877060037E-01 0.813888931E-01 0.747766868E-01
 0.678839775E-01 0.607304792E-01 0.533294771E-01 0.456878671E-01 0.378077177E-01
 0.296875138E-01 0.213499779E-01 0.128515809E-01 0.425064262E-02-0.439268016E-02
-0.130165745E-01-0.215578569E-01-0.299523322E-01-0.381352084E-01-0.460415555E-01
-0.536068012E-01-0.607672571E-01-0.674606677E-01-0.736267763E-01-0.792079019E-01
-0.841495182E-01-0.884008297E-01-0.919153343E-01-0.946513665E-01-0.965726129E-01
-0.976485898E-01-0.978550778E-01-0.971745037E-01-0.955962625E-01-0.931169739E-01
-0.897406657E-01-0.854788805E-01-0.803506994E-01-0.743826809E-01-0.676087115E-01
-0.600697662E-01-0.518135792E-01-0.428942235E-01-0.333716011E-01-0.233108445E-01
-0.127816309E-01-0.185740911E-02 0.938546646E-02 0.208687143E-01 0.325132675E-01
 0.442405556E-01 0.560527033E-01 0.679640597E-01 0.799951740E-01 0.921741664E-01
 0.104538493E+00 0.117137316E+00 0.130034767E+00 0.143314508E+00 0.157086260E+00
 0.171495474E+00 0.186738196E+00 0.203084769E+00 0.220914988E+00 0.239936646E+00
 0.966987924E-01 0.939813865E-01 0.887003959E-01 0.821184202E-01 0.750896229E-01
 0.677561357E-01 0.601559829E-01 0.523013238E-01 0.441941431E-01 0.358311772E-01
 0.272058123E-01 0.183543607E-01 0.933350320E-02 0.202336351E-03-0.897777527E-02
-0.181434608E-01-0.272296854E-01-0.361701544E-01-0.448977659E-01-0.533451051E-01
-0.614449722E-01-0.691309396E-01-0.763379307E-01-0.830028168E-01-0.890650230E-01
-0.944671380E-01-0.991555190E-01-0.103080885E+00-0.106198889E+00-0.108470662E+00
-0.109863318E+00-0.110350415E+00-0.109912362E+00-0.108536764E+00-0.106218697E+00
-0.102960910E+00-0.987739471E-01-0.936761854E-01-0.876937825E-01-0.808605365E-01
-0.732176541E-01-0.648134278E-01-0.557028232E-01-0.459469785E-01-0.356126189E-01
-0.247713888E-01-0.134991059E-01-0.187493871E-02 0.100194906E-01 0.221010726E-01
 0.342862326E-01 0.465008694E-01 0.587568512E-01 0.710707898E-01 0.834644467E-01
 0.959653641E-01 0.108607713E+00 0.121433343E+00 0.134493029E+00 0.147847941E+00
 0.161571512E+00 0.175752550E+00 0.190503419E+00 0.205996506E+00 0.222222866E+00
 0.997172582E-01 0.973422856E-01 0.909659032E-01 0.833764749E-01 0.756905690E-01
 0.678245577E-01 0.597441236E-01 0.514299359E-01 0.428669927E-01 0.340414305E-01
 0.249394505E-01 0.156076172E-01 0.610149707E-02-0.351993863E-02-0.131947737E-01
-0.228585960E-01-0.324449584E-01-0.418858629E-01-0.511122713E-01-0.600546448E-01
-0.686435090E-01-0.768100447E-01-0.844866975E-01-0.916078038E-01-0.981102256E-01
-0.103933989E+00-0.109022917E+00-0.113325252E+00-0.116794253E+00-0.119388772E+00
-0.121073780E+00-0.121820860E+00-0.121608629E+00-0.120423117E+00-0.118258054E+00
-0.115115100E+00-0.111003978E+00-0.105942531E+00-0.999566848E-01-0.930803230E-01
-0.853550671E-01-0.768299698E-01-0.675611188E-01-0.576111560E-01-0.470487188E-01
-0.359478062E-01-0.243870814E-01-0.124491185E-01-0.219607687E-03 0.122134594E-01
 0.247605896E-01 0.373315133E-01 0.498699661E-01 0.623873872E-01 0.748971522E-01
 0.874141113E-01 0.999539708E-01 0.112532182E+00 0.125161883E+00 0.137850087E+00
 0.150590501E+00 0.163349414E+00 0.176036011E+00 0.188437165E+00 0.200109364E+00
 0.101670141E+00 0.993155135E-01 0.924244974E-01 0.843646365E-01 0.762071491E-01
 0.678968629E-01 0.593940916E-01 0.506681178E-01 0.416939559E-01 0.324497711E-01
 0.229218120E-01 0.131603701E-01 0.322046112E-02-0.683887487E-02-0.169551727E-01
-0.270630952E-01-0.370949707E-01-0.469813346E-01-0.566514840E-01-0.660340534E-01
-0.750576105E-01-0.836512741E-01-0.917453506E-01-0.992719847E-01-0.106165820E+00
-0.112364661E+00-0.117810134E+00-0.122448332E+00-0.126230439E+00-0.129113329E+00
-0.131060122E+00-0.132040691E+00-0.132032123E+00-0.131019101E+00-0.128994228E+00
-0.125958268E+00-0.121920303E+00-0.116897803E+00-0.110916611E+00-0.104010830E+00
-0.962226245E-01-0.876019306E-01-0.782060797E-01-0.680993431E-01-0.573524005E-01
-0.460417433E-01-0.342490195E-01-0.220603347E-01-0.956551914E-02 0.314262172E-02
 0.159690606E-01 0.288172947E-01 0.415900924E-01 0.542564988E-01 0.668230226E-01
 0.792937542E-01 0.916693620E-01 0.103945198E+00 0.116108289E+00 0.128132710E+00
 0.139972637E+00 0.151552305E+00 0.162753057E+00 0.173401607E+00 0.183272054E+00
 0.102437423E+00 0.999930851E-01 0.931817834E-01 0.849019918E-01 0.764666415E-01
 0.678532392E-01 0.590333937E-01 0.499797882E-01 0.406668207E-01 0.310702626E-01
 0.211833377E-01 0.110570340E-01 0.747035234E-03-0.968685046E-02-0.201812462E-01
-0.306697505E-01-0.410834807E-01-0.513516249E-01-0.614020110E-01-0.711616960E-01
-0.805575782E-01-0.895170317E-01-0.979685601E-01-0.105842466E+00-0.113071530E+00
-0.119591694E+00-0.125342744E+00-0.130268971E+00-0.134319824E+00-0.137450527E+00
-0.139622654E+00-0.140804665E+00-0.140972377E+00-0.140109378E+00-0.138207360E+00
-0.135266387E+00-0.131295062E+00-0.126310624E+00-0.120338940E+00-0.113414418E+00
-0.105579818E+00-0.968859865E-01-0.873914981E-01-0.771622219E-01-0.662708173E-01
-0.547961664E-01-0.428227549E-01-0.304400127E-01-0.177416272E-01-0.482484136E-02
 0.821025102E-02 0.212614110E-01 0.342249714E-01 0.470056275E-01 0.596026518E-01
 0.720125070E-01 0.842268987E-01 0.962308042E-01 0.108000136E+00 0.119498879E+00
 0.130675776E+00 0.141461009E+00 0.151764071E+00 0.161474947E+00 0.170471047E+00
 0.103000580E+00 0.100499621E+00 0.935344204E-01 0.851141435E-01 0.765110319E-01
 0.677026291E-01 0.586645229E-01 0.493723884E-01 0.398024157E-01 0.299310674E-01
 0.197598189E-01 0.934142321E-02-0.126692758E-02-0.120040877E-01-0.228054366E-01
-0.336033659E-01-0.443277821E-01-0.549066338E-01-0.652664665E-01-0.753330064E-01
-0.850317730E-01-0.942887182E-01-0.103030888E+00-0.111187105E+00-0.118688658E+00
-0.125470002E+00-0.131469453E+00-0.136629870E+00-0.140899325E+00-0.144231731E+00
-0.146587445E+00-0.147933813E+00-0.148245662E+00-0.147505729E+00-0.145705018E+00
-0.142843071E+00-0.138928163E+00-0.133977406E+00-0.128016761E+00-0.121080962E+00
-0.113213346E+00-0.104465601E+00-0.948974241E-01-0.845761066E-01-0.735760500E-01
-0.619782203E-01-0.498695536E-01-0.373423256E-01-0.244934990E-01-0.114240660E-01
 0.176159091E-02 0.149562879E-01 0.280505250E-01 0.409327631E-01 0.535573970E-01
 0.659198703E-01 0.780095377E-01 0.898088847E-01 0.101292526E+00 0.112426152E+00
 0.123165671E+00 0.133456950E+00 0.143236696E+00 0.152435092E+00 0.160980553E+00
 0.103268863E+00 0.100718132E+00 0.935823725E-01 0.850980388E-01 0.764179221E-01
 0.675057255E-01 0.583359787E-01 0.488871370E-01 0.391388427E-01 0.290702845E-01
 0.186909707E-01 0.805622202E-02-0.277476536E-02-0.137392390E-01-0.247712337E-01
-0.358019578E-01-0.467602254E-01-0.575729361E-01-0.681655992E-01-0.784628991E-01
-0.883892992E-01-0.978696777E-01-0.106829992E+00-0.115197964E+00-0.122903780E+00
-0.129880799E+00-0.136066258E+00-0.141401969E+00-0.145834995E+00-0.149318297E+00
-0.151811349E+00-0.153280693E+00-0.153700447E+00-0.153052750E+00-0.151328123E+00
-0.148525759E+00-0.144653730E+00-0.139729099E+00-0.133777948E+00-0.126835307E+00
-0.118945004E+00-0.110159414E+00-0.100539138E+00-0.901525950E-01-0.790755529E-01
-0.673905920E-01-0.551865241E-01-0.425577712E-01-0.296037183E-01-0.164280538E-01
-0.313811349E-02 0.101557559E-01 0.233407906E-01 0.363023322E-01 0.489526356E-01
 0.612872482E-01 0.732957225E-01 0.849614443E-01 0.962614339E-01 0.107166281E+00
 0.117640385E+00 0.127642699E+00 0.137128160E+00 0.146049947E+00 0.154362555E+00
 0.102883109E+00 0.100217304E+00 0.933093338E-01 0.849255895E-01 0.762851212E-01
 0.673540936E-01 0.581229653E-01 0.485837410E-01 0.387245810E-01 0.285296174E-01
 0.180150561E-01 0.723875081E-02-0.373831108E-02-0.148520434E-01-0.260354299E-01
-0.372187990E-01-0.483301869E-01-0.592957705E-01-0.700403641E-01-0.804879670E-01
-0.905623571E-01-0.100187723E+00-0.109289329E+00-0.117794199E+00-0.125631824E+00
-0.132734877E+00-0.139039918E+00-0.144488108E+00-0.149025885E+00-0.152605624E+00
-0.155186256E+00-0.156733837E+00-0.157222060E+00-0.156632709E+00-0.154956028E+00
-0.152191022E+00-0.148345666E+00-0.143437029E+00-0.137491305E+00-0.130543752E+00
-0.122638547E+00-0.113828542E+00-0.104174950E+00-0.937469415E-01-0.826211799E-01
-0.708812926E-01-0.586172896E-01-0.459249398E-01-0.329051143E-01-0.196631025E-01
-0.630790739E-02 0.704848806E-02 0.202919038E-01 0.333068613E-01 0.459787559E-01
 0.583028346E-01 0.702692933E-01 0.818630117E-01 0.930635982E-01 0.103845705E+00
 0.114179653E+00 0.124032432E+00 0.133369122E+00 0.142154735E+00 0.150356405E+00
 0.102182802E+00 0.992172113E-01 0.929154343E-01 0.849018718E-01 0.763285750E-01
 0.673849943E-01 0.581131098E-01 0.485205288E-01 0.386010573E-01 0.283410984E-01
 0.177591493E-01 0.691392613E-02-0.413300079E-02-0.153171093E-01-0.265710280E-01
-0.378247749E-01-0.490060990E-01-0.600409017E-01-0.708537251E-01-0.813682965E-01
-0.915081200E-01-0.101197108E+00-0.110360248E+00-0.118924287E+00-0.126818442E+00
-0.133975117E+00-0.140330614E+00-0.145825842E+00-0.150407008E+00-0.154026270E+00
-0.156642366E+00-0.158221182E+00-0.158736272E+00-0.158169309E+00-0.156510463E+00
-0.153758698E+00-0.149921992E+00-0.145017454E+00-0.139071365E+00-0.132119115E+00
-0.124205059E+00-0.115382278E+00-0.105712260E+00-0.952645074E-01-0.841160630E-01
-0.723509868E-01-0.600597714E-01-0.473387168E-01-0.342892690E-01-0.210173317E-01
-0.763255857E-02 0.575236743E-02 0.190224523E-01 0.320610720E-01 0.447505106E-01
 0.570782016E-01 0.690357869E-01 0.806093662E-01 0.917799327E-01 0.102523919E+00
 0.112813968E+00 0.122619993E+00 0.131910566E+00 0.140654602E+00 0.148823276E+00
 0.103809749E+00 0.101231274E+00 0.940940835E-01 0.855025941E-01 0.767118487E-01
 0.676643081E-01 0.583366862E-01 0.487132448E-01 0.387777054E-01 0.285114842E-01
 0.179290847E-01 0.708760682E-02-0.395240222E-02-0.151270972E-01-0.263695731E-01
-0.376101835E-01-0.487769314E-01-0.597959221E-01-0.705918716E-01-0.810886642E-01
-0.912099531E-01-0.100879797E+00-0.110023329E+00-0.118567445E+00-0.126441515E+00
-0.133578097E+00-0.139913651E+00-0.145389246E+00-0.149951246E+00-0.153551970E+00
-0.156150310E+00-0.157712305E+00-0.158211651E+00-0.157630156E+00-0.155958115E+00
-0.153194603E+00-0.149347688E+00-0.144434556E+00-0.138481538E+00-0.131524053E+00
-0.123606452E+00-0.114781783E+00-0.105111468E+00-0.946648969E-01-0.835189657E-01
-0.717575383E-01-0.594708645E-01-0.467549520E-01-0.337109054E-01-0.204442390E-01
-0.706416973E-02 0.631711009E-02 0.195851882E-01 0.326242454E-01 0.453179913E-01
 0.576579042E-01 0.696351026E-01 0.812352301E-01 0.924386195E-01 0.103220667E+00
 0.113552485E+00 0.123401907E+00 0.132734902E+00 0.141517382E+00 0.149717356E+00
 0.104422790E+00 0.101920631E+00 0.947644291E-01 0.860461325E-01 0.771531363E-01
 0.680534509E-01 0.587157571E-01 0.491133079E-01 0.392216427E-01 0.290168548E-01
 0.185063971E-01 0.774474281E-02-0.320940214E-02-0.142935276E-01-0.254417395E-01
-0.365851984E-01-0.476525887E-01-0.585706245E-01-0.692645914E-01-0.796589264E-01
-0.896778310E-01-0.992459164E-01-0.108288874E+00-0.116734168E+00-0.124511740E+00
-0.131554721E+00-0.137800144E+00-0.143189641E+00-0.147670130E+00-0.151194460E+00
-0.153722027E+00-0.155219340E+00-0.155660526E+00-0.155027775E+00-0.153311704E+00
-0.150511651E+00-0.146635876E+00-0.141701676E+00-0.135735409E+00-0.128772422E+00
-0.120856897E+00-0.112041598E+00-0.102387545E+00-0.919636005E-01-0.808459936E-01
-0.691177815E-01-0.568682589E-01-0.441923289E-01-0.311898464E-01-0.179649448E-01
-0.462535803E-02 0.871825299E-02 0.219529693E-01 0.349642993E-01 0.476532921E-01
 0.600160832E-01 0.720431478E-01 0.837189676E-01 0.950217978E-01 0.105923615E+00
 0.116390374E+00 0.126382755E+00 0.135857569E+00 0.144769957E+00 0.153076352E+00
 0.104788612E+00 0.102374543E+00 0.949955121E-01 0.862983036E-01 0.774446750E-01
 0.684031878E-01 0.591464127E-01 0.496469783E-01 0.398782999E-01 0.298144474E-01
 0.194555503E-01 0.885400438E-02-0.193313004E-02-0.128446708E-01-0.238158387E-01
-0.347787774E-01-0.456630821E-01-0.563963455E-01-0.669047267E-01-0.771135469E-01
-0.869479119E-01-0.963333599E-01-0.105196531E+00-0.113465856E+00-0.121072256E+00
-0.127949844E+00-0.134036631E+00-0.139275213E+00-0.143613443E+00-0.147005070E+00
-0.149410340E+00-0.150796549E+00-0.151138541E+00-0.150419135E+00-0.148629481E+00
-0.145769339E+00-0.141847268E+00-0.136880733E+00-0.130896109E+00-0.123928608E+00
-0.116022098E+00-0.107228851E+00-0.976091919E-01-0.872310790E-01-0.761696100E-01
-0.645064695E-01-0.523293260E-01-0.397311925E-01-0.268097647E-01-0.136667543E-01
-0.407239546E-03 0.128609327E-01 0.260276267E-01 0.389806267E-01 0.516582704E-01
 0.640576084E-01 0.761694968E-01 0.879779648E-01 0.994593280E-01 0.110581234E+00
 0.121301892E+00 0.131569860E+00 0.141324933E+00 0.150500684E+00 0.159029026E+00
 0.104219466E+00 0.101841201E+00 0.947942157E-01 0.862237139E-01 0.775125035E-01
 0.686340274E-01 0.595577410E-01 0.502544770E-01 0.406969976E-01 0.308595596E-01
 0.207352578E-01 0.103754884E-01-0.163609235E-03-0.108217421E-01-0.215350246E-01
-0.322365250E-01-0.428568116E-01-0.533245086E-01-0.635668701E-01-0.735103752E-01
-0.830813471E-01-0.922065941E-01-0.100814071E+00-0.108833557E+00-0.116197341E+00
-0.122840915E+00-0.128703660E+00-0.133729522E+00-0.137867667E+00-0.141073101E+00
-0.143307261E+00-0.144538547E+00-0.144742800E+00-0.143903722E+00-0.142013208E+00
-0.139071613E+00-0.135087925E+00-0.130079852E+00-0.124073818E+00-0.117104865E+00
-0.109216467E+00-0.100460246E+00-0.908956158E-01-0.805893342E-01-0.696149901E-01
-0.580524258E-01-0.459871083E-01-0.335094605E-01-0.207141675E-01-0.769947018E-02
 0.543354589E-02 0.185816767E-01 0.316404109E-01 0.445050614E-01 0.571630486E-01
 0.696125561E-01 0.818468370E-01 0.938524513E-01 0.105607114E+00 0.117077026E+00
 0.128213758E+00 0.138951130E+00 0.149203226E+00 0.158865547E+00 0.167821644E+00
 0.103320255E+00 0.100993914E+00 0.940962760E-01 0.857484351E-01 0.773007859E-01
 0.687027213E-01 0.599134787E-01 0.509022892E-01 0.416440584E-01 0.321164435E-01
 0.223068544E-01 0.122669704E-01 0.205290526E-02-0.827536085E-02-0.186545092E-01
-0.290183954E-01-0.392985657E-01-0.494247868E-01-0.593255978E-01-0.689288852E-01
-0.781624832E-01-0.869547967E-01-0.952354451E-01-0.102935921E+00-0.109990260E+00
-0.116335710E+00-0.121913403E+00-0.126669008E+00-0.130553364E+00-0.133523087E+00
-0.135541131E+00-0.136577305E+00-0.136608734E+00-0.135620251E+00-0.133604719E+00
-0.130563272E+00-0.126505473E+00-0.121449387E+00-0.115421551E+00-0.108456865E+00
-0.100598382E+00-0.918970124E-01-0.824111333E-01-0.722061260E-01-0.613538301E-01
-0.499319335E-01-0.380233045E-01-0.257152803E-01-0.130989288E-01-0.268308345E-03
 0.126802318E-01 0.256486302E-01 0.385373970E-01 0.512923330E-01 0.639208022E-01
 0.764277346E-01 0.888146561E-01 0.101077888E+00 0.113205694E+00 0.125173895E+00
 0.136939276E+00 0.148430057E+00 0.159533593E+00 0.170085235E+00 0.179870287E+00
 0.101780481E+00 0.994570509E-01 0.926431528E-01 0.847773051E-01 0.767990273E-01
 0.686240304E-01 0.602269205E-01 0.515929267E-01 0.427089773E-01 0.335617188E-01
 0.241371325E-01 0.144862861E-01 0.466597751E-02-0.526371036E-02-0.152398285E-01
-0.251969818E-01-0.350677712E-01-0.447832676E-01-0.542735186E-01-0.634680878E-01
-0.722966240E-01-0.806894580E-01-0.885782203E-01-0.958964757E-01-0.102580369E+00
-0.108569273E+00-0.113806431E+00-0.118239593E+00-0.121821618E+00-0.124511061E+00
-0.126272710E+00-0.127078080E+00-0.126905851E+00-0.125742237E+00-0.123581289E+00
-0.120425117E+00-0.116284030E+00-0.111176582E+00-0.105129539E+00-0.981777387E-01
-0.903638704E-01-0.817381540E-01-0.723579329E-01-0.622871801E-01-0.515959223E-01
-0.403595896E-01-0.286582948E-01-0.165760526E-01-0.419994345E-02 0.838077119E-02
 0.210755861E-01 0.337937622E-01 0.464507668E-01 0.590570879E-01 0.716257651E-01
 0.841714948E-01 0.967098430E-01 0.109256101E+00 0.121823289E+00 0.134418516E+00
 0.147036145E+00 0.159644367E+00 0.172156977E+00 0.184371350E+00 0.195865651E+00
 0.987572066E-01 0.961373031E-01 0.905615329E-01 0.836150829E-01 0.762320021E-01
 0.685398020E-01 0.605799391E-01 0.523661775E-01 0.439007084E-01 0.351796430E-01
 0.261952403E-01 0.169893982E-01 0.761997763E-02-0.185280367E-02-0.113664942E-01
-0.208566563E-01-0.302572006E-01-0.395007866E-01-0.485192770E-01-0.572442355E-01
-0.656074617E-01-0.735415570E-01-0.809805143E-01-0.878603250E-01-0.941195975E-01
-0.997001789E-01-0.104547772E+00-0.108612538E+00-0.111849686E+00-0.114220017E+00
-0.115690450E+00-0.116234481E+00-0.115832602E+00-0.114472646E+00-0.112150073E+00
-0.108868164E+00-0.104638151E+00-0.994792430E-01-0.934185769E-01-0.864910659E-01
-0.787391601E-01-0.702125131E-01-0.609675561E-01-0.510669831E-01-0.405791481E-01
-0.295773795E-01-0.181392141E-01-0.634555475E-02 0.572024391E-02 0.179733615E-01
 0.303285711E-01 0.427013788E-01 0.550805650E-01 0.674836749E-01 0.799325033E-01
 0.924540595E-01 0.105081516E+00 0.117855257E+00 0.130824078E+00 0.144046572E+00
 0.157592901E+00 0.171547735E+00 0.186018044E+00 0.201167819E+00 0.216988468E+00
 0.977751518E-01 0.953684865E-01 0.897729869E-01 0.829838552E-01 0.759300199E-01
 0.686175094E-01 0.610578453E-01 0.532594317E-01 0.452257734E-01 0.369561257E-01
 0.284463766E-01 0.197254764E-01 0.108507987E-01 0.188168156E-02-0.712065334E-02
-0.160933008E-01-0.249719651E-01-0.336913256E-01-0.421854596E-01-0.503883115E-01
-0.582342005E-01-0.656583594E-01-0.725974971E-01-0.789903789E-01-0.847784168E-01
-0.899062634E-01-0.943224004E-01-0.979797150E-01-0.100836056E+00-0.102854757E+00
-0.104005131E+00-0.104262905E+00-0.103610616E+00-0.102037935E+00-0.995419262E-01
-0.961272335E-01-0.918061858E-01-0.865988176E-01-0.805328030E-01-0.736432988E-01
-0.659726964E-01-0.575702809E-01-0.484917986E-01-0.387989315E-01-0.285586824E-01
-0.178426691E-01-0.672633058E-02 0.471195497E-02 0.163918336E-01 0.282320182E-01
 0.401514066E-01 0.521212581E-01 0.641555923E-01 0.762745040E-01 0.885052977E-01
 0.100884139E+00 0.113458318E+00 0.126289349E+00 0.139457299E+00 0.153066973E+00
 0.167257045E+00 0.182214144E+00 0.198195323E+00 0.215561499E+00 0.234033946E+00
 0.969902233E-01 0.947280180E-01 0.891984954E-01 0.826153785E-01 0.758324366E-01
 0.688441788E-01 0.616512314E-01 0.542545460E-01 0.466542144E-01 0.388489018E-01
 0.308356758E-01 0.226279161E-01 0.142809252E-01 0.585196011E-02-0.259989166E-02
-0.110139611E-01-0.193283203E-01-0.274801598E-01-0.354062091E-01-0.430431957E-01
-0.503283357E-01-0.571998518E-01-0.635975127E-01-0.694631871E-01-0.747414078E-01
-0.793799364E-01-0.833303240E-01-0.865484578E-01-0.889950881E-01-0.906363259E-01
-0.914441042E-01-0.913965955E-01-0.904785770E-01-0.886817372E-01-0.860049176E-01
-0.824542829E-01-0.780434151E-01-0.727933265E-01-0.667323895E-01-0.598961789E-01
-0.523272254E-01-0.440746804E-01-0.351938894E-01-0.257458759E-01-0.157967334E-01
-0.541692451E-02 0.531951788E-02 0.163358934E-01 0.275538305E-01 0.388943598E-01
 0.503188695E-01 0.618335560E-01 0.734504793E-01 0.851886483E-01 0.970755173E-01
 0.109149053E+00 0.121460585E+00 0.134078757E+00 0.147095038E+00 0.160631425E+00
 0.174851035E+00 0.189971888E+00 0.206282117E+00 0.224148656E+00 0.243153178E+00
 0.960132355E-01 0.938626721E-01 0.886404381E-01 0.822906735E-01 0.757802211E-01
 0.691103046E-01 0.622781315E-01 0.552814256E-01 0.481182743E-01 0.407868753E-01
 0.332854111E-01 0.256122336E-01 0.178184364E-01 0.995813952E-02 0.208758013E-02
-0.573537185E-02-0.134516397E-01-0.210013591E-01-0.283243122E-01-0.353603828E-01
-0.420500355E-01-0.483348154E-01-0.541578660E-01-0.594644585E-01-0.642025290E-01
-0.683232151E-01-0.717813873E-01-0.745361667E-01-0.765514215E-01-0.777962372E-01
-0.782453505E-01-0.778795412E-01-0.766859755E-01-0.746584935E-01-0.717978349E-01
-0.681117981E-01-0.636153279E-01-0.583305265E-01-0.522865866E-01-0.455196413E-01
-0.380725321E-01-0.299944907E-01-0.213407374E-01-0.121719946E-01-0.255391691E-02
 0.744356248E-02 0.177469844E-01 0.282802971E-01 0.389659056E-01 0.497637201E-01
 0.606702504E-01 0.716866851E-01 0.828196590E-01 0.940822690E-01 0.105495421E+00
 0.117089621E+00 0.128907377E+00 0.141006454E+00 0.153464382E+00 0.166384844E+00
 0.179907102E+00 0.194220727E+00 0.209591152E+00 0.226411875E+00 0.243881911E+00
 0.950764034E-01 0.930685599E-01 0.879778237E-01 0.818615827E-01 0.756383774E-01
 0.692991901E-01 0.628374143E-01 0.562486185E-01 0.495300613E-01 0.426799868E-01
 0.356970290E-01 0.285797125E-01 0.213605202E-01 0.140913995E-01 0.682592568E-02
-0.380964174E-03-0.747330751E-02-0.143944954E-01-0.210876830E-01-0.274962260E-01
-0.335641410E-01-0.392365844E-01-0.444603471E-01-0.491843590E-01-0.533601983E-01
-0.569426003E-01-0.598899583E-01-0.621648115E-01-0.637343121E-01-0.645706658E-01
-0.646515391E-01-0.639604265E-01-0.624869717E-01-0.602272381E-01-0.571839212E-01
-0.533665000E-01-0.487913228E-01-0.434816229E-01-0.374674617E-01-0.307855969E-01
-0.234792734E-01-0.155979353E-01-0.719686044E-02 0.166328054E-02 0.109169305E-01
 0.204941794E-01 0.303211532E-01 0.403211784E-01 0.504614517E-01 0.607287425E-01
 0.711131120E-01 0.816083010E-01 0.922122566E-01 0.102927806E+00 0.113763487E+00
 0.124734543E+00 0.135864090E+00 0.147184450E+00 0.158738683E+00 0.170582333E+00
 0.182785565E+00 0.195436199E+00 0.208644907E+00 0.222547809E+00 0.236587055E+00
 0.938317130E-01 0.919484937E-01 0.870231240E-01 0.811832284E-01 0.752862564E-01
 0.693067906E-01 0.632346696E-01 0.570664723E-01 0.508016353E-01 0.444406398E-01
 0.379842836E-01 0.314334263E-01 0.248023547E-01 0.181398390E-01 0.114962396E-01
 0.492317156E-02-0.152684571E-02-0.780076069E-02-0.138453866E-01-0.196078213E-01
-0.250358882E-01-0.300785945E-01-0.346866015E-01-0.388127040E-01-0.424123117E-01
-0.454439280E-01-0.478696212E-01-0.496554805E-01-0.507720529E-01-0.511947539E-01
-0.509042464E-01-0.498867835E-01-0.481345085E-01-0.456457077E-01-0.424250126E-01
-0.384835461E-01-0.338390108E-01-0.285157143E-01-0.225445314E-01-0.159627981E-01
-0.881413706E-02-0.114820851E-02 0.697961943E-02 0.155086785E-01 0.243735630E-01
 0.335051248E-01 0.428272341E-01 0.523204579E-01 0.619630953E-01 0.717355145E-01
 0.816201361E-01 0.916015834E-01 0.101666935E+00 0.111806032E+00 0.122011771E+00
 0.132280292E+00 0.142610897E+00 0.153005460E+00 0.163466910E+00 0.173996050E+00
 0.184585313E+00 0.195206472E+00 0.205784480E+00 0.216128612E+00 0.225750458E+00
 0.918748096E-01 0.900156693E-01 0.855348959E-01 0.801435787E-01 0.746541145E-01
 0.690679358E-01 0.633990119E-01 0.576573037E-01 0.518493924E-01 0.459798834E-01
 0.400523519E-01 0.340700092E-01 0.280362939E-01 0.219905813E-01 0.159798046E-01
 0.100520113E-01 0.425602689E-02-0.135889788E-02-0.674346396E-02-0.118487256E-01
-0.166265120E-01-0.210298638E-01-0.250134814E-01-0.285341766E-01-0.315513265E-01
-0.340273217E-01-0.359280050E-01-0.372230953E-01-0.378865912E-01-0.378971510E-01
-0.372384417E-01-0.358994553E-01-0.338747862E-01-0.311648676E-01-0.277761615E-01
-0.237213023E-01-0.190191896E-01-0.136950287E-01-0.778031834E-02-0.131278248E-02
 0.566375402E-02 0.130995359E-01 0.209391766E-01 0.291217436E-01 0.375803873E-01
 0.462673896E-01 0.551564585E-01 0.642218259E-01 0.734375647E-01 0.827778247E-01
 0.922169627E-01 0.101729673E+00 0.111291143E+00 0.120877204E+00 0.130464414E+00
 0.140029922E+00 0.149550937E+00 0.159003480E+00 0.168360011E+00 0.177585287E+00
 0.186629602E+00 0.195418320E+00 0.203837146E+00 0.211716760E+00 0.218832895E+00
 0.899518376E-01 0.882061551E-01 0.840136256E-01 0.789655514E-01 0.738076613E-01
 0.685697035E-01 0.632788057E-01 0.579497977E-01 0.525913337E-01 0.472090016E-01
 0.418069332E-01 0.363887010E-01 0.309577849E-01 0.255345407E-01 0.201624631E-01
 0.148858488E-01 0.974962063E-02 0.479903536E-02 0.793330523E-04-0.436464816E-02
-0.848887800E-02-0.122505527E-01-0.156085201E-01-0.185237066E-01-0.209595408E-01
-0.228823693E-01-0.242618614E-01-0.250713977E-01-0.252884380E-01-0.248948666E-01
-0.238773093E-01-0.222274195E-01-0.199421308E-01-0.170238725E-01-0.134807472E-01
-0.932666798E-02-0.458145682E-02 0.729100196E-03 0.657323479E-02 0.129132223E-01
 0.197054889E-01 0.269004076E-01 0.344437652E-01 0.422773642E-01 0.503784512E-01
 0.587187281E-01 0.672694879E-01 0.760011191E-01 0.848826898E-01 0.938817188E-01
 0.102964069E+00 0.112093959E+00 0.121234100E+00 0.130345939E+00 0.139389949E+00
 0.148325865E+00 0.157112674E+00 0.165708146E+00 0.174067636E+00 0.182141935E+00
 0.189874127E+00 0.197195827E+00 0.204024038E+00 0.210261106E+00 0.215800857E+00
 0.883383992E-01 0.867968208E-01 0.826791017E-01 0.776735726E-01 0.726954398E-01
 0.677334458E-01 0.627852896E-01 0.578520039E-01 0.529351870E-01 0.480364472E-01
 0.431576225E-01 0.383011721E-01 0.334705924E-01 0.286709241E-01 0.239389568E-01
 0.193145886E-01 0.148385311E-01 0.105518832E-01 0.649572551E-02 0.271071715E-02
-0.763310867E-03-0.388776253E-02-0.662568207E-02-0.894215419E-02-0.108046961E-01
-0.121836382E-01-0.130524904E-01-0.133882912E-01-0.131719359E-01-0.123884824E-01
-0.110274311E-01-0.908297652E-02-0.655422918E-02-0.344540620E-02 0.234012116E-03
 0.446915779E-02 0.923967029E-02 0.145196466E-01 0.202775735E-01 0.264761784E-01
 0.330739022E-01 0.400173305E-01 0.472881463E-01 0.548613800E-01 0.627117508E-01
 0.708121194E-01 0.791331800E-01 0.876429891E-01 0.963064494E-01 0.105084843E+00
 0.113935490E+00 0.122811620E+00 0.131662527E+00 0.140434091E+00 0.149069670E+00
 0.157511311E+00 0.165701117E+00 0.173582514E+00 0.181101148E+00 0.188205190E+00
 0.194845013E+00 0.200972510E+00 0.206540649E+00 0.211504107E+00 0.215821654E+00
 0.860496200E-01 0.845955562E-01 0.806340488E-01 0.757979907E-01 0.710439703E-01
 0.663715191E-01 0.617735433E-01 0.572434465E-01 0.527758737E-01 0.483670733E-01
 0.440151025E-01 0.397199250E-01 0.354834089E-01 0.313091935E-01 0.272166219E-01
 0.232418884E-01 0.194217940E-01 0.157934364E-01 0.123938337E-01 0.925952965E-02
 0.642619713E-02 0.392824725E-02 0.179844867E-02 0.675586679E-04-0.123603196E-02
-0.208663858E-02-0.246160512E-02-0.234160709E-02-0.171093374E-02-0.557748256E-03
 0.112567491E-02 0.334274003E-02 0.609234687E-02 0.936872582E-02 0.131613173E-01
 0.174547126E-01 0.222284220E-01 0.274570920E-01 0.331106114E-01 0.391477934E-01
 0.455567743E-01 0.523189533E-01 0.594156584E-01 0.668265314E-01 0.745292692E-01
 0.824989711E-01 0.907073933E-01 0.991220848E-01 0.107705433E+00 0.116413691E+00
 0.125196111E+00 0.133994349E+00 0.142742389E+00 0.151367240E+00 0.159790626E+00
 0.167931772E+00 0.175711086E+00 0.183054297E+00 0.189896362E+00 0.196184471E+00
 0.201879678E+00 0.206957024E+00 0.211404392E+00 0.215220618E+00 0.218413518E+00
 0.830945586E-01 0.817241710E-01 0.777647854E-01 0.731165689E-01 0.686343422E-01
 0.642987235E-01 0.600935119E-01 0.560028978E-01 0.520137308E-01 0.481164618E-01
 0.443052917E-01 0.405779525E-01 0.369353843E-01 0.333814649E-01 0.299229386E-01
 0.265905733E-01 0.234172479E-01 0.204362210E-01 0.176806332E-01 0.151830704E-01
 0.129751639E-01 0.110872179E-01 0.954785986E-02 0.838371102E-02 0.761907762E-02
 0.727566050E-02 0.737228393E-02 0.792464684E-02 0.894509785E-02 0.104424293E-01
 0.124216795E-01 0.148839773E-01 0.178264372E-01 0.212419370E-01 0.251189820E-01
 0.294425383E-01 0.341914899E-01 0.393411068E-01 0.448855218E-01 0.508129738E-01
 0.571122172E-01 0.637710159E-01 0.707760621E-01 0.781124776E-01 0.857631948E-01
 0.937081214E-01 0.101923064E+00 0.110378378E+00 0.119037340E+00 0.127854263E+00
 0.136772490E+00 0.145722497E+00 0.154620585E+00 0.163368840E+00 0.171857214E+00
 0.179968442E+00 0.187585849E+00 0.194603030E+00 0.200933470E+00 0.206518049E+00
 0.211329019E+00 0.215369949E+00 0.218671768E+00 0.221285674E+00 0.223274445E+00
 0.789026785E-01 0.775033841E-01 0.737795546E-01 0.693934358E-01 0.652639270E-01
 0.613531777E-01 0.576218142E-01 0.540379545E-01 0.505786695E-01 0.472291555E-01
 0.439812809E-01 0.408322008E-01 0.377832382E-01 0.348390336E-01 0.320068756E-01
 0.293052383E-01 0.267642596E-01 0.244140589E-01 0.222843421E-01 0.204040225E-01
 0.188008689E-01 0.175011807E-01 0.165294900E-01 0.159082897E-01 0.156577862E-01
 0.157956702E-01 0.163368991E-01 0.172935074E-01 0.186744689E-01 0.204855914E-01
 0.227292493E-01 0.254042646E-01 0.285064744E-01 0.320277404E-01 0.359527040E-01
 0.402758187E-01 0.449941905E-01 0.501020572E-01 0.555945482E-01 0.614665038E-01
 0.677126386E-01 0.743273289E-01 0.813043368E-01 0.886363680E-01 0.963144251E-01
 0.104326882E+00 0.112658188E+00 0.121287098E+00 0.130184280E+00 0.139309190E+00
 0.148606107E+00 0.157999413E+00 0.167388565E+00 0.176643991E+00 0.185606370E+00
 0.194092832E+00 0.201912735E+00 0.208891137E+00 0.214892712E+00 0.219838690E+00
 0.223714321E+00 0.226567861E+00 0.228501395E+00 0.229652934E+00 0.230172320E+00
 0.732974631E-01 0.717953180E-01 0.682685665E-01 0.643052251E-01 0.607262822E-01
 0.574169291E-01 0.542975968E-01 0.513206760E-01 0.484595474E-01 0.457008819E-01
 0.430399201E-01 0.404776347E-01 0.380190091E-01 0.356719918E-01 0.334468870E-01
 0.313560912E-01 0.294258020E-01 0.276833959E-01 0.261554628E-01 0.248674599E-01
 0.238434161E-01 0.231056702E-01 0.226746387E-01 0.225686185E-01 0.228036318E-01
 0.233932982E-01 0.243486122E-01 0.256777487E-01 0.273860835E-01 0.294768842E-01
 0.319498784E-01 0.347992966E-01 0.380230254E-01 0.416232398E-01 0.455990382E-01
 0.499496300E-01 0.546747062E-01 0.597741219E-01 0.652482186E-01 0.710978558E-01
 0.773244457E-01 0.839299161E-01 0.909165867E-01 0.982869191E-01 0.106043081E+00
 0.114186236E+00 0.122715416E+00 0.131625786E+00 0.140905999E+00 0.150534217E+00
 0.160472195E+00 0.170656633E+00 0.180986847E+00 0.191308291E+00 0.201394372E+00
 0.210938332E+00 0.219580473E+00 0.226981531E+00 0.232897583E+00 0.237209852E+00
 0.239923378E+00 0.241163421E+00 0.241170488E+00 0.240268071E+00 0.238786577E+00
 0.653337871E-01 0.634230046E-01 0.604005385E-01 0.575155536E-01 0.549593250E-01
 0.525432694E-01 0.502107847E-01 0.479431835E-01 0.457371976E-01 0.435970401E-01
 0.415310089E-01 0.395498385E-01 0.376658382E-01 0.358924316E-01 0.342439160E-01
 0.327353391E-01 0.313862115E-01 0.302217364E-01 0.292656652E-01 0.285401052E-01
 0.280653509E-01 0.278597132E-01 0.279393412E-01 0.283180831E-01 0.290074840E-01
 0.300171978E-01 0.313543279E-01 0.330225801E-01 0.350208616E-01 0.373545930E-01
 0.400274276E-01 0.430409996E-01 0.463967976E-01 0.500968612E-01 0.541433925E-01
 0.585390831E-01 0.632873737E-01 0.683926251E-01 0.738603167E-01 0.796972279E-01
 0.859116151E-01 0.925133840E-01 0.995142499E-01 0.106927871E+00 0.114769918E+00
 0.123058018E+00 0.131811457E+00 0.141050448E+00 0.150794629E+00 0.161060241E+00
 0.171855052E+00 0.183169406E+00 0.194960345E+00 0.207122141E+00 0.219425979E+00
 0.231388012E+00 0.242130138E+00 0.250782349E+00 0.256951737E+00 0.260539490E+00
 0.261586522E+00 0.260275101E+00 0.257045946E+00 0.252759732E+00 0.248322248E+00
 0.545209510E-01 0.513788375E-01 0.504399197E-01 0.497182356E-01 0.485593362E-01
 0.471842131E-01 0.456950182E-01 0.441505735E-01 0.425914227E-01 0.410490586E-01
 0.395498778E-01 0.381171100E-01 0.367718795E-01 0.355338644E-01 0.344217573E-01
 0.334536318E-01 0.326472892E-01 0.320241320E-01 0.316048676E-01 0.314079909E-01
 0.314498546E-01 0.317445980E-01 0.323038769E-01 0.331364397E-01 0.342473181E-01
 0.356440085E-01 0.373322287E-01 0.393157186E-01 0.415969123E-01 0.441783915E-01
 0.470625994E-01 0.502518892E-01 0.537489202E-01 0.575570092E-01 0.616803470E-01
 0.661242373E-01 0.708953319E-01 0.760018599E-01 0.814538726E-01 0.872635155E-01
 0.934453519E-01 0.100016758E+00 0.106998419E+00 0.114414949E+00 0.122295665E+00
 0.130675546E+00 0.139596371E+00 0.149108037E+00 0.159269948E+00 0.170152253E+00
 0.181836479E+00 0.194414834E+00 0.207987509E+00 0.222659105E+00 0.238545043E+00
 0.255855523E+00 0.271324785E+00 0.281906574E+00 0.288352895E+00 0.291059631E+00
 0.289694876E+00 0.284577530E+00 0.275214862E+00 0.264603375E+00 0.256481709E+00
 0.468962832E-01 0.433511257E-01 0.428904232E-01 0.429984099E-01 0.426714650E-01
 0.420398987E-01 0.412078919E-01 0.402541885E-01 0.392389164E-01 0.382093914E-01
 0.372040595E-01 0.362550834E-01 0.353900709E-01 0.346332656E-01 0.340063908E-01
 0.335292685E-01 0.332203004E-01 0.330971438E-01 0.331766877E-01 0.334728067E-01
 0.339974639E-01 0.347609327E-01 0.357712771E-01 0.370344568E-01 0.385546334E-01
 0.403349976E-01 0.423777230E-01 0.446841090E-01 0.472549468E-01 0.500910025E-01
 0.531933467E-01 0.565636649E-01 0.602045878E-01 0.641200008E-01 0.683153123E-01
 0.727976921E-01 0.775762902E-01 0.826624521E-01 0.880699563E-01 0.938153071E-01
 0.999181220E-01 0.106401663E+00 0.113293569E+00 0.120626870E+00 0.128441376E+00
 0.136785585E+00 0.145719304E+00 0.155317249E+00 0.165674006E+00 0.176910804E+00
 0.189184546E+00 0.202699141E+00 0.217717862E+00 0.234573672E+00 0.253675976E+00
 0.274020847E+00 0.289556032E+00 0.300146629E+00 0.306060077E+00 0.307104260E+00
 0.303432080E+00 0.294367055E+00 0.280824125E+00 0.269111234E+00 0.259636173E+00
 0.415819651E-01 0.378217433E-01 0.374589825E-01 0.377755840E-01 0.377624234E-01
 0.374927942E-01 0.370382847E-01 0.364650611E-01 0.358308040E-01 0.351844500E-01
 0.345671788E-01 0.340137649E-01 0.335538765E-01 0.332131504E-01 0.330140002E-01
 0.329761777E-01 0.331171299E-01 0.334521911E-01 0.339945417E-01 0.347549521E-01
 0.357418367E-01 0.369613417E-01 0.384174224E-01 0.401120408E-01 0.420454762E-01
 0.442167267E-01 0.466238658E-01 0.492644263E-01 0.521358382E-01 0.552359013E-01
 0.585632471E-01 0.621177775E-01 0.659010682E-01 0.699167155E-01 0.741706103E-01
 0.786711404E-01 0.834293327E-01 0.884589622E-01 0.937766689E-01 0.994021321E-01
 0.105358359E+00 0.111672157E+00 0.118374854E+00 0.125503381E+00 0.133101824E+00
 0.141223653E+00 0.149934915E+00 0.159318869E+00 0.169482833E+00 0.180568589E+00
 0.192768616E+00 0.206352006E+00 0.221704841E+00 0.239377592E+00 0.259933100E+00
 0.278062384E+00 0.291683466E+00 0.300799293E+00 0.305272590E+00 0.305087287E+00
 0.299481672E+00 0.288069559E+00 0.275753661E+00 0.265423280E+00 0.256704646E+00
 0.380250539E-01 0.340969823E-01 0.334751790E-01 0.337355916E-01 0.337426419E-01
 0.335509317E-01 0.332236876E-01 0.328206300E-01 0.323944648E-01 0.319900620E-01
 0.316451712E-01 0.313917150E-01 0.312570698E-01 0.312650545E-01 0.314365551E-01
 0.317898241E-01 0.323405416E-01 0.331017352E-01 0.340836378E-01 0.352935661E-01
 0.367359182E-01 0.384122883E-01 0.403216895E-01 0.424608748E-01 0.448247392E-01
 0.474067784E-01 0.501995808E-01 0.531953589E-01 0.563865271E-01 0.597663207E-01
 0.633294324E-01 0.670726307E-01 0.709953123E-01 0.750999390E-01 0.793923218E-01
 0.838817363E-01 0.885808864E-01 0.935057605E-01 0.986754473E-01 0.104111991E+00
 0.109840361E+00 0.115888616E+00 0.122288316E+00 0.129075253E+00 0.136290571E+00
 0.143982395E+00 0.152208115E+00 0.161037635E+00 0.170558032E+00 0.180880537E+00
 0.192151547E+00 0.204571614E+00 0.218432879E+00 0.234218929E+00 0.251103350E+00
 0.265216421E+00 0.275923343E+00 0.283051813E+00 0.286530690E+00 0.285792644E+00
 0.280642340E+00 0.271776095E+00 0.263369659E+00 0.255754525E+00 0.248925187E+00
 0.355822327E-01 0.314116915E-01 0.306281506E-01 0.306377833E-01 0.304158538E-01
 0.300530794E-01 0.296285725E-01 0.292054021E-01 0.288312312E-01 0.285419724E-01
 0.283657977E-01 0.283263141E-01 0.284445980E-01 0.287401789E-01 0.292312150E-01
 0.299341403E-01 0.308630471E-01 0.320290243E-01 0.334396153E-01 0.350984988E-01
 0.370054413E-01 0.391565051E-01 0.415444550E-01 0.441592890E-01 0.469888214E-01
 0.500192759E-01 0.532358844E-01 0.566235264E-01 0.601674546E-01 0.638541388E-01
 0.676722113E-01 0.716134421E-01 0.756736278E-01 0.798532614E-01 0.841578756E-01
 0.885980067E-01 0.931888030E-01 0.979493688E-01 0.102901987E+00 0.108071368E+00
 0.113484064E+00 0.119168108E+00 0.125152924E+00 0.131469485E+00 0.138150672E+00
 0.145231775E+00 0.152751022E+00 0.160749989E+00 0.169273538E+00 0.178368574E+00
 0.188079939E+00 0.198439347E+00 0.209437321E+00 0.220956267E+00 0.232453687E+00
 0.242474705E+00 0.250370623E+00 0.255873479E+00 0.258788261E+00 0.258979009E+00
 0.256478446E+00 0.252375691E+00 0.247746506E+00 0.242978725E+00 0.238298078E+00
 0.346534172E-01 0.302127247E-01 0.289425213E-01 0.283408260E-01 0.275351562E-01
 0.267064454E-01 0.259632921E-01 0.253614058E-01 0.249253905E-01 0.246656226E-01
 0.245885965E-01 0.247022718E-01 0.250181088E-01 0.255509739E-01 0.263177579E-01
 0.273353720E-01 0.286186474E-01 0.301785192E-01 0.320207340E-01 0.341452002E-01
 0.365459855E-01 0.392118635E-01 0.421272174E-01 0.452730635E-01 0.486279812E-01
 0.521688395E-01 0.558713487E-01 0.597105929E-01 0.636617625E-01 0.677012632E-01
 0.718082430E-01 0.759663799E-01 0.801656196E-01 0.844034895E-01 0.886856859E-01
 0.930257822E-01 0.974441014E-01 0.101965989E+00 0.106619849E+00 0.111435319E+00
 0.116441845E+00 0.121667748E+00 0.127139715E+00 0.132882564E+00 0.138919080E+00
 0.145269694E+00 0.151951759E+00 0.158978037E+00 0.166353853E+00 0.174071951E+00
 0.182103542E+00 0.190383088E+00 0.198783831E+00 0.207083949E+00 0.214943805E+00
 0.221954814E+00 0.227756259E+00 0.232100900E+00 0.234860338E+00 0.236033528E+00
 0.235773777E+00 0.234383926E+00 0.232218038E+00 0.229576565E+00 0.226679756E+00
 0.360615340E-01 0.315616530E-01 0.287739131E-01 0.265639824E-01 0.245430678E-01
 0.229038032E-01 0.216926728E-01 0.208647963E-01 0.203602890E-01 0.201299963E-01
 0.201423132E-01 0.203842152E-01 0.208593368E-01 0.215839052E-01 0.225814091E-01
 0.238770534E-01 0.254928702E-01 0.274439830E-01 0.297362265E-01 0.323651951E-01
 0.353166955E-01 0.385683978E-01 0.420921986E-01 0.458565886E-01 0.498283612E-01
 0.539733246E-01 0.582561438E-01 0.626398540E-01 0.670858308E-01 0.715549699E-01
 0.760104084E-01 0.804214104E-01 0.847674246E-01 0.890411997E-01 0.932501535E-01
 0.974156201E-01 0.101570032E+00 0.105752633E+00 0.110004827E+00 0.114366279E+00
 0.118872423E+00 0.123553295E+00 0.128433275E+00 0.133531192E+00 0.138860385E+00
 0.144428425E+00 0.150236256E+00 0.156276533E+00 0.162530895E+00 0.168965896E+00
 0.175527381E+00 0.182133550E+00 0.188668067E+00 0.194976835E+00 0.200874401E+00
 0.206164108E+00 0.210667188E+00 0.214249260E+00 0.216837603E+00 0.218429735E+00
 0.219093018E+00 0.218951551E+00 0.218160575E+00 0.216878381E+00 0.215246807E+00
 0.379290166E-01 0.331842518E-01 0.285652573E-01 0.239799281E-01 0.196703528E-01
 0.173618602E-01 0.159700296E-01 0.151846392E-01 0.148189850E-01 0.147529537E-01
 0.149170823E-01 0.152865934E-01 0.158742993E-01 0.167190674E-01 0.178721047E-01
 0.193846387E-01 0.212988204E-01 0.236417563E-01 0.264219850E-01 0.296282316E-01
 0.332309365E-01 0.371868828E-01 0.414459450E-01 0.459575662E-01 0.506745338E-01
 0.555530419E-01 0.605496189E-01 0.656164834E-01 0.706975879E-01 0.757282376E-01
 0.806405667E-01 0.853739554E-01 0.898860242E-01 0.941602878E-01 0.982094174E-01
 0.102073972E+00 0.105815757E+00 0.109506305E+00 0.113214544E+00 0.116998538E+00
 0.120902706E+00 0.124958638E+00 0.129187148E+00 0.133600187E+00 0.138202084E+00
 0.142990018E+00 0.147953756E+00 0.153074713E+00 0.158324415E+00 0.163662496E+00
 0.169034491E+00 0.174369995E+00 0.179582114E+00 0.184569448E+00 0.189221695E+00
 0.193428945E+00 0.197093177E+00 0.200139390E+00 0.202524010E+00 0.204239094E+00
 0.205311595E+00 0.205797687E+00 0.205773367E+00 0.205323778E+00 0.204533865E+00
 0.388386919E-01 0.335476039E-01 0.278008872E-01 0.213564884E-01 0.142820075E-01
 0.968604822E-02 0.813747538E-02 0.805539635E-02 0.826878049E-02 0.862900059E-02
 0.903976134E-02 0.948981498E-02 0.100498575E-01 0.108372702E-01 0.119769864E-01
 0.135769634E-01 0.157180436E-01 0.184500856E-01 0.217882243E-01 0.257084204E-01
 0.301470467E-01 0.350117213E-01 0.402035489E-01 0.456387328E-01 0.512575385E-01
 0.570200215E-01 0.628939903E-01 0.688387079E-01 0.747857725E-01 0.806242749E-01
 0.862106489E-01 0.914100663E-01 0.961326735E-01 0.100343590E+00 0.104064826E+00
 0.107380375E+00 0.110429773E+00 0.113369321E+00 0.116325307E+00 0.119379190E+00
 0.122577132E+00 0.125942629E+00 0.129485129E+00 0.133204870E+00 0.137095258E+00
 0.141143797E+00 0.145332158E+00 0.149635739E+00 0.154022964E+00 0.158454528E+00
 0.162882842E+00 0.167252007E+00 0.171498690E+00 0.175554246E+00 0.179348238E+00
 0.182813165E+00 0.185889791E+00 0.188532195E+00 0.190711655E+00 0.192418665E+00
 0.193662742E+00 0.194470128E+00 0.194879876E+00 0.194939154E+00 0.194698635E+00
 0.402280501E-01 0.347858017E-01 0.287031675E-01 0.216813438E-01 0.134848461E-01
 0.684498202E-02 0.255141859E-02 0.701653233E-03 0.130621828E-02 0.249343322E-02
 0.318050223E-02 0.340086488E-02 0.347020091E-02 0.374885708E-02 0.451439912E-02
 0.595008294E-02 0.817776556E-02 0.112795900E-01 0.152971629E-01 0.202056768E-01
 0.258705651E-01 0.320473925E-01 0.384912406E-01 0.450593707E-01 0.517074430E-01
 0.584476491E-01 0.653165729E-01 0.723513007E-01 0.795534595E-01 0.867719171E-01
 0.935405274E-01 0.994936619E-01 0.104514556E+00 0.108562329E+00 0.111633441E+00
 0.113820850E+00 0.115525173E+00 0.117254800E+00 0.119193308E+00 0.121376705E+00
 0.123802423E+00 0.126456523E+00 0.129321523E+00 0.132378482E+00 0.135607096E+00
 0.138985158E+00 0.142487848E+00 0.146087057E+00 0.149750831E+00 0.153443021E+00
 0.157123234E+00 0.160747197E+00 0.164267669E+00 0.167635944E+00 0.170803945E+00
 0.173726743E+00 0.176365230E+00 0.178688575E+00 0.180676115E+00 0.182318368E+00
 0.183617043E+00 0.184584064E+00 0.185239808E+00 0.185610858E+00 0.185727635E+00
 0.426043815E-01 0.375444827E-01 0.319827901E-01 0.258290939E-01 0.190658230E-01
 0.118057160E-01 0.504044053E-02 0.519998869E-03-0.151291898E-02-0.879085083E-03
-0.699998240E-03-0.212248479E-02-0.402526608E-02-0.516971508E-02-0.532005500E-02
-0.439444447E-02-0.231045962E-02 0.104395145E-02 0.581952886E-02 0.121938826E-01
 0.202138371E-01 0.287651538E-01 0.369086610E-01 0.446951786E-01 0.522853916E-01
 0.598459334E-01 0.675464916E-01 0.755771029E-01 0.841851388E-01 0.937081586E-01
 0.102189148E+00 0.109012320E+00 0.114391989E+00 0.118219200E+00 0.120440290E+00
 0.120827876E+00 0.120120976E+00 0.120372723E+00 0.121263583E+00 0.122621239E+00
 0.124341834E+00 0.126357297E+00 0.128619566E+00 0.131091539E+00 0.133741649E+00
 0.136540623E+00 0.139459551E+00 0.142468761E+00 0.145537169E+00 0.148631991E+00
 0.151718755E+00 0.154761622E+00 0.157724031E+00 0.160569644E+00 0.163263560E+00
 0.165773691E+00 0.168072164E+00 0.170136589E+00 0.171951019E+00 0.173506494E+00
 0.174801082E+00 0.175839440E+00 0.176631957E+00 0.177193617E+00 0.177542719E+00
 0.458415184E-01 0.415156331E-01 0.368226439E-01 0.317304187E-01 0.262712229E-01
 0.205397169E-01 0.146727367E-01 0.882212093E-02 0.429793201E-02 0.282821274E-02
 0.102632240E-02-0.305092007E-02-0.775751053E-02-0.104120167E-01-0.114740151E-01
-0.111089179E-01-0.930204725E-02-0.594133173E-02-0.797697649E-03 0.659471123E-02
 0.171205237E-01 0.279300804E-01 0.371494387E-01 0.455101085E-01 0.534429936E-01
 0.612404463E-01 0.691449024E-01 0.774033202E-01 0.863145667E-01 0.961972263E-01
 0.105013812E+00 0.112026627E+00 0.117428831E+00 0.121158615E+00 0.123101678E+00
 0.122990108E+00 0.121721299E+00 0.121427060E+00 0.121821109E+00 0.122704195E+00
 0.123956113E+00 0.125503276E+00 0.127296664E+00 0.129298931E+00 0.131477833E+00
 0.133803236E+00 0.136245815E+00 0.138776439E+00 0.141365864E+00 0.143984600E+00
 0.146602959E+00 0.149191262E+00 0.151720236E+00 0.154161570E+00 0.156488598E+00
 0.158677059E+00 0.160705851E+00 0.162557702E+00 0.164219683E+00 0.165683496E+00
 0.166945517E+00 0.168006575E+00 0.168871511E+00 0.169548561E+00 0.170048643E+00
 0.949396853E+00 0.960462768E+00 0.967416601E+00 0.975837005E+00 0.984961473E+00
 0.994150023E+00 0.100521430E+01 0.101451786E+01 0.102447904E+01 0.103467732E+01
 0.104541690E+01 0.105650239E+01 0.106777596E+01 0.107947158E+01 0.109164874E+01
 0.110407258E+01 0.111694162E+01 0.113021742E+01 0.114397252E+01 0.115809341E+01
 0.117280105E+01 0.118790997E+01 0.120355792E+01 0.121978816E+01 0.123654868E+01
 0.125393780E+01 0.127194232E+01 0.129063703E+01 0.131001643E+01 0.133015869E+01
 0.135110218E+01 0.137286572E+01 0.139554784E+01 0.141918242E+01 0.144383256E+01
 0.146956775E+01 0.149646767E+01 0.152465714E+01 0.155414363E+01 0.158509929E+01
 0.161763707E+01 0.165187170E+01 0.168800768E+01 0.172607489E+01 0.176642328E+01
 0.180919130E+01 0.185467624E+01 0.190316272E+01 0.195489150E+01 0.201049864E+01
 0.207030393E+01 0.213490297E+01 0.220497847E+01 0.228179800E+01 0.236609508E+01
 0.245923095E+01 0.256356779E+01 0.268211991E+01 0.281679418E+01 0.297648479E+01
 0.316765857E+01 0.340701366E+01 0.373151725E+01 0.424034225E+01 0.679009424E+01
   88   87
 0.106650286E+01 0.000000000E+00 0.106819392E+01 0.100000000E+00 0.107276363E+01
 0.200000000E+00 0.107906250E+01 0.287221509E+00 0.108493796E+01 0.350000000E+00
 0.109781302E+01 0.450000000E+00 0.110594715E+01 0.500000000E+00 0.112505539E+01
 0.600000000E+00 0.113605126E+01 0.650000000E+00 0.115875000E+01 0.744463516E+00
 0.117332909E+01 0.800000000E+00 0.118676496E+01 0.850000000E+00 0.121187500E+01
 0.941161980E+00 0.123039061E+01 0.100000000E+01 0.124704463E+01 0.105000000E+01
 0.126801208E+01 0.112115986E+01 0.131812500E+01 0.110095753E+01 0.134468750E+01
 0.109320868E+01 0.139781250E+01 0.107399853E+01 0.145093750E+01 0.105071716E+01
 0.147750000E+01 0.103993319E+01 0.153062500E+01 0.101537347E+01 0.155944420E+01
 0.100000000E+01 0.161031250E+01 0.973582148E+00 0.164845742E+01 0.950000000E+00
 0.169000000E+01 0.924619611E+00 0.172444409E+01 0.900000000E+00 0.176968750E+01
 0.867306908E+00 0.179625000E+01 0.845824065E+00 0.184937500E+01 0.800347088E+00
 0.187593750E+01 0.776500851E+00 0.190295313E+01 0.750000000E+00 0.195121838E+01
 0.700000000E+00 0.198218750E+01 0.665470978E+00 0.200875000E+01 0.633387235E+00
 0.203531250E+01 0.598798032E+00 0.206950160E+01 0.550000000E+00 0.210064798E+01
 0.500000000E+00 0.212820689E+01 0.450000000E+00 0.215261666E+01 0.400000000E+00
 0.217427309E+01 0.350000000E+00 0.219468750E+01 0.296308150E+00 0.222125000E+01
 0.211250850E+00 0.223594258E+01 0.150000000E+00 0.224781250E+01 0.621387079E-01
 0.225018058E+01 0.000000000E+00 0.224757879E+01-0.500000000E-01 0.223185217E+01
-0.150000000E+00 0.221913415E+01-0.200000000E+00 0.219468750E+01-0.275692642E+00
 0.216812500E+01-0.344258222E+00 0.214310063E+01-0.400000000E+00 0.211771154E+01
-0.450000000E+00 0.208915964E+01-0.500000000E+00 0.206187500E+01-0.542788479E+00
 0.203531250E+01-0.580659066E+00 0.200875000E+01-0.615348375E+00 0.197974477E+01
-0.650000000E+00 0.193398045E+01-0.700000000E+00 0.190250000E+01-0.731963117E+00
 0.187593750E+01-0.756706544E+00 0.182552313E+01-0.800000000E+00 0.179625000E+01
-0.823982001E+00 0.175989897E+01-0.850000000E+00 0.171656250E+01-0.880176621E+00
 0.168274134E+01-0.900000000E+00 0.163687500E+01-0.926374749E+00 0.158541030E+01
-0.950000000E+00 0.155718750E+01-0.962494062E+00 0.150406250E+01-0.981156695E+00
 0.145093750E+01-0.993314389E+00 0.139781250E+01-0.997412193E+00 0.134468750E+01
-0.988851421E+00 0.129156250E+01-0.953437377E+00 0.126500000E+01-0.922852180E+00
 0.123843750E+01-0.878904099E+00 0.121187500E+01-0.822799237E+00 0.118531250E+01
-0.754443560E+00 0.116658491E+01-0.700000000E+00 0.115085776E+01-0.650000000E+00
 0.113218750E+01-0.583558069E+00 0.111244988E+01-0.500000000E+00 0.110261731E+01
-0.450000000E+00 0.108718898E+01-0.350000000E+00 0.107906250E+01-0.273327194E+00
 0.107318873E+01-0.200000000E+00 0.106818782E+01-0.100000000E+00 0.106650286E+01
 0.000000000E+00
 0.101600000E+01 0.000000000E+00 0.101600000E+01 0.964000000E+00 0.101600000E+01
 0.968000000E+00 0.101600000E+01 0.100100000E+01 0.101600000E+01 0.101900000E+01
 0.101600000E+01 0.107700000E+01 0.101600000E+01 0.107000000E+01 0.101600000E+01
 0.109600000E+01 0.101600000E+01 0.111300000E+01 0.101600000E+01 0.113800000E+01
 0.101600000E+01 0.114700000E+01 0.101200000E+01 0.116500000E+01 0.100100000E+01
 0.121700000E+01 0.102900000E+01 0.121700000E+01 0.104200000E+01 0.116240000E+01
 0.104600000E+01 0.116238000E+01 0.105600000E+01 0.116260000E+01 0.109700000E+01
 0.116450000E+01 0.110800000E+01 0.116594000E+01 0.111600000E+01 0.116591000E+01
 0.113400000E+01 0.116896000E+01 0.114800000E+01 0.117175000E+01 0.116200000E+01
 0.117556000E+01 0.118100000E+01 0.118300000E+01 0.118200000E+01 0.118350000E+01
 0.118500000E+01 0.118500000E+01 0.119000000E+01 0.118800000E+01 0.119500000E+01
 0.119100000E+01 0.120100000E+01 0.119600000E+01 0.120900000E+01 0.120200000E+01
 0.121500000E+01 0.120800000E+01 0.122200000E+01 0.121400000E+01 0.122800000E+01
 0.122100000E+01 0.123400000E+01 0.123100000E+01 0.123900000E+01 0.123800000E+01
 0.124200000E+01 0.124400000E+01 0.124800000E+01 0.125400000E+01 0.125800000E+01
 0.127800000E+01 0.126300000E+01 0.129000000E+01 0.128000000E+01 0.133100000E+01
 0.128000000E+01 0.134700000E+01 0.128000000E+01 0.134800000E+01 0.131000000E+01
 0.134800000E+01 0.132800000E+01 0.134800000E+01 0.136100000E+01 0.134800000E+01
 0.138000000E+01 0.134800000E+01 0.141900000E+01 0.134800000E+01 0.141900000E+01
 0.131000000E+01 0.137200000E+01 0.131000000E+01 0.137200000E+01 0.129200000E+01
 0.160800000E+01 0.109500000E+01 0.164700000E+01 0.107700000E+01 0.178500000E+01
 0.107700000E+01 0.207000000E+01 0.104000000E+01 0.212800000E+01 0.993000000E+00
 0.224500000E+01 0.709000000E+00 0.232300000E+01 0.519000000E+00 0.237700000E+01
 0.389000000E+00 0.235200000E+01 0.400000000E+00 0.235100000E+01 0.337000000E+00
 0.235100000E+01 0.205000000E+00 0.235400000E+01 0.680000000E-01 0.235400000E+01
 0.000000000E+00 0.235400000E+01-0.680000000E-01 0.235300000E+01-0.205000000E+00
 0.235100000E+01-0.337000000E+00 0.235300000E+01-0.400000000E+00 0.237700000E+01
-0.389000000E+00 0.213400000E+01-0.973000000E+00 0.178600000E+01-0.117400000E+01
 0.176800000E+01-0.121100000E+01 0.176800000E+01-0.125000000E+01 0.168200000E+01
-0.125000000E+01 0.137200000E+01-0.125000000E+01 0.137200000E+01-0.132900000E+01
 0.142000000E+01-0.132900000E+01 0.142000000E+01-0.136300000E+01 0.127300000E+01
-0.136300000E+01 0.115300000E+01-0.136300000E+01 0.101600000E+01-0.122300000E+01
 0.101600000E+01-0.122300000E+01 0.101600000E+01-0.830000000E+00 0.101600000E+01
-0.800000000E+00 0.101600000E+01-0.415000000E+00 0.101600000E+01-0.400000000E+00
 0.101600000E+01-0.100000000E-02 0.101600000E+01 0.000000000E+00
    0 0.170000005E+01    0
 0.000000000E+00 0.939170375E-01 0.133361626E+00 0.163802326E+00 0.189592275E+00
 0.212529874E+00 0.232060081E+00 0.251526260E+00 0.269747211E+00 0.287048109E+00
 0.303423053E+00 0.319208083E+00 0.334359349E+00 0.349022706E+00 0.363254526E+00
 0.377094230E+00 0.390605342E+00 0.403809303E+00 0.416749769E+00 0.429453001E+00
 0.441936865E+00 0.454236829E+00 0.466373810E+00 0.478351537E+00 0.490186938E+00
 0.501911656E+00 0.513534563E+00 0.525057061E+00 0.536487194E+00 0.547870568E+00
 0.559176592E+00 0.570434263E+00 0.581662052E+00 0.592857864E+00 0.604028805E+00
 0.615182902E+00 0.626340593E+00 0.637516205E+00 0.648689624E+00 0.659892124E+00
 0.671131378E+00 0.682411647E+00 0.693759267E+00 0.705145896E+00 0.716623572E+00
 0.728181465E+00 0.739837159E+00 0.751613579E+00 0.763491051E+00 0.775536178E+00
 0.787726262E+00 0.800094421E+00 0.812648020E+00 0.825459277E+00 0.838503699E+00
 0.851820329E+00 0.865468298E+00 0.879543755E+00 0.893964313E+00 0.909005281E+00
 0.924634849E+00 0.941049413E+00 0.958588325E+00 0.977704859E+00 0.100000000E+01
    0
 &OUT1
 ISHOT = 124995
 ITIME = 2500
 BETAP0 = 0.5
 RZERO = 1.69550001621246
 QENP = 0.95
 ENP = 1.0
 EMP = 1.0
 PLASMA = 804890.7203069481
 EXPMP2 = 0.352869383901061 0.348839961535971 0.256236325477479 0.157376550006322 1.917103136482872E-02 -4.922581908262840E-02 -7.885398729630935E-02 2.946128473061925E-02 9.502006129191055E-02 0.14248896872479 0.193351508285008 0.168042984710646 0.199922880630954 0.185801334771771 0.162854864721671 0.338170782914836 0.239129429092742 0.157606133815846 8.492220924388987E-03 -4.519989346597535E-02 -8.151925366472566E-02 -4.076873475048696E-04 6.586013508941138E-02 8.459470048669412E-02 0.158719240127053 0.182344615552598 0.164448283106552 0.202602680938259 0.184595905317171 -8.667924687330393E-02 -2.642178928301374E-02 4.649410668773060E-02 9.581636988554035E-02 0.105603420713546 0.151075403094684 0.185017188565452 0.167002601900396 0.174239160582984 0.185590876545502 0.161192151275899 0.185622392618248 0.172485452777417 0.164343917577084 0.17862471643665 0.156256674770161 8.478263977159664E-02 6.489204693572714E-02 5.425636789682033E-03 -7.931137444193387E-02 -4.483244590875618E-02 7.864995377193110E-03 0.158560688389234 0.240615303446722 0.3382256722514 0.352836244471045 0.348619174826908 0.257915659609328 0.163549393303174 1.668460206503734E-02 -5.394243713251363E-02 7.096345003115136E-02 8.486706320971371E-02 7.470239264375846E-02 6.713008902078492E-02 -4.452294370601702E-02 -2.674720811285090E-02 -9.493065447331621E-02 -0.11845159271763 -4.766320059038864E-02 -6.187584211886520E-02 0.105683661597155 4.476346299281882E-02 9.020222661495554E-03 2.716436017117356E-02 4.597079423187164E-02 5.310743081041832E-02
 COILS = -9.505324160450425E-02 -8.842812231673269E-02 -7.742561442115123E-02 -3.410066440374988E-02 -8.472670626338680E-03 -0.19372861717212 -0.23178439899509 3.926234948380289E-03 -0.107838591534 -9.350000622332524E-02 -8.681257251555115E-02 -8.025345398446825E-02 -3.656031126959491E-02 -1.646719467166780E-02 -0.19822066864992 -0.22717920355492 3.696348885121386E-04 -0.10908384515137 -8.332551031417780E-02 -8.237666577264002E-02 -7.830936350016357E-02 -5.269229609916345E-02 -2.566703569526029E-02 -7.531886664142133E-03 -9.959071397860819E-02 -0.2102194568446 -0.19619381719743 -0.21754350686377 -0.17961486226779 -8.096457450587043E-02 -7.922452344773129E-02 -5.613200165706119E-02 -3.061173023344193E-02 -1.477383437859204E-02 -0.1188342260653 -0.20609333561364 -0.19013828870663 -0.22233465765657 -0.18278812653891 -3.497335285088742E-02 -7.745995931444259E-02 -4.285923647991269E-02 -6.964030284864184E-02 -9.655085296052175E-02
 BTOR = -0.99565904074649
 RCENTR = 1.69550001621246
 BRSP = -104287.680497493 -66886.4298272874 -58640.287620163 83655.00303287088 91482.6795406333 -104561.217510501 -148409.287577819 119214.4920412753 -56675.3956577231 -97632.3944265662 -55901.4350690757 -63368.9541722414 88157.25387415239 71157.96270459497 -109887.225534914 -138571.308433546 124136.1012755858 -55990.4478927523 145.455584750522 -154.394840996746 2067.539798806837 -2194.35891573951 -12055.9196588344 -11969.1152207092 -11946.4307488098 -11864.0883483331 -12085.0511517731 -11861.0556543727 0.233464854856104 -0.13568466644137 0.66897957347707 0.230963371739938 7.725408051098552E-02 -0.14378468339788 -0.17403517039113 -8.232968724872501E-02 -0.42961056283403 -0.16310491593283 -0.38328180874935 -0.3874986136111 -0.41739362899496 -0.69941186469392 0.443022704016684 0.38152177454503 1.18644061766919 1.57183259285237 1.25322507738186 0.17314750755263 -6.118189670349482E-02 -7.381594839346746E-02 -0.24011247148216 -0.24394818160817 -4.881525169609502E-02 -0.83516806569901 -0.32275654636748 -9.256090355198750E-02 -0.31551122506222 -0.14182864050652 0.396104777618261 0.752525478412127 1.17518636562114 -0.56542435623183 -1.35307091946198 -0.69933203161792 -0.91959967251712 0.473219569775891 -0.33865623227534 -0.31787847005401 -0.61888259312001 -0.96884121581826 0.51737845367461 -0.28946741867762 -0.42274694151443 -1.331271675224089E-02 1.07074877836296 0.628286901731124 -2.449047223075997E-04 0.431736749940349 6.364325174170182E-02 4.797156412906504E-02 -0.37709486729085 -1.05417714633105 -0.39494720763741 0.0 0.0 0.0 0.0 0.0 0.0 0.0 0.0 0.0 0.0 0.0 0.0 0.0 0.0 0.0 0.0 0.0 0.0 0.0 0.0 0.0 0.0 0.0 0.0 0.0 0.0 0.0 0.0 0.0 0.0 0.0 0.0 0.0 0.0 0.0 0.0 0.0 0.0 0.0 0.0 0.0 0.0 0.0 0.0 0.0 0.0 0.0 0.0 0.0 0.0 0.0 0.0 0.0 0.0 0.0 0.0 0.0 0.0 0.0 0.0 0.0 0.0 0.0 0.0 0.0 0.0 0.0 0.0 0.0 0.0 0.0 0.0 0.0 0.0 0.0 0.0 0.0 0.0 0.0 0.0 0.0 0.0 0.0 0.0 0.0 0.0 0.0 0.0 0.0 0.0 0.0 0.0 0.0 0.0 0.0 0.0 0.0 0.0 0.0 0.0 0.0 0.0 0.0 0.0 0.0 0.0 0.0 0.0 0.0 0.0 0.0 0.0 0.0 0.0 0.0 0.0 0.0 0.0 0.0 0.0 0.0 0.0 0.0 0.0 0.0 0.0 0.0 0.0 0.0 0.0 0.0 0.0 0.0 0.0 0.0 0.0 0.0 0.0 0.0 0.0 0.0 0.0 0.0 0.0 0.0 0.0 0.0 0.0 0.0 0.0 0.0 0.0 0.0 0.0 0.0 0.0 0.0 0.0 0.0 0.0 0.0 0.0 0.0 0.0 0.0 0.0 0.0 0.0 0.0 0.0 0.0 0.0 0.0 0.0 0.0 0.0 0.0 0.0 0.0 0.0 0.0 0.0 0.0 0.0 0.0 0.0 0.0 0.0 0.0 0.0 0.0 0.0 0.0 0.0 0.0 0.0 0.0 0.0 0.0 0.0 0.0 0.0 0.0 0.0 0.0 0.0 0.0 0.0 0.0 0.0 0.0 0.0 0.0 0.0 0.0 0.0 0.0 0.0 0.0 0.0 0.0 0.0 0.0 0.0 0.0 0.0 0.0 0.0 0.0 0.0 0.0 0.0 0.0 0.0 0.0 0.0 0.0 0.0 0.0 0.0 0.0 0.0 0.0 0.0 0.0 0.0 0.0 0.0 0.0 0.0 0.0 0.0 0.0 0.0 0.0 0.0 0.0 0.0 0.0 0.0 0.0 0.0 0.0 0.0 0.0 0.0 0.0 0.0 0.0 0.0 0.0 0.0 0.0 0.0 0.0 0.0 0.0 0.0 0.0 0.0 0.0 0.0 0.0 0.0 0.0 0.0 0.0 0.0 0.0 0.0 0.0 0.0 0.0 0.0 0.0 0.0 0.0 0.0 0.0 0.0 0.0 0.0 0.0 0.0 0.0 0.0 0.0 0.0 0.0 0.0 0.0 0.0 0.0 0.0 0.0 0.0 0.0 0.0 0.0 0.0 0.0 0.0 0.0 0.0 0.0 0.0 0.0 0.0 0.0 0.0 0.0 0.0 0.0 0.0 0.0 0.0 0.0 0.0
 ICURRT = 2
 RBDRY = 1.06650286185335 1.06819391623367 1.07276362967216 1.0790625 1.0849379568766 1.0978130202907 1.10594715264647 1.12505539358937 1.13605125914514 1.15875 1.17332908738223 1.18676495765654 1.211875 1.23039061019976 1.24704463159115 1.26801207974914 1.318125 1.3446875 1.3978125 1.4509375 1.4775 1.530625 1.55944419548842 1.6103125 1.64845741800904 1.69 1.72444408725012 1.7696875 1.79625 1.849375 1.8759375 1.90295312912863 1.95121837937117 1.9821875 2.00875 2.0353125 2.06950159730788 2.10064797976128 2.12820689466241 2.1526166589783 2.174273089427 2.1946875 2.22125 2.23594257801114 2.2478125 2.25018057729359 2.24757879144602 2.23185217385358 2.21913414567474 2.1946875 2.168125 2.14310063304618 2.11771153920977 2.08915963893528 2.061875 2.0353125 2.00875 1.97974477015848 1.93398044684342 1.9025 1.8759375 1.82552313318764 1.79625 1.75989896816922 1.7165625 1.68274134325154 1.636875 1.58541030105636 1.5571875 1.5040625 1.4509375 1.3978125 1.3446875 1.2915625 1.265 1.2384375 1.211875 1.1853125 1.16658490923251 1.15085776119507 1.1321875 1.11244988328262 1.10261730577626 1.0871889789957 1.0790625 1.07318873284602 1.06818781830199 1.06650286185335 0.0 0.0 0.0 0.0 0.0 0.0 0.0 0.0 0.0 0.0 0.0 0.0 0.0 0.0 0.0 0.0 0.0 0.0 0.0 0.0 0.0 0.0
 ZBDRY = 0.0 0.1 0.2 0.287221508736909 0.35 0.45 0.5 0.6 0.65 0.744463516431814 0.8 0.85 0.941161980298071 1.0 1.05 1.12115986184255 1.10095752626752 1.09320867591182 1.07399853048986 1.05071716391817 1.03993319223108 1.01537347447491 1.0 0.973582147794357 0.95 0.924619610913738 0.9 0.867306907814055 0.845824065048986 0.800347088260241 0.776500851103053 0.75 0.7 0.665470978469519 0.633387235387728 0.598798031990889 0.55 0.5 0.45 0.4 0.35 0.296308149601525 0.211250849891292 0.15 6.213870786277919E-02 0.0 -5.000000000000004E-02 -0.15 -0.2 -0.27569264154005 -0.34425822179896 -0.4 -0.45 -0.5 -0.54278847939355 -0.58065906595364 -0.61534837471973 -0.65 -0.7 -0.73196311737216 -0.75670654394244 -0.8 -0.82398200095872 -0.85 -0.88017662073174 -0.9 -0.92637474939426 -0.95 -0.96249406232358 -0.98115669481938 -0.99331438920591 -0.9974121930189 -0.98885142107657 -0.95343737702576 -0.92285217957803 -0.8789040989086 -0.8227992368126 -0.75444356031728 -0.7 -0.65 -0.58355806903187 -0.5 -0.45 -0.35 -0.27332719363232 -0.2 -0.1 0.0 0.0 0.0 0.0 0.0 0.0 0.0 0.0 0.0 0.0 0.0 0.0 0.0 0.0 0.0 0.0 0.0 0.0 0.0 0.0 0.0 0.0 0.0
 NBDRY = 88
 FWTSI = 999.999952502551 562.3798927689196 557.5308718114642 539.2373256903534 391.3152194487311 341.7346713554942 0.0 346.1639766571278 559.196163520554 554.6026416622259 556.9553755234565 554.891758833743 553.3321990903123 0.0 324.8336525360559 247.5872506643511 0.0 515.6009624524545 563.4439868786736 553.0961162006482 560.2338907561682 0.0 479.3652643201112 389.9669116800868 555.1622952096368 294.016292395208 328.1444752777733 272.588284044236 392.8967206013871 0.0 555.289249043145 556.814078233946 513.2539353226989 414.2968469403277 561.3440660652757 303.4617691623862 348.7936552202706 263.3386724603661 377.6767694950744 558.2383120278608 563.5991157200325 0.0 0.0 0.0
 FWTCUR = 4.015491353110852E-05
 MXITER = 15
 NXITER = 1
 LIMITR = 86
 XLIM = 1.016 1.016 1.016 1.016 1.016 1.016 1.016 1.016 1.016 1.016 1.016 1.012 1.001 1.029 1.042 1.046 1.056 1.097 1.108 1.116 1.134 1.148 1.162 1.181 1.182 1.185 1.19 1.195 1.201 1.209 1.215 1.222 1.228 1.234 1.239 1.242 1.248 1.258 1.263 1.28 1.28 1.28 1.31 1.328 1.361 1.38 1.419 1.419 1.372 1.372 1.608 1.647 1.785 2.07 2.128 2.245 2.323 2.377 2.352 2.351 2.351 2.354 2.354 2.354 2.353 2.351 2.353 2.377 2.134 1.786 1.768 1.768 1.682 1.372 1.372 1.42 1.42 1.273 1.153 1.016 1.016 1.016 1.016 1.016 1.016 1.016 1.016 0.0 0.0 0.0 0.0 0.0 0.0 0.0 0.0 0.0 0.0 0.0 0.0 0.0 0.0 0.0 0.0 0.0 0.0 0.0 0.0 0.0 0.0 0.0 0.0 0.0 0.0 0.0 0.0 0.0 0.0 0.0 0.0 0.0 0.0 0.0 0.0 0.0 0.0 0.0 0.0 0.0 0.0 0.0 0.0 0.0 0.0 0.0 0.0 0.0 0.0 0.0 0.0 0.0 0.0 0.0 0.0 0.0 0.0 0.0 0.0 0.0 0.0 0.0 0.0 0.0 0.0 0.0 0.0 0.0 0.0 0.0 0.0 0.0
 YLIM = 0.0 0.964 0.968 1.001 1.019 1.077 1.07 1.096 1.113 1.138 1.147 1.165 1.217 1.217 1.1624 1.16238 1.1626 1.1645 1.16594 1.16591 1.16896 1.17175 1.17556 1.183 1.1835 1.185 1.188 1.191 1.196 1.202 1.208 1.214 1.221 1.231 1.238 1.244 1.254 1.278 1.29 1.331 1.347 1.348 1.348 1.348 1.348 1.348 1.348 1.31 1.31 1.292 1.095 1.077 1.077 1.04 0.993 0.709 0.519 0.389 0.4 0.337 0.205 6.800000000000000E-02 0.0 -6.800000000000000E-02 -0.205 -0.337 -0.4 -0.389 -0.973 -1.174 -1.211 -1.25 -1.25 -1.25 -1.329 -1.329 -1.363 -1.363 -1.363 -1.223 -1.223 -0.83 -0.8 -0.415 -0.4 -1.000000000000000E-03 0.0 0.0 0.0 0.0 0.0 0.0 0.0 0.0 0.0 0.0 0.0 0.0 0.0 0.0 0.0 0.0 0.0 0.0 0.0 0.0 0.0 0.0 0.0 0.0 0.0 0.0 0.0 0.0 0.0 0.0 0.0 0.0 0.0 0.0 0.0 0.0 0.0 0.0 0.0 0.0 0.0 0.0 0.0 0.0 0.0 0.0 0.0 0.0 0.0 0.0 0.0 0.0 0.0 0.0 0.0 0.0 0.0 0.0 0.0 0.0 0.0 0.0 0.0 0.0 0.0 0.0 0.0 0.0 0.0 0.0 0.0 0.0 0.0 0.0
 ERROR = 1.000000000000000E-03
 ICONVR = 2
 IBUNMN = 3
 PRESSR = 0.0 0.0 0.0 0.0 0.0 0.0 0.0 0.0 0.0 0.0 0.0 0.0 0.0 0.0 0.0 0.0 0.0 0.0 0.0 0.0 0.0 0.0 0.0 0.0 0.0 0.0 0.0 0.0 0.0 0.0 0.0 0.0 0.0 0.0 0.0 0.0 0.0 0.0 0.0 0.0 0.0 0.0 0.0 0.0 0.0 0.0 0.0 0.0 0.0 0.0 0.0 0.0 0.0 0.0 0.0 0.0 0.0 0.0 0.0 0.0 0.0 0.0 0.0 0.0 0.0 0.0 0.0 0.0 0.0 0.0 0.0 0.0 0.0 0.0 0.0 0.0 0.0 0.0 0.0 0.0 0.0 0.0 0.0 0.0 0.0 0.0 0.0 0.0 0.0 0.0 0.0 0.0 0.0 0.0 0.0 0.0 0.0 0.0 0.0 0.0 0.0 0.0 0.0 0.0 0.0 0.0 0.0 0.0 0.0 0.0 0.0 0.0 0.0 0.0 0.0 0.0 0.0 0.0 0.0 0.0 0.0 0.0 0.0 0.0 0.0 0.0 0.0 0.0 0.0 0.0 0.0 0.0
 RPRESS = 0.0 0.0 0.0 0.0 0.0 0.0 0.0 0.0 0.0 0.0 0.0 0.0 0.0 0.0 0.0 0.0 0.0 0.0 0.0 0.0 0.0 0.0 0.0 0.0 0.0 0.0 0.0 0.0 0.0 0.0 0.0 0.0 0.0 0.0 0.0 0.0 0.0 0.0 0.0 0.0 0.0 0.0 0.0 0.0 0.0 0.0 0.0 0.0 0.0 0.0 0.0 0.0 0.0 0.0 0.0 0.0 0.0 0.0 0.0 0.0 0.0 0.0 0.0 0.0 0.0 0.0 0.0 0.0 0.0 0.0 0.0 0.0 0.0 0.0 0.0 0.0 0.0 0.0 0.0 0.0 0.0 0.0 0.0 0.0 0.0 0.0 0.0 0.0 0.0 0.0 0.0 0.0 0.0 0.0 0.0 0.0 0.0 0.0 0.0 0.0 0.0 0.0 0.0 0.0 0.0 0.0 0.0 0.0 0.0 0.0 0.0 0.0 0.0 0.0 0.0 0.0 0.0 0.0 0.0 0.0 0.0 0.0 0.0 0.0 0.0 0.0 0.0 0.0 0.0 0.0 0.0 0.0
 QPSI = 0.949396852964419 0.960462767756014 0.967416601142536 0.975837005260652 0.98496147318702 0.994150022606047 1.00521429675306 1.01451786326129 1.02447903747145 1.03467732480611 1.04541690317208 1.05650238994862 1.06777595640834 1.07947158217993 1.09164873801075 1.104072583681 1.11694162222676 1.13021741506908 1.14397252491267 1.1580934116513 1.17280105244575 1.18790996882836 1.20355792274449 1.21978816259849 1.23654867958914 1.25393779602381 1.2719423226147 1.29063702540199 1.31001643176287 1.33015869193807 1.35110218259681 1.37286571504926 1.39554784242111 1.41918242491482 1.44383255876404 1.46956775074237 1.49646766682262 1.52465714120719 1.55414362593737 1.58509928649519 1.61763706725146 1.65187169990592 1.68800767553483 1.72607489107615 1.76642327524457 1.80919130485923 1.85467624058689 1.90316272294138 1.9548915043181 2.01049863505505 2.07030393412369 2.13490297236119 2.20497847371923 2.28179799642342 2.3660950826998 2.45923094816478 2.5635677934182 2.68211990827492 2.81679418236394 2.97648479459838 3.16765857042207 3.40701365933297 3.73151725453031 4.24034225115883 6.79009424269747
 PRESSW = 0.0 0.0 0.0 0.0 0.0 0.0 0.0 0.0 0.0 0.0 0.0 0.0 0.0 0.0 0.0 0.0 0.0 0.0 0.0 0.0 0.0 0.0 0.0 0.0 0.0 0.0 0.0 0.0 0.0 0.0 0.0 0.0 0.0 0.0 0.0 0.0 0.0 0.0 0.0 0.0 0.0 0.0 0.0 0.0 0.0 0.0 0.0 0.0 0.0 0.0 0.0 0.0 0.0 0.0 0.0 0.0 0.0 0.0 0.0 0.0 0.0 0.0 0.0 0.0 0.0
 PRES = 10301.44610305932 9975.517841131556 9655.030483794262 9339.974168792396 9030.339033870916 8726.11521677478 8427.292855248947 8133.862087038371 7845.813049888014 7563.135881542832 7285.820719747784 7013.857702247828 6747.236966787922 6485.948651113024 6229.982892968091 5979.329830098082 5733.979600247955 5493.922341162668 5259.148190587179 5029.647286266445 4805.409765945426 4586.425767369078 4372.685428282361 4164.178886430231 3960.896279557647 3762.827745409567 3569.963421730949 3382.293446266751 3199.807956761932 3022.497090961448 2850.350986610259 2683.359781453321 2521.513613235593 2364.802619702034 2213.216938597601 2066.746707667251 1925.382064655944 1789.113147308638 1657.930093370289 1531.823040585856 1410.782126700298 1294.797489458572 1183.859266605636 1077.957595886449 977.0826150459673 881.2244618291502 790.3732739809554 704.5191892463411 623.6523453702649 547.7628800976852 476.8409311735597 410.8766363428467 349.860133350504 293.7815599414897 242.6310538607619 196.3987528532785 155.0747946639975 118.6493170378771 87.11245771987505 60.45435445494955 38.66514498805855 21.73496706416008 9.65395842821216 2.41225682517279 0.0
 NQPSI = 65
 NPRESS = 0
 SIGPRE = 0.0 0.0 0.0 0.0 0.0 0.0 0.0 0.0 0.0 0.0 0.0 0.0 0.0 0.0 0.0 0.0 0.0 0.0 0.0 0.0 0.0 0.0 0.0 0.0 0.0 0.0 0.0 0.0 0.0 0.0 0.0 0.0 0.0 0.0 0.0 0.0 0.0 0.0 0.0 0.0 0.0 0.0 0.0 0.0 0.0 0.0 0.0 0.0 0.0 0.0 0.0 0.0 0.0 0.0 0.0 0.0 0.0 0.0 0.0 0.0 0.0 0.0 0.0 0.0 0.0 0.0 0.0 0.0 0.0 0.0 0.0 0.0 0.0 0.0 0.0 0.0 0.0 0.0 0.0 0.0 0.0 0.0 0.0 0.0 0.0 0.0 0.0 0.0 0.0 0.0 0.0 0.0 0.0 0.0 0.0 0.0 0.0 0.0 0.0 0.0 0.0 0.0 0.0 0.0 0.0 0.0 0.0 0.0 0.0 0.0 0.0 0.0 0.0 0.0 0.0 0.0 0.0 0.0 0.0 0.0 0.0 0.0 0.0 0.0 0.0 0.0 0.0 0.0 0.0 0.0 0.0 0.0
 /
 &BASIS
 KPPFNC = 0
 KPPKNT = 0
 PPKNT = 0.0 0.0 0.0 0.0 0.0 0.0 0.0 0.0 0.0 0.0 0.0 0.0 0.0 0.0 0.0 0.0 0.0 0.0 0.0 0.0 0.0 0.0 0.0 0.0 0.0 0.0 0.0 0.0 0.0 0.0 0.0 0.0 0.0 0.0 0.0 0.0
 PPTENS = 0.0
 KFFFNC = 0
 KFFKNT = 0
 FFKNT = 0.0 0.0 0.0 0.0 0.0 0.0 0.0 0.0 0.0 0.0 0.0 0.0 0.0 0.0 0.0 0.0 0.0 0.0 0.0 0.0 0.0 0.0 0.0 0.0 0.0 0.0 0.0 0.0 0.0 0.0 0.0 0.0 0.0 0.0 0.0 0.0
 FFTENS = 0.0
 KWWFNC = 0
 KWWKNT = 0
 WWKNT = 0.0 0.0 0.0 0.0 0.0 0.0 0.0 0.0 0.0 0.0 0.0 0.0 0.0 0.0 0.0 0.0 0.0 0.0 0.0 0.0 0.0 0.0 0.0 0.0 0.0 0.0 0.0 0.0 0.0 0.0 0.0 0.0 0.0 0.0 0.0 0.0
 WWTENS = 0.0
 PPBDRY = 109519.4991062751 -116250.233221079 0.0 0.0 0.0 0.0 0.0 0.0 0.0 0.0 0.0 0.0 0.0 0.0 0.0 0.0 0.0 0.0 0.0 0.0 0.0 0.0 0.0 0.0 0.0 0.0 0.0 0.0 0.0 0.0 0.0 0.0 0.0 0.0 0.0 0.0
 PP2BDRY = 0.0 0.0 0.0 0.0 0.0 0.0 0.0 0.0 0.0 0.0 0.0 0.0 0.0 0.0 0.0 0.0 0.0 0.0 0.0 0.0 0.0 0.0 0.0 0.0 0.0 0.0 0.0 0.0 0.0 0.0 0.0 0.0 0.0 0.0 0.0 0.0
 KPPBDRY = 0 0 0 0 0 0 0 0 0 0 0 0 0 0 0 0 0 0 0 0 0 0 0 0 0 0 0 0 0 0 0 0 0 0 0 0
 KPP2BDRY = 0 0 0 0 0 0 0 0 0 0 0 0 0 0 0 0 0 0 0 0 0 0 0 0 0 0 0 0 0 0 0 0 0 0 0 0
 FFBDRY = 1.95625203940642 -2.07624496833502 0.0 0.0 0.0 0.0 0.0 0.0 0.0 0.0 0.0 0.0 0.0 0.0 0.0 0.0 0.0 0.0 0.0 0.0 0.0 0.0 0.0 0.0 0.0 0.0 0.0 0.0 0.0 0.0 0.0 0.0 0.0 0.0 0.0 0.0
 FF2BDRY = 0.0 0.0 0.0 0.0 0.0 0.0 0.0 0.0 0.0 0.0 0.0 0.0 0.0 0.0 0.0 0.0 0.0 0.0 0.0 0.0 0.0 0.0 0.0 0.0 0.0 0.0 0.0 0.0 0.0 0.0 0.0 0.0 0.0 0.0 0.0 0.0
 KFFBDRY = 0 0 0 0 0 0 0 0 0 0 0 0 0 0 0 0 0 0 0 0 0 0 0 0 0 0 0 0 0 0 0 0 0 0 0 0
 KFF2BDRY = 0 0 0 0 0 0 0 0 0 0 0 0 0 0 0 0 0 0 0 0 0 0 0 0 0 0 0 0 0 0 0 0 0 0 0 0
 WWBDRY = -9077398.33135761 -9012039.69559279 0.0 0.0 0.0 0.0 0.0 0.0 0.0 0.0 0.0 0.0 0.0 0.0 0.0 0.0 0.0 0.0 0.0 0.0 0.0 0.0 0.0 0.0 0.0 0.0 0.0 0.0 0.0 0.0 0.0 0.0 0.0 0.0 0.0 0.0
 WW2BDRY = 0.0 0.0 0.0 0.0 0.0 0.0 0.0 0.0 0.0 0.0 0.0 0.0 0.0 0.0 0.0 0.0 0.0 0.0 0.0 0.0 0.0 0.0 0.0 0.0 0.0 0.0 0.0 0.0 0.0 0.0 0.0 0.0 0.0 0.0 0.0 0.0
 KWWBDRY = 0 0 0 0 0 0 0 0 0 0 0 0 0 0 0 0 0 0 0 0 0 0 0 0 0 0 0 0 0 0 0 0 0 0 0 0
 KWW2BDRY = 0 0 0 0 0 0 0 0 0 0 0 0 0 0 0 0 0 0 0 0 0 0 0 0 0 0 0 0 0 0 0 0 0 0 0 0
 KEEFNC = 0
 KEEKNT = 0
 EEKNT = 0.0 0.0 0.0 0.0 0.0 0.0 0.0 0.0 0.0 0.0 0.0 0.0 0.0 0.0 0.0 0.0 0.0 0.0
 EETENS = 5.0
 EEBDRY = 0.0 0.0 0.0 0.0 0.0 0.0 0.0 0.0 0.0 0.0 0.0 0.0 0.0 0.0 0.0 0.0 0.0 0.0
 EE2BDRY = 0.0 0.0 0.0 0.0 0.0 0.0 0.0 0.0 0.0 0.0 0.0 0.0 0.0 0.0 0.0 0.0 0.0 0.0
 KEEBDRY = 0 0 0 0 0 0 0 0 0 0 0 0 0 0 0 0 0 0
 KEE2BDRY = 0 0 0 0 0 0 0 0 0 0 0 0 0 0 0 0 0 0
 /
 &CHIOUT
 SAISIL = 0.101173102710788 6.140343607137273E-05 0.161695679269948 0.405703340038627 0.178499997224422 0.246175711466788 0.0 0.671888844012873 2.529344063497730E-04 6.449997807484049E-02 2.783946565992294E-03 0.161049444368537 2.606880992491168E-02 0.0 7.965956088686406E-02 0.293632368880621 0.0 3.641195918118320E-03 0.211877148971798 4.475270857627033E-02 0.150837148211183 0.0 5.038781750148346E-02 0.453008183267513 0.157587071045569 0.38555334218711 1.619071823202263E-03 2.038648876860331E-02 2.440113344652141E-04 0.0 3.495293077898189E-02 0.899394501295777 0.177855475509233 4.227431089063415E-02 1.496913206770707E-02 0.211244634498095 3.286686440778419E-03 7.211753642641487E-02 6.049073626235524E-03 9.881755601569110E-02 8.629231838701000E-03 0.0 0.0 0.0
 SAIMPI = 0.0 0.0 0.0 0.0 0.0 0.0 0.0 0.0 0.0 0.0 0.0 0.0 0.0 0.0 0.0 0.0 0.0 0.0 0.0 0.0 0.0 0.0 0.0 0.0 0.0 0.0 0.0 0.0 0.0 0.378414402417991 0.111361947935541 0.138750965583385 7.523352580383219E-02 0.130715988796962 0.347083640900679 0.205464013990534 4.987762151798927E-02 0.0 0.373690059940533 1.0902916013263 0.564808202773982 2.146503794401841E-02 5.751797061656952E-02 1.250578112916522E-02 4.648012329876048E-02 8.763276251630617E-02 5.228812695763076E-02 0.70157198393286 3.310762987588543E-03 0.0 6.383675995926597E-02 9.336058748552649E-02 1.135061497363049E-02 0.57321808617757 1.07456137157418 1.80796030968016 0.193543661003969 1.06745007689581 0.0 0.242651574740573 0.67918304299425 0.277531058374278 0.128720146926356 0.13332680419553 0.715178250328375 1.40332178022244 5.367171384470414E-02 0.0 0.107472889341759 0.161815001392847 3.685850443423221E-05 0.0 0.0 0.0 0.0 0.0
 SAIPR = 0.0
 SAIIP = 1.02620304209517
 /
                                            MAG
