  EFITD    08/02/2006    #124995  2502ms           3  65  65
 0.170000000E+01 0.320000000E+01 0.169550002E+01 0.840000000E+00 0.000000000E+00
 0.169062223E+01 0.185253956E-01-0.150538161E+00 0.321182824E-01-0.996046869E+00
 0.806138579E+06-0.150538161E+00 0.000000000E+00 0.169062223E+01 0.000000000E+00
 0.185253956E-01 0.000000000E+00 0.321182824E-01 0.000000000E+00 0.000000000E+00
-0.178271094E+01-0.178001844E+01-0.177735749E+01-0.177472847E+01-0.177213174E+01
-0.176956765E+01-0.176703658E+01-0.176453888E+01-0.176207491E+01-0.175964505E+01
-0.175724966E+01-0.175488909E+01-0.175256371E+01-0.175027388E+01-0.174801998E+01
-0.174580235E+01-0.174362136E+01-0.174147738E+01-0.173937076E+01-0.173730187E+01
-0.173527105E+01-0.173327869E+01-0.173132512E+01-0.172941071E+01-0.172753582E+01
-0.172570080E+01-0.172390599E+01-0.172215177E+01-0.172043846E+01-0.171876644E+01
-0.171713603E+01-0.171554759E+01-0.171400147E+01-0.171249800E+01-0.171103753E+01
-0.170962039E+01-0.170824692E+01-0.170691745E+01-0.170563232E+01-0.170439185E+01
-0.170319637E+01-0.170204621E+01-0.170094169E+01-0.169988312E+01-0.169887081E+01
-0.169790510E+01-0.169698627E+01-0.169611464E+01-0.169529051E+01-0.169451418E+01
-0.169378595E+01-0.169310611E+01-0.169247494E+01-0.169189274E+01-0.169135977E+01
-0.169087633E+01-0.169044269E+01-0.169005910E+01-0.168972585E+01-0.168944318E+01
-0.168921136E+01-0.168903063E+01-0.168890125E+01-0.168882345E+01-0.168879748E+01
 0.116947675E+05 0.113506671E+05 0.110111113E+05 0.106761280E+05 0.103457454E+05
 0.100199913E+05 0.969889371E+04 0.938248065E+04 0.907078007E+04 0.876381995E+04
 0.846162829E+04 0.816423304E+04 0.787166220E+04 0.758394374E+04 0.730110564E+04
 0.702317589E+04 0.675018245E+04 0.648215331E+04 0.621911645E+04 0.596109984E+04
 0.570813147E+04 0.546023932E+04 0.521745136E+04 0.497979558E+04 0.474729994E+04
 0.451999244E+04 0.429790105E+04 0.408105375E+04 0.386947852E+04 0.366320334E+04
 0.346225618E+04 0.326666503E+04 0.307645787E+04 0.289166267E+04 0.271230741E+04
 0.253842008E+04 0.237002865E+04 0.220716110E+04 0.204984541E+04 0.189810956E+04
 0.175198152E+04 0.161148929E+04 0.147666083E+04 0.134752413E+04 0.122410716E+04
 0.110643791E+04 0.994544350E+03 0.888454463E+03 0.788196226E+03 0.693797621E+03
 0.605286625E+03 0.522691217E+03 0.446039378E+03 0.375359086E+03 0.310678319E+03
 0.252025058E+03 0.199427282E+03 0.152912969E+03 0.112510098E+03 0.782466492E+02
 0.501506012E+02 0.282499332E+02 0.125726242E+02 0.314665344E+01 0.000000000E+00
-0.169162572E+01-0.166949850E+01-0.164723463E+01-0.162483412E+01-0.160229695E+01
-0.157962314E+01-0.155681268E+01-0.153386557E+01-0.151078181E+01-0.148756140E+01
-0.146420434E+01-0.144071064E+01-0.141708028E+01-0.139331328E+01-0.136940963E+01
-0.134536933E+01-0.132119238E+01-0.129687878E+01-0.127242854E+01-0.124784164E+01
-0.122311810E+01-0.119825791E+01-0.117326107E+01-0.114812758E+01-0.112285744E+01
-0.109745065E+01-0.107190722E+01-0.104622713E+01-0.102041040E+01-0.994457019E+00
-0.968366989E+00-0.942140310E+00-0.915776983E+00-0.889277007E+00-0.862640382E+00
-0.835867108E+00-0.808957186E+00-0.781910615E+00-0.754727396E+00-0.727407527E+00
-0.699951011E+00-0.672357845E+00-0.644628031E+00-0.616761568E+00-0.588758456E+00
-0.560618696E+00-0.532342287E+00-0.503929229E+00-0.475379523E+00-0.446693168E+00
-0.417870164E+00-0.388910511E+00-0.359814210E+00-0.330581261E+00-0.301211662E+00
-0.271705415E+00-0.242062519E+00-0.212282975E+00-0.182366781E+00-0.152313940E+00
-0.122124449E+00-0.917983098E-01-0.613355219E-01-0.307360853E-01-0.000000000E+00
-0.121361210E+06-0.119773750E+06-0.118176487E+06-0.116569420E+06-0.114952549E+06
-0.113325875E+06-0.111689398E+06-0.110043117E+06-0.108387032E+06-0.106721145E+06
-0.105045453E+06-0.103359959E+06-0.101664661E+06-0.999595589E+05-0.982446539E+05
-0.965199454E+05-0.947854334E+05-0.930411180E+05-0.912869992E+05-0.895230768E+05
-0.877493511E+05-0.859658219E+05-0.841724892E+05-0.823693531E+05-0.805564135E+05
-0.787336705E+05-0.769011240E+05-0.750587741E+05-0.732066207E+05-0.713446639E+05
-0.694729036E+05-0.675913398E+05-0.656999726E+05-0.637988020E+05-0.618878279E+05
-0.599670504E+05-0.580364694E+05-0.560960849E+05-0.541458970E+05-0.521859057E+05
-0.502161109E+05-0.482365126E+05-0.462471109E+05-0.442479057E+05-0.422388971E+05
-0.402200851E+05-0.381914696E+05-0.361530506E+05-0.341048282E+05-0.320468023E+05
-0.299789730E+05-0.279013402E+05-0.258139040E+05-0.237166643E+05-0.216096212E+05
-0.194927746E+05-0.173661245E+05-0.152296711E+05-0.130834141E+05-0.109273537E+05
-0.876148989E+04-0.658582260E+04-0.440035185E+04-0.220507765E+04-0.000000000E+00
 0.422851330E-01 0.390937259E-01 0.357054869E-01 0.320883546E-01 0.282419128E-01
 0.241964073E-01 0.200011184E-01 0.157034996E-01 0.121505961E-01 0.101669733E-01
 0.746422137E-02 0.276060783E-02-0.252131839E-02-0.563726596E-02-0.707538961E-02
-0.701931582E-02-0.548547104E-02-0.238949081E-02 0.249066852E-02 0.960863884E-02
 0.198263278E-01 0.304804781E-01 0.395529026E-01 0.477751004E-01 0.555765852E-01
 0.632471315E-01 0.710254364E-01 0.791533562E-01 0.879259479E-01 0.976917330E-01
 0.106339405E+00 0.113182170E+00 0.118449626E+00 0.122013753E+00 0.123795870E+00
 0.123554260E+00 0.122109386E+00 0.121666314E+00 0.121899343E+00 0.122612310E+00
 0.123688840E+00 0.125057772E+00 0.126671690E+00 0.128494569E+00 0.130495458E+00
 0.132645610E+00 0.134917225E+00 0.137282860E+00 0.139715105E+00 0.142186419E+00
 0.144669120E+00 0.147135506E+00 0.149558153E+00 0.151910352E+00 0.154166681E+00
 0.156303651E+00 0.158300385E+00 0.160139246E+00 0.161806364E+00 0.163291975E+00
 0.164590566E+00 0.165700781E+00 0.166625127E+00 0.167369497E+00 0.167942571E+00
 0.407989282E-01 0.371522008E-01 0.332109930E-01 0.289120317E-01 0.242335257E-01
 0.192263460E-01 0.145460098E-01 0.111444784E-01 0.916760819E-02 0.859504938E-02
 0.741185308E-02 0.504952010E-02 0.243794537E-02 0.715364397E-03 0.881125148E-04
 0.610405320E-03 0.234303517E-02 0.538054055E-02 0.985805885E-02 0.159372029E-01
 0.236516402E-01 0.319579746E-01 0.399144734E-01 0.475489890E-01 0.550159747E-01
 0.624824022E-01 0.701240445E-01 0.781445140E-01 0.868126076E-01 0.964448412E-01
 0.105017649E+00 0.111825992E+00 0.117073462E+00 0.120708987E+00 0.122627686E+00
 0.122567946E+00 0.121419562E+00 0.121275632E+00 0.121833190E+00 0.122897597E+00
 0.124349523E+00 0.126111765E+00 0.128131079E+00 0.130367607E+00 0.132788588E+00
 0.135364640E+00 0.138067560E+00 0.140869027E+00 0.143739837E+00 0.146649504E+00
 0.149566154E+00 0.152456693E+00 0.155287265E+00 0.158023983E+00 0.160633910E+00
 0.163086215E+00 0.165353409E+00 0.167412508E+00 0.169246002E+00 0.170842504E+00
 0.172196983E+00 0.173310581E+00 0.174190028E+00 0.174846757E+00 0.175295824E+00
 0.397125693E-01 0.358434471E-01 0.315962322E-01 0.267773399E-01 0.212954391E-01
 0.168281351E-01 0.137454706E-01 0.120889067E-01 0.118912175E-01 0.118838362E-01
 0.115246854E-01 0.108944912E-01 0.102752729E-01 0.998654438E-02 0.102751555E-01
 0.113021343E-01 0.131725777E-01 0.159557687E-01 0.196838699E-01 0.243267116E-01
 0.297500477E-01 0.357143351E-01 0.419780074E-01 0.483984444E-01 0.549317486E-01
 0.615936547E-01 0.684295731E-01 0.754944236E-01 0.828252120E-01 0.903053731E-01
 0.972581990E-01 0.103232944E+00 0.108147761E+00 0.111968258E+00 0.114670871E+00
 0.116298553E+00 0.117364486E+00 0.118588216E+00 0.120109901E+00 0.121928860E+00
 0.124022628E+00 0.126365648E+00 0.128933453E+00 0.131702993E+00 0.134651815E+00
 0.137756997E+00 0.140994155E+00 0.144336595E+00 0.147754657E+00 0.151215263E+00
 0.154681739E+00 0.158113990E+00 0.161469118E+00 0.164702555E+00 0.167769705E+00
 0.170628002E+00 0.173239202E+00 0.175571611E+00 0.177601950E+00 0.179316589E+00
 0.180711958E+00 0.181794108E+00 0.182577493E+00 0.183083218E+00 0.183337002E+00
 0.391051998E-01 0.353481906E-01 0.313548156E-01 0.269687764E-01 0.222933931E-01
 0.192220671E-01 0.179506734E-01 0.174842236E-01 0.171808633E-01 0.169583954E-01
 0.167810267E-01 0.166776075E-01 0.167365796E-01 0.170779725E-01 0.178222844E-01
 0.190707353E-01 0.208973286E-01 0.233459601E-01 0.264272047E-01 0.301141938E-01
 0.343422334E-01 0.390191592E-01 0.440467993E-01 0.493421632E-01 0.548465805E-01
 0.605217718E-01 0.663377117E-01 0.722548689E-01 0.782004026E-01 0.840448688E-01
 0.896113332E-01 0.947346512E-01 0.993091665E-01 0.103294018E+00 0.106711826E+00
 0.109658934E+00 0.112304468E+00 0.114837972E+00 0.117403289E+00 0.120084883E+00
 0.122926030E+00 0.125946204E+00 0.129151366E+00 0.132539251E+00 0.136101833E+00
 0.139826255E+00 0.143694905E+00 0.147685024E+00 0.151768065E+00 0.155909000E+00
 0.160065756E+00 0.164189054E+00 0.168222921E+00 0.172106182E+00 0.175775094E+00
 0.179167047E+00 0.182224980E+00 0.184901845E+00 0.187164395E+00 0.188995649E+00
 0.190395618E+00 0.191380198E+00 0.191978479E+00 0.192229016E+00 0.192175780E+00
 0.385876665E-01 0.351601798E-01 0.319501469E-01 0.288668703E-01 0.260587062E-01
 0.244624548E-01 0.233985214E-01 0.226881113E-01 0.222263615E-01 0.219541070E-01
 0.218485224E-01 0.219190219E-01 0.222013892E-01 0.227482966E-01 0.236181794E-01
 0.248653039E-01 0.265324780E-01 0.286463132E-01 0.312144870E-01 0.342249572E-01
 0.376476888E-01 0.414392716E-01 0.455495361E-01 0.499278670E-01 0.545268109E-01
 0.593018732E-01 0.642079224E-01 0.691936339E-01 0.741963902E-01 0.791413279E-01
 0.839480001E-01 0.885437068E-01 0.928772658E-01 0.969280172E-01 0.100709525E+00
 0.104268324E+00 0.107676119E+00 0.111015345E+00 0.114363636E+00 0.117784183E+00
 0.121323468E+00 0.125013261E+00 0.128873699E+00 0.132915894E+00 0.137143612E+00
 0.141554057E+00 0.146137878E+00 0.150878532E+00 0.155751092E+00 0.160720637E+00
 0.165740440E+00 0.170750372E+00 0.175676182E+00 0.180430590E+00 0.184917069E+00
 0.189036642E+00 0.192696942E+00 0.195821804E+00 0.198359391E+00 0.200287382E+00
 0.201614324E+00 0.202376867E+00 0.202633358E+00 0.202455318E+00 0.201918835E+00
 0.370286435E-01 0.334934898E-01 0.318067383E-01 0.306081257E-01 0.294122937E-01
 0.283970605E-01 0.276042612E-01 0.270188040E-01 0.266180360E-01 0.263877065E-01
 0.263262260E-01 0.264450028E-01 0.267665385E-01 0.273208649E-01 0.281410420E-01
 0.292585703E-01 0.306994102E-01 0.324810071E-01 0.346104930E-01 0.370841399E-01
 0.398880601E-01 0.429999778E-01 0.463916103E-01 0.500309821E-01 0.538840170E-01
 0.579150697E-01 0.620865267E-01 0.663580645E-01 0.706864757E-01 0.750269970E-01
 0.793365985E-01 0.835787658E-01 0.877284898E-01 0.917760613E-01 0.957287307E-01
 0.996098087E-01 0.103455253E+00 0.107308455E+00 0.111214624E+00 0.115216255E+00
 0.119350434E+00 0.123647808E+00 0.128132628E+00 0.132823174E+00 0.137732134E+00
 0.142866628E+00 0.148227686E+00 0.153809035E+00 0.159594976E+00 0.165557203E+00
 0.171650416E+00 0.177806928E+00 0.183931201E+00 0.189896664E+00 0.195548699E+00
 0.200717364E+00 0.205238691E+00 0.208977554E+00 0.211845316E+00 0.213810348E+00
 0.214901326E+00 0.215201469E+00 0.214832383E+00 0.213931762E+00 0.212633334E+00
 0.365453485E-01 0.330341954E-01 0.321578760E-01 0.320843060E-01 0.317920207E-01
 0.314056175E-01 0.310126978E-01 0.306656193E-01 0.303964797E-01 0.302284214E-01
 0.301823004E-01 0.302799023E-01 0.305448682E-01 0.310021418E-01 0.316765389E-01
 0.325909360E-01 0.337644775E-01 0.352110972E-01 0.369385390E-01 0.389479625E-01
 0.412341303E-01 0.437860751E-01 0.465880618E-01 0.496206179E-01 0.528614302E-01
 0.562860123E-01 0.598681931E-01 0.635806164E-01 0.673955135E-01 0.712859638E-01
 0.752276953E-01 0.792012282E-01 0.831939700E-01 0.872018011E-01 0.912297776E-01
 0.952917707E-01 0.994090974E-01 0.103608437E+00 0.107919485E+00 0.112372820E+00
 0.116998279E+00 0.121823956E+00 0.126875716E+00 0.132177035E+00 0.137748935E+00
 0.143609815E+00 0.149774902E+00 0.156255058E+00 0.163054461E+00 0.170166477E+00
 0.177566594E+00 0.185200854E+00 0.192968197E+00 0.200697503E+00 0.208129676E+00
 0.214935456E+00 0.220787928E+00 0.225431963E+00 0.228708816E+00 0.230565051E+00
 0.231067724E+00 0.230412015E+00 0.228877976E+00 0.226747902E+00 0.224254875E+00
 0.377164734E-01 0.343510170E-01 0.339103180E-01 0.342731954E-01 0.343943664E-01
 0.343471482E-01 0.341958672E-01 0.339960912E-01 0.337940701E-01 0.336285585E-01
 0.335330624E-01 0.335376179E-01 0.336698447E-01 0.339553144E-01 0.344173954E-01
 0.350767719E-01 0.359508353E-01 0.370531126E-01 0.383928536E-01 0.399748491E-01
 0.417995002E-01 0.438631142E-01 0.461583661E-01 0.486748556E-01 0.513996921E-01
 0.543180805E-01 0.574139179E-01 0.606704512E-01 0.640710564E-01 0.676001770E-01
 0.712444036E-01 0.749936035E-01 0.788419558E-01 0.827887286E-01 0.868386623E-01
 0.910018966E-01 0.952934681E-01 0.997324903E-01 0.104341189E+00 0.109143971E+00
 0.114166683E+00 0.119436131E+00 0.124979896E+00 0.130826407E+00 0.137005213E+00
 0.143547370E+00 0.150485832E+00 0.157855673E+00 0.165693826E+00 0.174037659E+00
 0.182920933E+00 0.192363595E+00 0.202346777E+00 0.212754101E+00 0.223245107E+00
 0.232918073E+00 0.240968605E+00 0.247028621E+00 0.250866725E+00 0.252349097E+00
 0.251469261E+00 0.248662451E+00 0.244878397E+00 0.240672404E+00 0.236376764E+00
 0.403108149E-01 0.371249047E-01 0.368053854E-01 0.373269948E-01 0.375845678E-01
 0.376294396E-01 0.375173419E-01 0.373029872E-01 0.370366179E-01 0.367628267E-01
 0.365207120E-01 0.363445754E-01 0.362646719E-01 0.363077774E-01 0.364975129E-01
 0.368544548E-01 0.373961043E-01 0.381367953E-01 0.390876148E-01 0.402563837E-01
 0.416477304E-01 0.432632622E-01 0.451018281E-01 0.471598567E-01 0.494317517E-01
 0.519103365E-01 0.545873473E-01 0.574539818E-01 0.605015099E-01 0.637219411E-01
 0.671087236E-01 0.706574306E-01 0.743663729E-01 0.782370756E-01 0.822745708E-01
 0.864874856E-01 0.908879428E-01 0.954913227E-01 0.100315966E+00 0.105382904E+00
 0.110715699E+00 0.116340466E+00 0.122286144E+00 0.128585043E+00 0.135273743E+00
 0.142394399E+00 0.149996582E+00 0.158139832E+00 0.166897256E+00 0.176360731E+00
 0.186648808E+00 0.197919694E+00 0.210395637E+00 0.224422687E+00 0.240297692E+00
 0.254620321E+00 0.265889563E+00 0.274021157E+00 0.278834763E+00 0.279919123E+00
 0.277146707E+00 0.269906644E+00 0.261921499E+00 0.254555510E+00 0.247880568E+00
 0.441733923E-01 0.411608823E-01 0.408643238E-01 0.413668603E-01 0.415447125E-01
 0.414575426E-01 0.411748046E-01 0.407605625E-01 0.402708036E-01 0.397534418E-01
 0.392493510E-01 0.387936031E-01 0.384165658E-01 0.381447541E-01 0.380014278E-01
 0.380069761E-01 0.381791429E-01 0.385331493E-01 0.390817608E-01 0.398353376E-01
 0.408018966E-01 0.419872037E-01 0.433949107E-01 0.450267451E-01 0.468827541E-01
 0.489616035E-01 0.512609307E-01 0.537777482E-01 0.565088929E-01 0.594515048E-01
 0.626035138E-01 0.659641104E-01 0.695341710E-01 0.733166156E-01 0.773166789E-01
 0.815420898E-01 0.860031702E-01 0.907128836E-01 0.956868735E-01 0.100943544E+00
 0.106504243E+00 0.112393601E+00 0.118640112E+00 0.125277010E+00 0.132343579E+00
 0.139887026E+00 0.147965186E+00 0.156650424E+00 0.166035418E+00 0.176241932E+00
 0.187434601E+00 0.199843335E+00 0.213800211E+00 0.229793701E+00 0.248498329E+00
 0.267684781E+00 0.282522913E+00 0.292950271E+00 0.299059375E+00 0.300779843E+00
 0.297476530E+00 0.288784417E+00 0.276255069E+00 0.265634676E+00 0.256707821E+00
 0.494444727E-01 0.465858905E-01 0.463714137E-01 0.466330629E-01 0.464427401E-01
 0.459460487E-01 0.452489509E-01 0.444291819E-01 0.435450435E-01 0.426420969E-01
 0.417574142E-01 0.409222028E-01 0.401634456E-01 0.395049450E-01 0.389679913E-01
 0.385717871E-01 0.383337086E-01 0.382694549E-01 0.383931232E-01 0.387172281E-01
 0.392526873E-01 0.400087897E-01 0.409931872E-01 0.422119335E-01 0.436695790E-01
 0.453693283E-01 0.473132589E-01 0.495026013E-01 0.519380731E-01 0.546202470E-01
 0.575499195E-01 0.607284602E-01 0.641581433E-01 0.678424509E-01 0.717863388E-01
 0.759964595E-01 0.804813532E-01 0.852516236E-01 0.903201239E-01 0.957021858E-01
 0.101415931E+00 0.107482712E+00 0.113927734E+00 0.120780934E+00 0.128078201E+00
 0.135863064E+00 0.144189033E+00 0.153122847E+00 0.162748989E+00 0.173175977E+00
 0.184544991E+00 0.197041244E+00 0.210907506E+00 0.226457044E+00 0.244081980E+00
 0.264132403E+00 0.281159208E+00 0.293319209E+00 0.300782742E+00 0.303604070E+00
 0.301904164E+00 0.295040577E+00 0.282889035E+00 0.270461116E+00 0.260472322E+00
 0.573237516E-01 0.549413825E-01 0.541193803E-01 0.534308336E-01 0.523310753E-01
 0.510416000E-01 0.496561816E-01 0.482276063E-01 0.467921152E-01 0.453780425E-01
 0.440094286E-01 0.427077301E-01 0.414927095E-01 0.403829346E-01 0.393960768E-01
 0.385490922E-01 0.378583302E-01 0.373395856E-01 0.370080952E-01 0.368784649E-01
 0.369645045E-01 0.372789388E-01 0.378331734E-01 0.386371483E-01 0.396992746E-01
 0.410264483E-01 0.426241425E-01 0.444965889E-01 0.466470665E-01 0.490782837E-01
 0.517926892E-01 0.547927056E-01 0.580809941E-01 0.616607472E-01 0.655359562E-01
 0.697116440E-01 0.741940832E-01 0.789910071E-01 0.841118266E-01 0.895678715E-01
 0.953726749E-01 0.101542327E+00 0.108095926E+00 0.115056150E+00 0.122449991E+00
 0.130309674E+00 0.138673797E+00 0.147588692E+00 0.157109973E+00 0.167304120E+00
 0.178249755E+00 0.190037965E+00 0.202770816E+00 0.216557892E+00 0.231515786E+00
 0.247804966E+00 0.264452842E+00 0.276367477E+00 0.284170658E+00 0.288190348E+00
 0.288282443E+00 0.284759822E+00 0.277094349E+00 0.266268426E+00 0.257544754E+00
 0.680498417E-01 0.669162883E-01 0.640768873E-01 0.611766256E-01 0.586495974E-01
 0.563009056E-01 0.540621461E-01 0.519074056E-01 0.498286081E-01 0.478265243E-01
 0.459068801E-01 0.440784476E-01 0.423520224E-01 0.407398432E-01 0.392552563E-01
 0.379125234E-01 0.367267193E-01 0.357136815E-01 0.348899822E-01 0.342728296E-01
 0.338798641E-01 0.337279757E-01 0.338327357E-01 0.342080858E-01 0.348661451E-01
 0.358170807E-01 0.370690358E-01 0.386281604E-01 0.404988989E-01 0.426849782E-01
 0.451896733E-01 0.480155361E-01 0.511646139E-01 0.546389147E-01 0.584407078E-01
 0.625726989E-01 0.670382391E-01 0.718415286E-01 0.769878004E-01 0.824834993E-01
 0.883364573E-01 0.945560688E-01 0.101153464E+00 0.108141673E+00 0.115535753E+00
 0.123352836E+00 0.131612014E+00 0.140333889E+00 0.149539556E+00 0.159248524E+00
 0.169474840E+00 0.180220072E+00 0.191460785E+00 0.203125631E+00 0.215050314E+00
 0.226879499E+00 0.237894653E+00 0.247149266E+00 0.254076977E+00 0.258498692E+00
 0.260406724E+00 0.259917580E+00 0.257343725E+00 0.253370576E+00 0.248963791E+00
 0.759229862E-01 0.751830856E-01 0.716431773E-01 0.677269893E-01 0.642166923E-01
 0.609954345E-01 0.579843976E-01 0.551343247E-01 0.524163139E-01 0.498148064E-01
 0.473231022E-01 0.449405874E-01 0.426710153E-01 0.405214337E-01 0.385015226E-01
 0.366232069E-01 0.349004661E-01 0.333492861E-01 0.319879278E-01 0.308369217E-01
 0.299218743E-01 0.292657500E-01 0.288892575E-01 0.288108894E-01 0.290467931E-01
 0.296105267E-01 0.305126690E-01 0.317601582E-01 0.333550398E-01 0.353010946E-01
 0.376033638E-01 0.402637320E-01 0.432819893E-01 0.466579172E-01 0.503914823E-01
 0.544823811E-01 0.589303820E-01 0.637355672E-01 0.688984296E-01 0.744199817E-01
 0.803018063E-01 0.865460539E-01 0.931553655E-01 0.100132694E+00 0.107480973E+00
 0.115202560E+00 0.123298338E+00 0.131766307E+00 0.140599405E+00 0.149782192E+00
 0.159285857E+00 0.169060817E+00 0.179025992E+00 0.189053940E+00 0.198952685E+00
 0.208451367E+00 0.217210388E+00 0.224878391E+00 0.231173213E+00 0.235929725E+00
 0.239106154E+00 0.240779666E+00 0.241144127E+00 0.240492503E+00 0.239157028E+00
 0.810791774E-01 0.804033989E-01 0.768305741E-01 0.725217622E-01 0.684859130E-01
 0.646880893E-01 0.610890680E-01 0.576561496E-01 0.543650570E-01 0.511994944E-01
 0.481499459E-01 0.452124335E-01 0.423874832E-01 0.396793497E-01 0.370954842E-01
 0.346462232E-01 0.323447035E-01 0.302061995E-01 0.282615041E-01 0.265396709E-01
 0.250688645E-01 0.238757173E-01 0.229849739E-01 0.224192218E-01 0.221986374E-01
 0.223407263E-01 0.228600628E-01 0.237680655E-01 0.250729386E-01 0.267801576E-01
 0.288919413E-01 0.314056132E-01 0.343112795E-01 0.376058393E-01 0.412885904E-01
 0.453550275E-01 0.498005075E-01 0.546206901E-01 0.598109751E-01 0.653667950E-01
 0.712835137E-01 0.775563091E-01 0.841799404E-01 0.911483803E-01 0.984542670E-01
 0.106088113E+00 0.114037188E+00 0.122283980E+00 0.130804089E+00 0.139563440E+00
 0.148514680E+00 0.157592746E+00 0.166709882E+00 0.175750947E+00 0.184570965E+00
 0.192998115E+00 0.200845520E+00 0.207932071E+00 0.214106873E+00 0.219269213E+00
 0.223379540E+00 0.226461639E+00 0.228596860E+00 0.229909841E+00 0.230546496E+00
 0.848745242E-01 0.842024644E-01 0.804482700E-01 0.758952275E-01 0.715280910E-01
 0.673317963E-01 0.632880818E-01 0.593791129E-01 0.555899031E-01 0.519093422E-01
 0.483303918E-01 0.448498850E-01 0.414681942E-01 0.381888998E-01 0.350185113E-01
 0.319662393E-01 0.290468539E-01 0.262942133E-01 0.237420183E-01 0.214232376E-01
 0.193697810E-01 0.176121184E-01 0.161789250E-01 0.150967565E-01 0.143897493E-01
 0.140793387E-01 0.141839991E-01 0.147190148E-01 0.156962927E-01 0.171242023E-01
 0.190072841E-01 0.213458849E-01 0.241360515E-01 0.273703475E-01 0.310361275E-01
 0.351116191E-01 0.395862392E-01 0.444532437E-01 0.497019128E-01 0.553224682E-01
 0.613044628E-01 0.676369003E-01 0.743078988E-01 0.813042950E-01 0.886110787E-01
 0.962106422E-01 0.104081803E+00 0.112198566E+00 0.120528607E+00 0.129031483E+00
 0.137656645E+00 0.146341451E+00 0.155009536E+00 0.163570145E+00 0.171919234E+00
 0.179943159E+00 0.187525320E+00 0.194555206E+00 0.200938222E+00 0.206604193E+00
 0.211512868E+00 0.215655570E+00 0.219052882E+00 0.221748840E+00 0.223802800E+00
 0.875341947E-01 0.868076584E-01 0.828792767E-01 0.781444431E-01 0.735362068E-01
 0.690389918E-01 0.646406093E-01 0.603307831E-01 0.561016025E-01 0.519475869E-01
 0.478656884E-01 0.438552837E-01 0.399181585E-01 0.360584986E-01 0.322829079E-01
 0.286008722E-01 0.250495638E-01 0.216665708E-01 0.184893524E-01 0.155547554E-01
 0.128985939E-01 0.105552571E-01 0.855734245E-02 0.693531125E-02 0.571716496E-02
 0.492814063E-02 0.459042468E-02 0.472288468E-02 0.534081648E-02 0.645569773E-02
 0.807493299E-02 0.102016063E-01 0.128342808E-01 0.159668367E-01 0.195880948E-01
 0.236815763E-01 0.282264459E-01 0.331944559E-01 0.385512976E-01 0.442877169E-01
 0.503870199E-01 0.568332027E-01 0.636090963E-01 0.706963245E-01 0.780747818E-01
 0.857220555E-01 0.936127158E-01 0.101717476E+00 0.110002250E+00 0.118427154E+00
 0.126945557E+00 0.135503322E+00 0.144038449E+00 0.152481389E+00 0.160756264E+00
 0.168783171E+00 0.176481501E+00 0.183773955E+00 0.190590662E+00 0.196872726E+00
 0.202574641E+00 0.207665306E+00 0.212127681E+00 0.215957439E+00 0.219161123E+00
 0.890879805E-01 0.882270210E-01 0.843151267E-01 0.794751320E-01 0.747003794E-01
 0.699694735E-01 0.652730503E-01 0.606084715E-01 0.559752800E-01 0.513739351E-01
 0.468056961E-01 0.422728155E-01 0.377787813E-01 0.333285565E-01 0.289288682E-01
 0.246129868E-01 0.204229299E-01 0.164007033E-01 0.125879645E-01 0.902564602E-02
 0.575357307E-02 0.281008736E-02 0.231682317E-03-0.194734697E-02-0.369523865E-02
-0.498308392E-02-0.578513250E-02-0.607908515E-02-0.584637521E-02-0.507244219E-02
-0.374699928E-02-0.186429298E-02 0.576648613E-03 0.357177342E-02 0.711175542E-02
 0.111817787E-01 0.157613760E-01 0.208240339E-01 0.263372815E-01 0.322629923E-01
 0.385492863E-01 0.451817456E-01 0.521380417E-01 0.593963986E-01 0.669336075E-01
 0.747248993E-01 0.827434918E-01 0.909600740E-01 0.993422668E-01 0.107854104E+00
 0.116455598E+00 0.125102458E+00 0.133746067E+00 0.142333763E+00 0.150809505E+00
 0.159114881E+00 0.167190356E+00 0.174976583E+00 0.182415524E+00 0.189451196E+00
 0.196029979E+00 0.202100660E+00 0.207614664E+00 0.212527053E+00 0.216798761E+00
 0.898108585E-01 0.886849681E-01 0.848386757E-01 0.801126528E-01 0.752582014E-01
 0.703285384E-01 0.653536843E-01 0.603490707E-01 0.553237383E-01 0.502837477E-01
 0.452338387E-01 0.401783526E-01 0.351217722E-01 0.300689770E-01 0.250439972E-01
 0.200928395E-01 0.152617988E-01 0.105971065E-01 0.614456043E-02 0.194914624E-02
-0.194534219E-02-0.549667664E-02-0.866455917E-02-0.114109753E-01-0.137005347E-01
-0.155007992E-01-0.167825989E-01-0.175203374E-01-0.176922874E-01-0.172808779E-01
-0.162729754E-01-0.146601574E-01-0.124389794E-01-0.961123664E-02-0.618421836E-02
-0.217095108E-02 0.240956925E-02 0.753214462E-02 0.131651923E-01 0.192705478E-01
 0.258031142E-01 0.327125050E-01 0.399364524E-01 0.474568492E-01 0.552478294E-01
 0.632838597E-01 0.715386165E-01 0.799846593E-01 0.885931388E-01 0.973335413E-01
 0.106173493E+00 0.115078651E+00 0.124012694E+00 0.132937407E+00 0.141812818E+00
 0.150597298E+00 0.159247471E+00 0.167717764E+00 0.175959380E+00 0.183918549E+00
 0.191534137E+00 0.198735039E+00 0.205438507E+00 0.211551319E+00 0.216975823E+00
 0.909777695E-01 0.897537926E-01 0.856468259E-01 0.806535569E-01 0.755543100E-01
 0.703511036E-01 0.650615026E-01 0.596986820E-01 0.542717801E-01 0.487874701E-01
 0.432510684E-01 0.376672880E-01 0.320408364E-01 0.263794695E-01 0.207320804E-01
 0.151485673E-01 0.967924511E-02 0.437437282E-02-0.716272187E-03-0.554379716E-02
-0.100605840E-01-0.142206681E-01-0.179801056E-01-0.212973289E-01-0.241334907E-01
-0.264527949E-01-0.282228177E-01-0.294148178E-01-0.300040376E-01-0.299699968E-01
-0.292967795E-01-0.279733149E-01-0.259936517E-01-0.233572270E-01-0.200691275E-01
-0.161403403E-01-0.115879926E-01-0.643557452E-02-0.713137345E-03 0.554253403E-02
 0.122877875E-01 0.194720739E-01 0.270375602E-01 0.349200440E-01 0.430622229E-01
 0.514418391E-01 0.600342193E-01 0.688148528E-01 0.777593419E-01 0.868433216E-01
 0.960424085E-01 0.105332194E+00 0.114688270E+00 0.124086241E+00 0.133501648E+00
 0.142909671E+00 0.152284407E+00 0.161597433E+00 0.170815270E+00 0.179895221E+00
 0.188779015E+00 0.197383884E+00 0.205591754E+00 0.213240757E+00 0.220130310E+00
 0.921412530E-01 0.908276096E-01 0.864841364E-01 0.811382874E-01 0.757007937E-01
 0.701627524E-01 0.645208286E-01 0.587764775E-01 0.529328769E-01 0.469935411E-01
 0.409618301E-01 0.348408095E-01 0.286331528E-01 0.223712715E-01 0.161091199E-01
 0.990097189E-02 0.380121388E-02-0.213598563E-02-0.785705127E-02-0.133093879E-01
-0.184417665E-01-0.232047027E-01-0.275508244E-01-0.314352285E-01-0.348158246E-01
-0.376536672E-01-0.399132764E-01-0.415629485E-01-0.425750579E-01-0.429263508E-01
-0.425982325E-01-0.415770490E-01-0.398543620E-01-0.374272184E-01-0.342984119E-01
-0.304767336E-01-0.259772104E-01-0.208213223E-01-0.150371947E-01-0.865975566E-02
-0.173084441E-02 0.570074274E-02 0.135792795E-01 0.218423400E-01 0.304210887E-01
 0.392369953E-01 0.482579101E-01 0.574624979E-01 0.668311518E-01 0.763458766E-01
 0.859903213E-01 0.957499093E-01 0.105612031E+00 0.115566249E+00 0.125604450E+00
 0.135720824E+00 0.145911472E+00 0.156173354E+00 0.166502024E+00 0.176887251E+00
 0.187304861E+00 0.197701611E+00 0.207967125E+00 0.217880293E+00 0.227016058E+00
 0.931172685E-01 0.916923071E-01 0.870085815E-01 0.814023386E-01 0.756710117E-01
 0.698070488E-01 0.638082125E-01 0.576740912E-01 0.514055197E-01 0.450039335E-01
 0.384709348E-01 0.318081484E-01 0.250216976E-01 0.181666923E-01 0.112998747E-01
 0.447882446E-02-0.223860342E-02-0.879474957E-02-0.151325835E-01-0.211961166E-01
-0.269308000E-01-0.322839097E-01-0.372049174E-01-0.416458479E-01-0.455616231E-01
-0.489103925E-01-0.516538522E-01-0.537575528E-01-0.551911983E-01-0.559289361E-01
-0.559496412E-01-0.552371938E-01-0.537807516E-01-0.515750155E-01-0.486204880E-01
-0.449237213E-01-0.404975514E-01-0.353613129E-01-0.295410272E-01-0.230695550E-01
-0.159867047E-01-0.833928212E-02-0.181074322E-03 0.842724400E-02 0.174182515E-01
 0.267179210E-01 0.362466874E-01 0.459474765E-01 0.558060015E-01 0.658106234E-01
 0.759526427E-01 0.862266940E-01 0.966312584E-01 0.107169296E+00 0.117848998E+00
 0.128684647E+00 0.139697547E+00 0.150916958E+00 0.162380889E+00 0.174136473E+00
 0.186239310E+00 0.198750246E+00 0.211723915E+00 0.225152090E+00 0.238330444E+00
 0.937071356E-01 0.921307651E-01 0.873759870E-01 0.815435495E-01 0.755375349E-01
 0.693580206E-01 0.630051021E-01 0.564796279E-01 0.497827150E-01 0.429152528E-01
 0.358775022E-01 0.286687304E-01 0.213177470E-01 0.138842268E-01 0.642863734E-02
-0.988038420E-03-0.830468238E-02-0.154604530E-01-0.223952025E-01-0.290498880E-01
-0.353669733E-01-0.412908162E-01-0.467680427E-01-0.517479048E-01-0.561826241E-01
-0.600277204E-01-0.632423280E-01-0.657894990E-01-0.676364971E-01-0.687550834E-01
-0.691217940E-01-0.687182123E-01-0.675312363E-01-0.655533387E-01-0.627828219E-01
-0.592240618E-01-0.548877402E-01-0.497910578E-01-0.439579220E-01-0.374191022E-01
-0.302123397E-01-0.223824029E-01-0.139810731E-01-0.506704582E-02 0.429427037E-02
 0.140310932E-01 0.240658214E-01 0.343157015E-01 0.447070882E-01 0.552338273E-01
 0.658936329E-01 0.766887089E-01 0.876265626E-01 0.987210687E-01 0.109993865E+00
 0.121476195E+00 0.133211369E+00 0.145258112E+00 0.157695219E+00 0.170628291E+00
 0.184200059E+00 0.198607792E+00 0.214137434E+00 0.231240948E+00 0.249118818E+00
 0.943754136E-01 0.926598131E-01 0.877470009E-01 0.816917495E-01 0.754142712E-01
 0.689181625E-01 0.622071899E-01 0.552856512E-01 0.481568436E-01 0.408224625E-01
 0.332825762E-01 0.255359108E-01 0.176345047E-01 0.964041506E-02 0.161676627E-02
-0.637272311E-02-0.142641876E-01-0.219940529E-01-0.294994671E-01-0.367187220E-01
-0.435916623E-01-0.500600797E-01-0.560680905E-01-0.615624961E-01-0.664931270E-01
-0.708131695E-01-0.744794790E-01-0.774528790E-01-0.796984500E-01-0.811858085E-01
-0.818893791E-01-0.817886608E-01-0.808684878E-01-0.791192857E-01-0.765373220E-01
-0.731249485E-01-0.688908327E-01-0.638501729E-01-0.580248911E-01-0.514437950E-01
-0.441426987E-01-0.361644916E-01-0.275591396E-01-0.183836047E-01-0.870166344E-02
 0.141639579E-02 0.118942161E-01 0.226499585E-01 0.335970413E-01 0.446550172E-01
 0.558260477E-01 0.671172999E-01 0.785418702E-01 0.901200179E-01 0.101880833E+00
 0.113864517E+00 0.126125549E+00 0.138737121E+00 0.151797440E+00 0.165438736E+00
 0.179840028E+00 0.195244385E+00 0.211979033E+00 0.230468631E+00 0.250287815E+00
 0.953754470E-01 0.935597825E-01 0.882711435E-01 0.819936180E-01 0.754340696E-01
 0.686006951E-01 0.615114401E-01 0.541790712E-01 0.466102896E-01 0.388070761E-01
 0.307679653E-01 0.225018186E-01 0.140715543E-01 0.554150087E-02-0.302298788E-02
-0.115559524E-01-0.199912662E-01-0.282630810E-01-0.363062701E-01-0.440568633E-01
-0.514524668E-01-0.584326675E-01-0.649394168E-01-0.709173958E-01-0.763143603E-01
-0.810814681E-01-0.851735889E-01-0.885496002E-01-0.911726708E-01-0.930105349E-01
-0.940357575E-01-0.942259958E-01-0.935642546E-01-0.920391390E-01-0.896451026E-01
-0.863826898E-01-0.822587698E-01-0.772867577E-01-0.714868169E-01-0.648860348E-01
-0.575185624E-01-0.494257075E-01-0.406559669E-01-0.312649837E-01-0.213154148E-01
-0.108766893E-01-0.246440735E-04 0.111589790E-01 0.225871900E-01 0.341685794E-01
 0.458257864E-01 0.575679905E-01 0.694099080E-01 0.813727945E-01 0.934857972E-01
 0.105787823E+00 0.118330121E+00 0.131179879E+00 0.144425287E+00 0.158182823E+00
 0.172607981E+00 0.187911585E+00 0.204385250E+00 0.222438284E+00 0.241781047E+00
 0.962138853E-01 0.941646014E-01 0.891632010E-01 0.826953356E-01 0.757556220E-01
 0.685056193E-01 0.609889992E-01 0.532203224E-01 0.452027557E-01 0.369336485E-01
 0.284067196E-01 0.196458871E-01 0.107155648E-01 0.168156978E-02-0.738917390E-02
-0.164290381E-01-0.253701419E-01-0.341448203E-01-0.426860916E-01-0.509281137E-01
-0.588066226E-01-0.662593496E-01-0.732264162E-01-0.796507049E-01-0.854782078E-01
-0.906583545E-01-0.951443210E-01-0.988933222E-01-0.101866892E+00-0.104031150E+00
-0.105357068E+00-0.105820719E+00-0.105403535E+00-0.104092554E+00-0.101880669E+00
-0.987668751E-01-0.947565037E-01-0.898614573E-01-0.841004239E-01-0.774990724E-01
-0.700902178E-01-0.619139461E-01-0.530176871E-01-0.434562217E-01-0.332916086E-01
-0.225930156E-01-0.114364393E-01 0.957004390E-04 0.119151065E-01 0.239283031E-01
 0.360374947E-01 0.481777298E-01 0.603621418E-01 0.726086248E-01 0.849403333E-01
 0.973864948E-01 0.109983466E+00 0.122776016E+00 0.135818850E+00 0.149178394E+00
 0.162935007E+00 0.177186437E+00 0.192056422E+00 0.207732535E+00 0.224213641E+00
 0.993020059E-01 0.976238113E-01 0.914759138E-01 0.839769008E-01 0.763837135E-01
 0.686114067E-01 0.606270928E-01 0.524128430E-01 0.439546015E-01 0.352389895E-01
 0.262521771E-01 0.170305027E-01 0.763798486E-02-0.185921094E-02-0.113933534E-01
-0.208957129E-01-0.302971163E-01-0.395284839E-01-0.485213458E-01-0.572083326E-01
-0.655236388E-01-0.734034581E-01-0.807863895E-01-0.876138168E-01-0.938302609E-01
-0.993837092E-01-0.104225924E+00-0.108312731E+00-0.111604300E+00-0.114065404E+00
-0.115665681E+00-0.116379885E+00-0.116188135E+00-0.115076167E+00-0.113035580E+00
-0.110064088E+00-0.106165765E+00-0.101351288E+00-0.956381724E-01-0.890509842E-01
-0.816215392E-01-0.733890623E-01-0.644003057E-01-0.547096096E-01-0.443788943E-01
-0.334775662E-01-0.220823252E-01-0.102768584E-01 0.184859350E-02 0.141978060E-01
 0.266692798E-01 0.391570708E-01 0.516175692E-01 0.640637473E-01 0.765101157E-01
 0.889727355E-01 0.101468793E+00 0.114015580E+00 0.126628462E+00 0.139316997E+00
 0.152077517E+00 0.164878402E+00 0.177629014E+00 0.190111414E+00 0.201867210E+00
 0.101321893E+00 0.996758525E-01 0.929828180E-01 0.850026864E-01 0.769345386E-01
 0.687210618E-01 0.603220744E-01 0.517070012E-01 0.428512842E-01 0.337335803E-01
 0.243339459E-01 0.146998743E-01 0.489492516E-02-0.501457374E-02-0.149603059E-01
-0.248726759E-01-0.346814626E-01-0.443164246E-01-0.537078639E-01-0.627871493E-01
-0.714872029E-01-0.797429511E-01-0.874917414E-01-0.946737279E-01-0.101232227E+00
-0.107114048E+00-0.112269799E+00-0.116654178E+00-0.120226244E+00-0.122949677E+00
-0.124793037E+00-0.125730011E+00-0.125739660E+00-0.124806675E+00-0.122921621E+00
-0.120081198E+00-0.116288493E+00-0.111553240E+00-0.105892064E+00-0.993287298E-01
-0.918943595E-01-0.836276352E-01-0.745749596E-01-0.647905713E-01-0.543365990E-01
-0.432830406E-01-0.317076537E-01-0.196957415E-01-0.733981756E-02 0.526086948E-02
 0.180009825E-01 0.307699750E-01 0.434533519E-01 0.560411115E-01 0.685389496E-01
 0.809509971E-01 0.932783584E-01 0.105517013E+00 0.117654648E+00 0.129665837E+00
 0.141504767E+00 0.153094717E+00 0.164314442E+00 0.174985777E+00 0.184875544E+00
 0.102073007E+00 0.100338241E+00 0.937539771E-01 0.855563097E-01 0.772126292E-01
 0.687005849E-01 0.599916044E-01 0.510585403E-01 0.418763664E-01 0.324219019E-01
 0.226733039E-01 0.126888045E-01 0.253233758E-02-0.772910182E-02-0.180263489E-01
-0.282888477E-01-0.384453506E-01-0.484245545E-01-0.581556864E-01-0.675690418E-01
-0.765964820E-01-0.851718922E-01-0.932316025E-01-0.100714776E+00-0.107563765E+00
-0.113724442E+00-0.119146500E+00-0.123783748E+00-0.127594370E+00-0.130541193E+00
-0.132591933E+00-0.133719447E+00-0.133901980E+00-0.133123413E+00-0.131373525E+00
-0.128648245E+00-0.124949925E+00-0.120287604E+00-0.114677274E+00-0.108142150E+00
-0.100712917E+00-0.924279612E-01-0.833335786E-01-0.734841336E-01-0.629421715E-01
-0.517784634E-01-0.400719726E-01-0.279097307E-01-0.153866143E-01-0.260502269E-02
 0.103255287E-01 0.232888369E-01 0.361623001E-01 0.488602644E-01 0.613836029E-01
 0.737292775E-01 0.858890982E-01 0.978479687E-01 0.109581556E+00 0.121053332E+00
 0.132211093E+00 0.142983452E+00 0.153277544E+00 0.162980151E+00 0.171964833E+00
 0.102624247E+00 0.100834813E+00 0.940928575E-01 0.857578064E-01 0.772511876E-01
 0.685501135E-01 0.596299311E-01 0.504664727E-01 0.410365154E-01 0.313175078E-01
 0.212947498E-01 0.110307119E-01 0.591304343E-03-0.995489036E-02-0.205373544E-01
-0.310843293E-01-0.415234673E-01-0.517824394E-01-0.617895045E-01-0.714740380E-01
-0.807670232E-01-0.896015045E-01-0.979130068E-01-0.105639919E+00-0.112723851E+00
-0.119109956E+00-0.124747237E+00-0.129588827E+00-0.133592260E+00-0.136719722E+00
-0.138938306E+00-0.140220256E+00-0.140543214E+00-0.139890477E+00-0.138251249E+00
-0.135620912E+00-0.132001297E+00-0.127400964E+00-0.121835485E+00-0.115327726E+00
-0.107908123E+00-0.996149420E-01-0.904945152E-01-0.806014447E-01-0.699987561E-01
-0.587579927E-01-0.469592356E-01-0.346910342E-01-0.220502344E-01-0.914168811E-02
 0.392217302E-02 0.170219364E-01 0.300320656E-01 0.428222563E-01 0.553668113E-01
 0.676595855E-01 0.796889172E-01 0.914364759E-01 0.102876061E+00 0.113972415E+00
 0.124680268E+00 0.134944003E+00 0.144698514E+00 0.153871883E+00 0.162390261E+00
 0.102855766E+00 0.101016304E+00 0.940934400E-01 0.857001555E-01 0.771243257E-01
 0.683271901E-01 0.592825373E-01 0.499690279E-01 0.403671180E-01 0.304571954E-01
 0.202335971E-01 0.976192704E-02-0.889474451E-03-0.116501297E-01-0.224480102E-01
-0.332101165E-01-0.438630498E-01-0.543335651E-01-0.645491041E-01-0.744382990E-01
-0.839314483E-01-0.929609591E-01-0.101461758E+00-0.109371670E+00-0.116631769E+00
-0.123186700E+00-0.128984977E+00-0.133979266E+00-0.138126647E+00-0.141388868E+00
-0.143732596E+00-0.145129658E+00-0.145557294E+00-0.144998405E+00-0.143441820E+00
-0.140882559E+00-0.137322121E+00-0.132768764E+00-0.127237805E+00-0.120751914E+00
-0.113341408E+00-0.105044532E+00-0.959077207E-01-0.859858252E-01-0.753423023E-01
-0.640493390E-01-0.521879067E-01-0.398477263E-01-0.271271293E-01-0.141328002E-01
-0.979391860E-03 0.122109872E-01 0.253093858E-01 0.381806223E-01 0.507505448E-01
 0.630139225E-01 0.749595068E-01 0.865698417E-01 0.978210378E-01 0.108682675E+00
 0.119118020E+00 0.129084751E+00 0.138536410E+00 0.147424700E+00 0.155702639E+00
 0.102353628E+00 0.100387768E+00 0.937248418E-01 0.854527882E-01 0.769323538E-01
 0.681267779E-01 0.590272774E-01 0.496275069E-01 0.399174100E-01 0.298829412E-01
 0.195263802E-01 0.891627511E-02-0.187691966E-02-0.127811568E-01-0.237232030E-01
-0.346291033E-01-0.454246753E-01-0.560360133E-01-0.663899863E-01-0.764147207E-01
-0.860400596E-01-0.951979956E-01-0.103823074E+00-0.111852767E+00-0.119227818E+00
-0.125892563E+00-0.131795225E+00-0.136888191E+00-0.141128279E+00-0.144476983E+00
-0.146900725E+00-0.148371098E+00-0.148865116E+00-0.148365462E+00-0.146860757E+00
-0.144345830E+00-0.140822000E+00-0.136297373E+00-0.130787142E+00-0.124313891E+00
-0.116907902E+00-0.108607445E+00-0.994590564E-01-0.895177850E-01-0.788473920E-01
-0.675204974E-01-0.556186495E-01-0.432323039E-01-0.304606918E-01-0.174115586E-01
-0.420075424E-02 0.904834544E-02 0.222056081E-01 0.351351402E-01 0.477295161E-01
 0.599840221E-01 0.718883326E-01 0.834265627E-01 0.945774328E-01 0.105314623E+00
 0.115607415E+00 0.125421699E+00 0.134721421E+00 0.143470457E+00 0.151634852E+00
 0.101485482E+00 0.991789709E-01 0.931992896E-01 0.853503881E-01 0.769129750E-01
 0.680997761E-01 0.589600254E-01 0.495051446E-01 0.397316160E-01 0.296281032E-01
 0.192001498E-01 0.851741704E-02-0.234886393E-02-0.133260617E-01-0.243404801E-01
-0.353177838E-01-0.461834691E-01-0.568633533E-01-0.672840630E-01-0.773735100E-01
-0.870613466E-01-0.962793945E-01-0.104962045E+00-0.113046633E+00-0.120473777E+00
-0.127187699E+00-0.133136522E+00-0.138272541E+00-0.142552486E+00-0.145937775E+00
-0.148394760E+00-0.149894967E+00-0.150415347E+00-0.149938529E+00-0.148453083E+00
-0.145953793E+00-0.142441942E+00-0.137925608E+00-0.132419966E+00-0.125947601E+00
-0.118538812E+00-0.110231909E+00-0.101073500E+00-0.911187333E-01-0.804315139E-01
-0.690846481E-01-0.571599199E-01-0.447480718E-01-0.319486707E-01-0.188698375E-01
-0.562781456E-02 0.765365709E-02 0.208441850E-01 0.338078413E-01 0.464228325E-01
 0.586847920E-01 0.705839770E-01 0.821053773E-01 0.932289786E-01 0.103930232E+00
 0.114180795E+00 0.123949583E+00 0.133204171E+00 0.141912501E+00 0.150044836E+00
 0.103209886E+00 0.101322378E+00 0.944190471E-01 0.859332228E-01 0.772550569E-01
 0.683240664E-01 0.591176735E-01 0.496217743E-01 0.398218970E-01 0.297013151E-01
 0.192619678E-01 0.857188484E-02-0.229870582E-02-0.132778119E-01-0.242921560E-01
-0.352676853E-01-0.461300931E-01-0.568053411E-01-0.672201679E-01-0.773025786E-01
-0.869823082E-01-0.961912564E-01-0.104863892E+00-0.112937625E+00-0.120353154E+00
-0.127054785E+00-0.132990722E+00-0.138113350E+00-0.142379491E+00-0.145750655E+00
-0.148193288E+00-0.149679017E+00-0.150184890E+00-0.149693638E+00-0.148193930E+00
-0.145680648E+00-0.142155171E+00-0.137625668E+00-0.132107400E+00-0.125623025E+00
-0.118202903E+00-0.109885393E+00-0.100717125E+00-0.907532504E-01-0.800576428E-01
-0.687030443E-01-0.567711357E-01-0.443525138E-01-0.315465569E-01-0.184611582E-01
-0.521230290E-02 0.807653337E-02 0.212751977E-01 0.342479243E-01 0.468780110E-01
 0.591612887E-01 0.710880615E-01 0.826431400E-01 0.938060068E-01 0.104551182E+00
 0.114848871E+00 0.124665974E+00 0.133967511E+00 0.142718461E+00 0.150885950E+00
 0.103840285E+00 0.102028031E+00 0.950943944E-01 0.864584610E-01 0.776557953E-01
 0.686535502E-01 0.594200126E-01 0.499288424E-01 0.401565174E-01 0.300804119E-01
 0.196955092E-01 0.906704818E-02-0.173668212E-02-0.126450683E-01-0.235858413E-01
-0.344857102E-01-0.452709671E-01-0.558680626E-01-0.662041521E-01-0.762076084E-01
-0.858085018E-01-0.949390447E-01-0.103534003E+00-0.111531075E+00-0.118871238E+00
-0.125499071E+00-0.131363052E+00-0.136415830E+00-0.140614496E+00-0.143920826E+00
-0.146301531E+00-0.147728500E+00-0.148179046E+00-0.147636157E+00-0.146088757E+00
-0.143531976E+00-0.139967426E+00-0.135403493E+00-0.129855631E+00-0.123346659E+00
-0.115907055E+00-0.107575241E+00-0.983978424E-01-0.884299234E-01-0.777351716E-01
-0.663860277E-01-0.544637407E-01-0.420583333E-01-0.292684628E-01-0.162011612E-01
-0.297144457E-02 0.102982185E-01 0.234785811E-01 0.364344386E-01 0.490735570E-01
 0.613919819E-01 0.733797949E-01 0.850209227E-01 0.962929608E-01 0.107167136E+00
 0.117608566E+00 0.127577009E+00 0.137028287E+00 0.145916511E+00 0.154197102E+00
 0.104224659E+00 0.102497436E+00 0.953026446E-01 0.866723205E-01 0.778924076E-01
 0.689305641E-01 0.597593566E-01 0.503517708E-01 0.406819384E-01 0.307249497E-01
 0.204686008E-01 0.997586040E-02-0.686781586E-03-0.114501277E-01-0.222430413E-01
-0.329931627E-01-0.436275759E-01-0.540734272E-01-0.642585011E-01-0.741117527E-01
-0.835638007E-01-0.925473806E-01-0.100997763E+00-0.108853133E+00-0.116054948E+00
-0.122548252E+00-0.128281980E+00-0.133209238E+00-0.137287561E+00-0.140479172E+00
-0.142751222E+00-0.144076041E+00-0.144431375E+00-0.143800644E+00-0.142173194E+00
-0.139544564E+00-0.135916758E+00-0.131298526E+00-0.125705646E+00-0.119161210E+00
-0.111695903E+00-0.103348259E+00-0.941649114E-01-0.842007888E-01-0.735192791E-01
-0.621923244E-01-0.503004452E-01-0.379326735E-01-0.251863851E-01-0.121670183E-01
 0.101232373E-02 0.142313784E-01 0.273632932E-01 0.402751309E-01 0.529172412E-01
 0.652860963E-01 0.773720663E-01 0.891587056E-01 0.100621805E+00 0.111728387E+00
 0.122435885E+00 0.132691902E+00 0.142435082E+00 0.151597687E+00 0.160110237E+00
 0.103609293E+00 0.101907299E+00 0.950599455E-01 0.865447334E-01 0.778922688E-01
 0.690761071E-01 0.600658253E-01 0.508327185E-01 0.413503249E-01 0.315939771E-01
 0.215449462E-01 0.112647105E-01 0.818571596E-03-0.972528756E-02-0.202966424E-01
-0.308239833E-01-0.412352045E-01-0.514582357E-01-0.614216239E-01-0.710550703E-01
-0.802899237E-01-0.890596357E-01-0.973001779E-01-0.104950426E+00-0.111952509E+00
-0.118252138E+00-0.123798904E+00-0.128546556E+00-0.132453272E+00-0.135481907E+00
-0.137600247E+00-0.138781246E+00-0.139003279E+00-0.138250384E+00-0.136512517E+00
-0.133785815E+00-0.130072856E+00-0.125382931E+00-0.119732314E+00-0.113144524E+00
-0.105650586E+00-0.972892594E-01-0.881072534E-01-0.781593894E-01-0.675087186E-01
-0.562265721E-01-0.443925309E-01-0.320943030E-01-0.194274925E-01-0.649524495E-02
 0.659225324E-02 0.197184593E-01 0.327614300E-01 0.456023433E-01 0.582414032E-01
 0.706762114E-01 0.828997364E-01 0.948983590E-01 0.106649595E+00 0.118119313E+00
 0.129258509E+00 0.140000062E+00 0.150256655E+00 0.159921899E+00 0.168877085E+00
 0.102678259E+00 0.101019496E+00 0.943125163E-01 0.860091828E-01 0.776063596E-01
 0.690530006E-01 0.603086405E-01 0.513433018E-01 0.421328283E-01 0.326558774E-01
 0.228922974E-01 0.128995894E-01 0.274298237E-02-0.750966168E-02-0.177886371E-01
-0.280230987E-01-0.381417070E-01-0.480732257E-01-0.577470784E-01-0.670938662E-01
-0.760458484E-01-0.845373879E-01-0.925053624E-01-0.998895437E-01-0.106632948E+00
-0.112682160E+00-0.117987632E+00-0.122503970E+00-0.126190196E+00-0.129010010E+00
-0.130932032E+00-0.131930056E+00-0.131983289E+00-0.131076599E+00-0.129200768E+00
-0.126352744E+00-0.122535895E+00-0.117760271E+00-0.112042852E+00-0.105407794E+00
-0.978866585E-01-0.895186131E-01-0.803506007E-01-0.704374599E-01-0.598419862E-01
-0.486349191E-01-0.368948445E-01-0.247079975E-01-0.121679594E-01 0.624754777E-03
 0.135632143E-01 0.265346732E-01 0.394212149E-01 0.521744619E-01 0.648028429E-01
 0.773119996E-01 0.897040566E-01 0.101975897E+00 0.114116294E+00 0.126101444E+00
 0.137888197E+00 0.149404255E+00 0.160535495E+00 0.171114449E+00 0.180922201E+00
 0.101123759E+00 0.994570745E-01 0.928066890E-01 0.849823646E-01 0.770367342E-01
 0.688866538E-01 0.605099750E-01 0.518940859E-01 0.430271226E-01 0.338962157E-01
 0.244870872E-01 0.148489486E-01 0.504794422E-02-0.484789157E-02-0.147691611E-01
-0.246456425E-01-0.344068263E-01-0.439824406E-01-0.533029581E-01-0.623000791E-01
-0.709071887E-01-0.790597857E-01-0.866958826E-01-0.937563784E-01-0.100185405E+00
-0.105930649E+00-0.110943655E+00-0.115180106E+00-0.118600098E+00-0.121168393E+00
-0.122854678E+00-0.123633807E+00-0.123486051E+00-0.122397341E+00-0.120359521E+00
-0.117370593E+00-0.113434966E+00-0.108563698E+00-0.102774735E+00-0.960931338E-01
-0.885512551E-01-0.801889357E-01-0.710536097E-01-0.612003758E-01-0.506919938E-01
-0.395987962E-01-0.279985003E-01-0.159759078E-01-0.362248269E-02 0.896419358E-02
 0.216810705E-01 0.344203192E-01 0.470954851E-01 0.597184411E-01 0.723034183E-01
 0.848662497E-01 0.974236941E-01 0.109992367E+00 0.122586780E+00 0.135215674E+00
 0.147875054E+00 0.160534416E+00 0.173107720E+00 0.185389584E+00 0.196949540E+00
 0.980953296E-01 0.961229139E-01 0.907383941E-01 0.838127736E-01 0.764305049E-01
 0.687309098E-01 0.607597034E-01 0.525323161E-01 0.440515264E-01 0.353134907E-01
 0.263102347E-01 0.170804041E-01 0.769051486E-02-0.179165018E-02-0.112973624E-01
-0.207573491E-01-0.301022368E-01-0.392630117E-01-0.481714813E-01-0.567607250E-01
-0.649655282E-01-0.727227950E-01-0.799719375E-01-0.866552420E-01-0.927182112E-01
-0.981098857E-01-0.102783147E+00-0.106695002E+00-0.109806858E+00-0.112084787E+00
-0.113499776E+00-0.114027985E+00-0.113650994E+00-0.112356047E+00-0.110136304E+00
-0.106991086E+00-0.102926110E+00-0.979537309E-01-0.920931539E-01-0.853706396E-01
-0.778196733E-01-0.694810967E-01-0.604031863E-01-0.506416665E-01-0.402596391E-01
-0.293274136E-01-0.179222189E-01-0.612777632E-02 0.596628935E-02 0.182652337E-01
 0.306702256E-01 0.430797402E-01 0.554924955E-01 0.679263337E-01 0.804038621E-01
 0.929532510E-01 0.105609179E+00 0.118413965E+00 0.131418903E+00 0.144685831E+00
 0.158289088E+00 0.172318664E+00 0.186888225E+00 0.202170658E+00 0.218161949E+00
 0.973011606E-01 0.955795068E-01 0.900828319E-01 0.832216907E-01 0.761105248E-01
 0.687474238E-01 0.611400153E-01 0.532946289E-01 0.452133549E-01 0.368942695E-01
 0.283321631E-01 0.195514810E-01 0.106175591E-01 0.159682653E-02-0.744347097E-02
-0.164356393E-01-0.253119527E-01-0.340050916E-01-0.424485846E-01-0.505772429E-01
-0.583275819E-01-0.656382232E-01-0.724502776E-01-0.787077062E-01-0.843576615E-01
-0.893508092E-01-0.936416325E-01-0.971887221E-01-0.999550535E-01-0.101908256E+00
-0.103020873E+00-0.103270620E+00-0.102640637E+00-0.101119739E+00-0.987026641E-01
-0.953903192E-01-0.911900141E-01-0.861156882E-01-0.801881179E-01-0.734350990E-01
-0.658915943E-01-0.575998343E-01-0.486093579E-01-0.389769780E-01-0.287666541E-01
-0.180492545E-01-0.690218664E-02 0.459112150E-02 0.163419063E-01 0.282569305E-01
 0.402395304E-01 0.522642209E-01 0.643463976E-01 0.765072156E-01 0.887750308E-01
 0.101187225E+00 0.113792628E+00 0.126654827E+00 0.139856790E+00 0.153507480E+00
 0.167751605E+00 0.182784528E+00 0.198875756E+00 0.216403394E+00 0.235090137E+00
 0.965813623E-01 0.950056909E-01 0.895341968E-01 0.828458789E-01 0.759713650E-01
 0.689002123E-01 0.616294607E-01 0.541571239E-01 0.464808872E-01 0.385973885E-01
 0.305019632E-01 0.222024591E-01 0.137611918E-01 0.524198269E-02-0.329030809E-02
-0.117702555E-01-0.201323413E-01-0.283114165E-01-0.362431523E-01-0.438644758E-01
-0.511139885E-01-0.579323655E-01-0.642627355E-01-0.700510406E-01-0.752463780E-01
-0.798013228E-01-0.836722365E-01-0.868195613E-01-0.892081031E-01-0.908073065E-01
-0.915915223E-01-0.915402709E-01-0.906385010E-01-0.888768457E-01-0.862518738E-01
-0.827663344E-01-0.784293934E-01-0.732568534E-01-0.672713541E-01-0.605025427E-01
-0.529872039E-01-0.447693389E-01-0.359001781E-01-0.264381133E-01-0.164485299E-01
-0.600352075E-02 0.481854409E-02 0.159336159E-01 0.272527415E-01 0.386830032E-01
 0.501858008E-01 0.617682728E-01 0.734433268E-01 0.852307115E-01 0.971585752E-01
 0.109265622E+00 0.121604080E+00 0.134243833E+00 0.147278222E+00 0.160832251E+00
 0.175074053E+00 0.190230145E+00 0.206602788E+00 0.224580831E+00 0.243752633E+00
 0.955498157E-01 0.940749318E-01 0.889270106E-01 0.824588867E-01 0.758394193E-01
 0.690679189E-01 0.621385336E-01 0.550460201E-01 0.477857201E-01 0.403532863E-01
 0.327444439E-01 0.249549661E-01 0.170382399E-01 0.905496220E-02 0.106714211E-02
-0.686250603E-02-0.146710935E-01-0.222960451E-01-0.296755596E-01-0.367490471E-01
-0.434575463E-01-0.497441225E-01-0.555542453E-01-0.608361489E-01-0.655411743E-01
-0.696240950E-01-0.730434295E-01-0.757617403E-01-0.777459234E-01-0.789674897E-01
-0.794028399E-01-0.790335344E-01-0.778465599E-01-0.758345905E-01-0.729962450E-01
-0.693363350E-01-0.648661028E-01-0.596034415E-01-0.535730927E-01-0.468068099E-01
-0.393434800E-01-0.312291893E-01-0.225172203E-01-0.132679664E-01-0.354874917E-02
 0.656647806E-02 0.169975732E-01 0.276589015E-01 0.384602558E-01 0.493603622E-01
 0.603564194E-01 0.714501432E-01 0.826485360E-01 0.939648983E-01 0.105420175E+00
 0.117044744E+00 0.128880811E+00 0.140985646E+00 0.153436077E+00 0.166334917E+00
 0.179820630E+00 0.194083094E+00 0.209392959E+00 0.226165517E+00 0.243619676E+00
 0.945308116E-01 0.931937014E-01 0.881597911E-01 0.819188066E-01 0.755811310E-01
 0.691338201E-01 0.625665992E-01 0.558717684E-01 0.490437216E-01 0.420781310E-01
 0.349712243E-01 0.277191842E-01 0.203550380E-01 0.129370389E-01 0.552444626E-02
-0.182289011E-02-0.904497741E-02-0.160821283E-01-0.228754003E-01-0.293670207E-01
-0.355007961E-01-0.412225045E-01-0.464802707E-01-0.512249253E-01-0.554103471E-01
-0.589937915E-01-0.619362059E-01-0.642025336E-01-0.657620084E-01-0.665884426E-01
-0.666605081E-01-0.659620136E-01-0.644821770E-01-0.622158943E-01-0.591640015E-01
-0.553335290E-01-0.507379429E-01-0.453973695E-01-0.393387930E-01-0.325962203E-01
-0.252107996E-01-0.172308806E-01-0.871200252E-02 0.283202155E-03 0.968519395E-02
 0.194177577E-01 0.293981268E-01 0.395379108E-01 0.498037183E-01 0.601827834E-01
 0.706654538E-01 0.812455682E-01 0.919209656E-01 0.102694132E+00 0.113572987E+00
 0.124571806E+00 0.135712256E+00 0.147024509E+00 0.158548372E+00 0.170334290E+00
 0.182444003E+00 0.194950288E+00 0.207933493E+00 0.221453718E+00 0.234891891E+00
 0.931347309E-01 0.919131347E-01 0.870372811E-01 0.810810432E-01 0.750797209E-01
 0.689996228E-01 0.628256854E-01 0.565512579E-01 0.501733506E-01 0.436903597E-01
 0.371011097E-01 0.304044769E-01 0.236138529E-01 0.167841515E-01 0.997137673E-02
 0.323214228E-02-0.337678467E-02-0.979892346E-02-0.159785062E-01-0.218608908E-01
-0.273929611E-01-0.325235123E-01-0.372036221E-01-0.413870067E-01-0.450303634E-01
-0.480936993E-01-0.505406481E-01-0.523387777E-01-0.534598881E-01-0.538803028E-01
-0.535811557E-01-0.525486721E-01-0.507744473E-01-0.482557196E-01-0.449956381E-01
-0.410035218E-01-0.362951070E-01-0.308927759E-01-0.248257619E-01-0.181303194E-01
-0.108498498E-01-0.303496447E-02 0.525653652E-02 0.139597976E-01 0.230032945E-01
 0.323095792E-01 0.417919161E-01 0.514316093E-01 0.612072161E-01 0.710991985E-01
 0.810898892E-01 0.911636235E-01 0.101306973E+00 0.111509023E+00 0.121761619E+00
 0.132059479E+00 0.142399990E+00 0.152782419E+00 0.163206059E+00 0.173666515E+00
 0.184148599E+00 0.194612850E+00 0.204968956E+00 0.215016233E+00 0.224311191E+00
 0.908910353E-01 0.896627001E-01 0.852891873E-01 0.798361366E-01 0.742794430E-01
 0.686157974E-01 0.628589321E-01 0.570185640E-01 0.511006663E-01 0.451089300E-01
 0.390457631E-01 0.329129862E-01 0.267124399E-01 0.204888410E-01 0.142947888E-01
 0.818343879E-02 0.220807132E-02-0.357831774E-02-0.912341868E-02-0.143760040E-01
-0.192863166E-01-0.238064470E-01-0.278906994E-01-0.314959440E-01-0.345819567E-01
-0.371117465E-01-0.390518716E-01-0.403727460E-01-0.410489384E-01-0.410594636E-01
-0.403880699E-01-0.390235221E-01-0.369598801E-01-0.341967750E-01-0.307396781E-01
-0.266001633E-01-0.217961576E-01-0.163521758E-01-0.102995327E-01-0.367652859E-02
 0.347140302E-02 0.110915815E-01 0.191240671E-01 0.275013679E-01 0.361487016E-01
 0.450117191E-01 0.540644815E-01 0.632814009E-01 0.726365213E-01 0.821037705E-01
 0.916570894E-01 0.101270557E+00 0.110918541E+00 0.120575839E+00 0.130217752E+00
 0.139819938E+00 0.149357856E+00 0.158805504E+00 0.168133038E+00 0.177302719E+00
 0.186262486E+00 0.194936472E+00 0.203212550E+00 0.210930760E+00 0.217885866E+00
 0.887037780E-01 0.875652622E-01 0.835361850E-01 0.784860047E-01 0.732951914E-01
 0.680012348E-01 0.626364235E-01 0.572178532E-01 0.517550180E-01 0.462535578E-01
 0.407171434E-01 0.351484872E-01 0.295498293E-01 0.239448066E-01 0.183827324E-01
 0.129131214E-01 0.758550975E-02 0.244914374E-02-0.244738331E-02-0.705650956E-02
-0.113320837E-01-0.152297366E-01-0.187072421E-01-0.217248649E-01-0.242456952E-01
-0.262359716E-01-0.276653922E-01-0.285074157E-01-0.287395554E-01-0.283436655E-01
-0.273062232E-01-0.256186062E-01-0.232773675E-01-0.202845057E-01-0.166477323E-01
-0.123807304E-01-0.750340403E-02-0.204210986E-02 0.397013210E-02 0.104934375E-01
 0.174809428E-01 0.248784375E-01 0.326257140E-01 0.406529437E-01 0.489386791E-01
 0.574543101E-01 0.661709181E-01 0.750586351E-01 0.840861489E-01 0.932204324E-01
 0.102426615E+00 0.111667986E+00 0.120906138E+00 0.130101227E+00 0.139212305E+00
 0.148197606E+00 0.157014621E+00 0.165619744E+00 0.173967239E+00 0.182007359E+00
 0.189683604E+00 0.196929545E+00 0.203666380E+00 0.209803367E+00 0.215243628E+00
 0.870312207E-01 0.861090088E-01 0.821482691E-01 0.771259696E-01 0.721147856E-01
 0.671023312E-01 0.620866683E-01 0.570695363E-01 0.520530589E-01 0.470390568E-01
 0.420292641E-01 0.370257528E-01 0.320313984E-01 0.270510329E-01 0.221285079E-01
 0.173087331E-01 0.126370126E-01 0.815854406E-02 0.391797947E-02-0.409843871E-04
-0.367599704E-02-0.694642836E-02-0.981372633E-02-0.122417589E-01-0.141971407E-01
-0.156495454E-01-0.165720061E-01-0.169412049E-01-0.167377537E-01-0.159464678E-01
-0.145566343E-01-0.125622759E-01-0.996241143E-02-0.676131358E-02-0.296876576E-02
 0.139968810E-02 0.632249743E-02 0.117718894E-01 0.177137300E-01 0.241070755E-01
 0.309053201E-01 0.380486820E-01 0.455130628E-01 0.532735915E-01 0.613051061E-01
 0.695803537E-01 0.780697655E-01 0.867409861E-01 0.955583294E-01 0.104482282E+00
 0.113469137E+00 0.122470857E+00 0.131435244E+00 0.140306497E+00 0.149026189E+00
 0.157534585E+00 0.165772166E+00 0.173681083E+00 0.181206273E+00 0.188295990E+00
 0.194901725E+00 0.200977719E+00 0.206480622E+00 0.211370015E+00 0.215610408E+00
 0.847272586E-01 0.838939586E-01 0.800952448E-01 0.752420484E-01 0.704545248E-01
 0.657325919E-01 0.610690868E-01 0.564576449E-01 0.518932300E-01 0.473723392E-01
 0.428931157E-01 0.384554004E-01 0.340607044E-01 0.297120424E-01 0.254338578E-01
 0.212673977E-01 0.172540593E-01 0.134350822E-01 0.985116576E-02 0.654207426E-02
 0.354625147E-02 0.900452266E-03-0.136060598E-02-0.320457253E-02-0.460177422E-02
-0.552551008E-02-0.595233193E-02-0.586231297E-02-0.523930641E-02-0.407119601E-02
-0.235014090E-02-0.728144385E-04 0.275936518E-02 0.614000460E-02 0.100574884E-01
 0.144947686E-01 0.194290506E-01 0.248314605E-01 0.306683653E-01 0.368940048E-01
 0.434890529E-01 0.504356931E-01 0.577148012E-01 0.653057673E-01 0.731861091E-01
 0.813307089E-01 0.897110048E-01 0.982940704E-01 0.107041603E+00 0.115908892E+00
 0.124843902E+00 0.133786641E+00 0.142669078E+00 0.151415879E+00 0.159946212E+00
 0.168176694E+00 0.176025325E+00 0.183415906E+00 0.190282240E+00 0.196571385E+00
 0.202245456E+00 0.207281795E+00 0.211671726E+00 0.215418406E+00 0.218534456E+00
 0.818250020E-01 0.810861270E-01 0.772713951E-01 0.726051012E-01 0.680893296E-01
 0.637036860E-01 0.594324300E-01 0.552603836E-01 0.511750483E-01 0.471674299E-01
 0.432321182E-01 0.393670367E-01 0.355731154E-01 0.318540318E-01 0.282182629E-01
 0.247023045E-01 0.213433835E-01 0.181787671E-01 0.152452315E-01 0.125786120E-01
 0.102134024E-01 0.818239235E-02 0.651633428E-02 0.524363623E-02 0.439007776E-02
 0.397854479E-02 0.402877993E-02 0.455714514E-02 0.557639749E-02 0.709547521E-02
 0.911928335E-02 0.116484803E-01 0.146793172E-01 0.182035079E-01 0.222078216E-01
 0.266744237E-01 0.315802210E-01 0.368905518E-01 0.425984117E-01 0.486923180E-01
 0.551601457E-01 0.619892952E-01 0.691662157E-01 0.766758890E-01 0.845011598E-01
 0.926218375E-01 0.101013550E+00 0.109646315E+00 0.118482821E+00 0.127476435E+00
 0.136569083E+00 0.145689240E+00 0.154750531E+00 0.163651676E+00 0.172278662E+00
 0.180509913E+00 0.188224510E+00 0.195312400E+00 0.201684559E+00 0.207280918E+00
 0.212074578E+00 0.216071745E+00 0.219307524E+00 0.221838358E+00 0.223732729E+00
 0.777072614E-01 0.769425967E-01 0.733855410E-01 0.689833269E-01 0.648179928E-01
 0.608533524E-01 0.570516450E-01 0.533826069E-01 0.498246983E-01 0.463641871E-01
 0.429936980E-01 0.397108689E-01 0.365172884E-01 0.334177009E-01 0.304193905E-01
 0.275455452E-01 0.248304457E-01 0.223080081E-01 0.200114053E-01 0.179726860E-01
 0.162224187E-01 0.147893667E-01 0.137001920E-01 0.129791886E-01 0.126480413E-01
 0.127256086E-01 0.132277186E-01 0.141669655E-01 0.155525350E-01 0.173900706E-01
 0.196814938E-01 0.224246412E-01 0.256132674E-01 0.292381070E-01 0.332827132E-01
 0.377305156E-01 0.425802041E-01 0.478252763E-01 0.534602995E-01 0.594798180E-01
 0.658783024E-01 0.726500323E-01 0.797888055E-01 0.872874758E-01 0.951372737E-01
 0.103326834E+00 0.111840839E+00 0.120658158E+00 0.129749341E+00 0.139073324E+00
 0.148573250E+00 0.158171479E+00 0.167764253E+00 0.177217315E+00 0.186365085E+00
 0.195017123E+00 0.202974694E+00 0.210055455E+00 0.216118642E+00 0.221082917E+00
 0.224934250E+00 0.227724861E+00 0.229563568E+00 0.230596912E+00 0.230983723E+00
 0.722592411E-01 0.714013870E-01 0.680459771E-01 0.640631517E-01 0.604393247E-01
 0.570643941E-01 0.538630849E-01 0.507911421E-01 0.478242399E-01 0.449505187E-01
 0.421661222E-01 0.394725605E-01 0.368751350E-01 0.343819998E-01 0.320036384E-01
 0.297535424E-01 0.276628715E-01 0.257623248E-01 0.240816143E-01 0.226490671E-01
 0.214913011E-01 0.206329485E-01 0.200964092E-01 0.199016329E-01 0.200659410E-01
 0.206038958E-01 0.215271905E-01 0.228443874E-01 0.245607510E-01 0.266785175E-01
 0.291972246E-01 0.321112875E-01 0.354077393E-01 0.390906185E-01 0.431589837E-01
 0.476105029E-01 0.524442139E-01 0.576595012E-01 0.632564192E-01 0.692357242E-01
 0.755988888E-01 0.823480659E-01 0.894859655E-01 0.970156002E-01 0.104939840E+00
 0.113260683E+00 0.121978094E+00 0.131088211E+00 0.140580587E+00 0.150434034E+00
 0.160610406E+00 0.171045480E+00 0.181635908E+00 0.192221757E+00 0.202567183E+00
 0.212351693E+00 0.221198669E+00 0.228752600E+00 0.234757972E+00 0.239090668E+00
 0.241756586E+00 0.242887948E+00 0.242738187E+00 0.241648051E+00 0.239965480E+00
 0.645699790E-01 0.633169987E-01 0.604490775E-01 0.575293122E-01 0.548984264E-01
 0.523870411E-01 0.499480851E-01 0.475670927E-01 0.452427161E-01 0.429800054E-01
 0.407875697E-01 0.386762151E-01 0.366582443E-01 0.347470908E-01 0.329571354E-01
 0.313036061E-01 0.298091969E-01 0.285021198E-01 0.274089012E-01 0.265541795E-01
 0.259605157E-01 0.256482276E-01 0.256352095E-01 0.259367313E-01 0.265652929E-01
 0.275306857E-01 0.288405857E-01 0.304993613E-01 0.325067307E-01 0.348597683E-01
 0.375636376E-01 0.406199309E-01 0.440286038E-01 0.477910455E-01 0.519089504E-01
 0.563844737E-01 0.612206922E-01 0.664217793E-01 0.719932075E-01 0.779419327E-01
 0.842765741E-01 0.910075943E-01 0.981474727E-01 0.105710856E+00 0.113714655E+00
 0.122178015E+00 0.131122051E+00 0.140569143E+00 0.150541436E+00 0.161057959E+00
 0.172129366E+00 0.183748565E+00 0.195873975E+00 0.208398329E+00 0.221084802E+00
 0.233427445E+00 0.244503881E+00 0.253399330E+00 0.259701084E+00 0.263305358E+00
 0.264254544E+00 0.262739218E+00 0.259222060E+00 0.254608614E+00 0.249852168E+00
 0.543413342E-01 0.519437621E-01 0.510110656E-01 0.500969836E-01 0.487741725E-01
 0.472478075E-01 0.456154714E-01 0.439336173E-01 0.422410360E-01 0.405677888E-01
 0.389391070E-01 0.373773179E-01 0.359029112E-01 0.345352031E-01 0.332928066E-01
 0.321940190E-01 0.312572182E-01 0.305069401E-01 0.299661643E-01 0.296554742E-01
 0.295929668E-01 0.297943396E-01 0.302727955E-01 0.310385985E-01 0.320984317E-01
 0.334545244E-01 0.351140945E-01 0.370814204E-01 0.393586726E-01 0.419470901E-01
 0.448484661E-01 0.480645831E-01 0.515974581E-01 0.554499023E-01 0.596257392E-01
 0.641300370E-01 0.689693700E-01 0.741520621E-01 0.796884377E-01 0.855911004E-01
 0.918752624E-01 0.985591544E-01 0.105664544E+00 0.113217394E+00 0.121248701E+00
 0.129795532E+00 0.138902292E+00 0.148622206E+00 0.159018924E+00 0.170168032E+00
 0.182157975E+00 0.195089609E+00 0.209073580E+00 0.224226563E+00 0.240677648E+00
 0.258656092E+00 0.274723410E+00 0.285670753E+00 0.292293495E+00 0.295008502E+00
 0.293462353E+00 0.287986417E+00 0.278055176E+00 0.266824272E+00 0.258233205E+00
 0.471016906E-01 0.443559232E-01 0.438362214E-01 0.436657446E-01 0.431091812E-01
 0.422822120E-01 0.412786951E-01 0.401703023E-01 0.390121679E-01 0.378479881E-01
 0.367135769E-01 0.356392271E-01 0.346512929E-01 0.337732813E-01 0.330266261E-01
 0.324312627E-01 0.320060801E-01 0.317702568E-01 0.317427164E-01 0.319393629E-01
 0.323726499E-01 0.330531805E-01 0.339902718E-01 0.351907402E-01 0.366590999E-01
 0.383980396E-01 0.404095932E-01 0.426948559E-01 0.452542026E-01 0.480877737E-01
 0.511960257E-01 0.545800804E-01 0.582420817E-01 0.621855579E-01 0.664157219E-01
 0.709397273E-01 0.757668969E-01 0.809089395E-01 0.863801822E-01 0.921978564E-01
 0.983824816E-01 0.104958401E+00 0.111954535E+00 0.119405434E+00 0.127352743E+00
 0.135847218E+00 0.144951532E+00 0.154744149E+00 0.165324706E+00 0.176821440E+00
 0.189401210E+00 0.203282226E+00 0.218748143E+00 0.236159872E+00 0.255962580E+00
 0.277112112E+00 0.293237114E+00 0.304204128E+00 0.310298334E+00 0.311313909E+00
 0.307403240E+00 0.297839959E+00 0.283575997E+00 0.271254923E+00 0.261299790E+00
 0.418713024E-01 0.389410336E-01 0.385079650E-01 0.385399613E-01 0.382881396E-01
 0.378162527E-01 0.371874908E-01 0.364606996E-01 0.356876456E-01 0.349127391E-01
 0.341738547E-01 0.335034743E-01 0.329297868E-01 0.324775972E-01 0.321690087E-01
 0.320239006E-01 0.320602374E-01 0.322942502E-01 0.327402438E-01 0.334101250E-01
 0.343132263E-01 0.354564823E-01 0.368445941E-01 0.384800709E-01 0.403634479E-01
 0.424936592E-01 0.448685225E-01 0.474851377E-01 0.503403419E-01 0.534312351E-01
 0.567557320E-01 0.603130844E-01 0.641043562E-01 0.681328295E-01 0.724043204E-01
 0.769273979E-01 0.817135227E-01 0.867771350E-01 0.921357380E-01 0.978100351E-01
 0.103824185E+00 0.110206250E+00 0.116988912E+00 0.124210565E+00 0.131916918E+00
 0.140163297E+00 0.149017973E+00 0.158567011E+00 0.168921480E+00 0.180228496E+00
 0.192688672E+00 0.206584479E+00 0.222325571E+00 0.240504456E+00 0.261742127E+00
 0.280475507E+00 0.294539004E+00 0.303952045E+00 0.308574666E+00 0.308384017E+00
 0.302555472E+00 0.290646084E+00 0.277793695E+00 0.267027187E+00 0.257946051E+00
 0.381105176E-01 0.350328580E-01 0.344033731E-01 0.344098848E-01 0.342066576E-01
 0.338403894E-01 0.333650491E-01 0.328322979E-01 0.322885211E-01 0.317740282E-01
 0.313235136E-01 0.309670110E-01 0.307308567E-01 0.306384322E-01 0.307106208E-01
 0.309660035E-01 0.314208591E-01 0.320890374E-01 0.329817484E-01 0.341073536E-01
 0.354712711E-01 0.370760299E-01 0.389214295E-01 0.410047768E-01 0.433212151E-01
 0.458641435E-01 0.486257182E-01 0.515974174E-01 0.547706848E-01 0.581376488E-01
 0.616918850E-01 0.654291682E-01 0.693481484E-01 0.734508849E-01 0.777431872E-01
 0.822347427E-01 0.869390474E-01 0.918731945E-01 0.970576008E-01 0.102515765E+00
 0.108274152E+00 0.114362282E+00 0.120813093E+00 0.127663647E+00 0.134956240E+00
 0.142740025E+00 0.151073303E+00 0.160026741E+00 0.169687977E+00 0.180168417E+00
 0.191613891E+00 0.204222948E+00 0.218283505E+00 0.234279103E+00 0.251375124E+00
 0.265681513E+00 0.276584890E+00 0.283892295E+00 0.287529912E+00 0.286917671E+00
 0.281853109E+00 0.272904740E+00 0.264349753E+00 0.256554535E+00 0.249537088E+00
 0.352711277E-01 0.319852090E-01 0.312202225E-01 0.310372952E-01 0.306734692E-01
 0.302017300E-01 0.296868420E-01 0.291817547E-01 0.287279341E-01 0.283580455E-01
 0.280989388E-01 0.279740064E-01 0.280046634E-01 0.282110134E-01 0.286118828E-01
 0.292244428E-01 0.300636237E-01 0.311414948E-01 0.324667393E-01 0.340443104E-01
 0.358753145E-01 0.379571140E-01 0.402836025E-01 0.428455913E-01 0.456312622E-01
 0.486266670E-01 0.518162908E-01 0.551837239E-01 0.587124949E-01 0.623870920E-01
 0.661941388E-01 0.701236221E-01 0.741700169E-01 0.783331368E-01 0.826185727E-01
 0.870376528E-01 0.916069532E-01 0.963474741E-01 0.101283656E+00 0.106442424E+00
 0.111852422E+00 0.117543518E+00 0.123546627E+00 0.129893814E+00 0.136618618E+00
 0.143756510E+00 0.151345344E+00 0.159425593E+00 0.168039949E+00 0.177231394E+00
 0.187037727E+00 0.197477592E+00 0.208516026E+00 0.219985756E+00 0.231328926E+00
 0.241292515E+00 0.249231463E+00 0.254835731E+00 0.257899093E+00 0.258305392E+00
 0.256126937E+00 0.252282672E+00 0.247749100E+00 0.242981289E+00 0.238249054E+00
 0.336083070E-01 0.300860304E-01 0.289301258E-01 0.282718127E-01 0.274633383E-01
 0.266459455E-01 0.259063613E-01 0.252912163E-01 0.248236386E-01 0.245162092E-01
 0.243788900E-01 0.244230598E-01 0.246629579E-01 0.251154498E-01 0.257987777E-01
 0.267308245E-01 0.279273117E-01 0.294002350E-01 0.311567305E-01 0.331984650E-01
 0.355215535E-01 0.381169193E-01 0.409709369E-01 0.440661616E-01 0.473819824E-01
 0.508951309E-01 0.545801143E-01 0.584097597E-01 0.623561094E-01 0.663918509E-01
 0.704922946E-01 0.746376823E-01 0.788154191E-01 0.830217634E-01 0.872625951E-01
 0.915530769E-01 0.959162698E-01 0.100381000E+00 0.104979432E+00 0.109744822E+00
 0.114709769E+00 0.119905081E+00 0.125359191E+00 0.131097899E+00 0.137144242E+00
 0.143518191E+00 0.150235916E+00 0.157308200E+00 0.164737430E+00 0.172512216E+00
 0.180598167E+00 0.188922749E+00 0.197352280E+00 0.205663153E+00 0.213526952E+00
 0.220556420E+00 0.226405462E+00 0.230829744E+00 0.233698364E+00 0.235004235E+00
 0.234885496E+00 0.233618977E+00 0.231537859E+00 0.228938850E+00 0.226049267E+00
 0.337117307E-01 0.301000724E-01 0.277655064E-01 0.258655093E-01 0.241190800E-01
 0.226804346E-01 0.215895254E-01 0.208150893E-01 0.203146158E-01 0.200545527E-01
 0.200156209E-01 0.201935278E-01 0.205972940E-01 0.212458395E-01 0.221635445E-01
 0.233756427E-01 0.249041572E-01 0.267647804E-01 0.289648629E-01 0.315025687E-01
 0.343671725E-01 0.375403227E-01 0.409978475E-01 0.447115011E-01 0.486500887E-01
 0.527797101E-01 0.570632969E-01 0.614600328E-01 0.659255153E-01 0.704134838E-01
 0.748794561E-01 0.792857627E-01 0.836067347E-01 0.878326635E-01 0.919715496E-01
 0.960481879E-01 0.100100679E+00 0.104175126E+00 0.108319880E+00 0.112580769E+00
 0.116998068E+00 0.121605167E+00 0.126428376E+00 0.131487224E+00 0.136794742E+00
 0.142357373E+00 0.148174272E+00 0.154235748E+00 0.160520618E+00 0.166992249E+00
 0.173593181E+00 0.180238692E+00 0.186810796E+00 0.193156081E+00 0.199092534E+00
 0.204428481E+00 0.208989327E+00 0.212642285E+00 0.215313167E+00 0.216995001E+00
 0.217747993E+00 0.217687831E+00 0.216962693E+00 0.215727210E+00 0.214123099E+00
 0.341652932E-01 0.303120862E-01 0.265428911E-01 0.227909700E-01 0.192543874E-01
 0.172945761E-01 0.160654735E-01 0.153285075E-01 0.149422929E-01 0.148183041E-01
 0.149085555E-01 0.152009268E-01 0.157133834E-01 0.164845220E-01 0.175623224E-01
 0.189940388E-01 0.208187251E-01 0.230623143E-01 0.257346847E-01 0.288285901E-01
 0.323208772E-01 0.361762615E-01 0.403528053E-01 0.448070289E-01 0.494965374E-01
 0.543792512E-01 0.594097298E-01 0.645340731E-01 0.696858234E-01 0.747862244E-01
 0.797515751E-01 0.845065257E-01 0.889979246E-01 0.932043936E-01 0.971403690E-01
 0.100854475E+00 0.104421226E+00 0.107926709E+00 0.111453302E+00 0.115069501E+00
 0.118826607E+00 0.122759914E+00 0.126891489E+00 0.131232797E+00 0.135786533E+00
 0.140547526E+00 0.145502778E+00 0.150630736E+00 0.155899926E+00 0.161267095E+00
 0.166675202E+00 0.172051810E+00 0.177308778E+00 0.182344394E+00 0.187048876E+00
 0.191313236E+00 0.195040137E+00 0.198154445E+00 0.200611308E+00 0.202400338E+00
 0.203545181E+00 0.204098427E+00 0.204132941E+00 0.203731774E+00 0.202979036E+00
 0.339091663E-01 0.295853760E-01 0.249015792E-01 0.196703289E-01 0.139482114E-01
 0.101799415E-01 0.881610271E-02 0.861948997E-02 0.867531261E-02 0.887270088E-02
 0.914356972E-02 0.948862551E-02 0.997460515E-02 0.107055138E-01 0.117906084E-01
 0.133243095E-01 0.153779513E-01 0.179966415E-01 0.211961255E-01 0.249589906E-01
 0.292342641E-01 0.339465180E-01 0.390145854E-01 0.443695926E-01 0.499619627E-01
 0.557566402E-01 0.617207634E-01 0.678061773E-01 0.739278419E-01 0.799468556E-01
 0.856835294E-01 0.909691435E-01 0.956910043E-01 0.998047659E-01 0.103336595E+00
 0.106389209E+00 0.109133644E+00 0.111760997E+00 0.114424400E+00 0.117220739E+00
 0.120202683E+00 0.123394658E+00 0.126803907E+00 0.130426855E+00 0.134252425E+00
 0.138263505E+00 0.142437323E+00 0.146745174E+00 0.151151803E+00 0.155614699E+00
 0.160083587E+00 0.164500430E+00 0.168800322E+00 0.172913565E+00 0.176769074E+00
 0.180298907E+00 0.183443354E+00 0.186155776E+00 0.188406354E+00 0.190184099E+00
 0.191496777E+00 0.192368824E+00 0.192837683E+00 0.192949322E+00 0.192753737E+00
 0.340250634E-01 0.295368564E-01 0.245505724E-01 0.188336530E-01 0.122031353E-01
 0.680542249E-02 0.326221319E-02 0.165177532E-02 0.198459916E-02 0.279468572E-02
 0.323865560E-02 0.335541306E-02 0.341227015E-02 0.371355595E-02 0.449444985E-02
 0.591127246E-02 0.806923330E-02 0.110406459E-01 0.148640852E-01 0.195223367E-01
 0.249055892E-01 0.308114108E-01 0.370377664E-01 0.434703660E-01 0.500795980E-01
 0.568848788E-01 0.639264936E-01 0.712421639E-01 0.788254892E-01 0.864819757E-01
 0.936285222E-01 0.998085805E-01 0.104875795E+00 0.108779082E+00 0.111514160E+00
 0.113196104E+00 0.114320391E+00 0.115514662E+00 0.117002368E+00 0.118822602E+00
 0.120965648E+00 0.123407331E+00 0.126119414E+00 0.129072793E+00 0.132238095E+00
 0.135585291E+00 0.139082975E+00 0.142697571E+00 0.146392648E+00 0.150128420E+00
 0.153861579E+00 0.157545559E+00 0.161131340E+00 0.164568861E+00 0.167808997E+00
 0.170805964E+00 0.173519870E+00 0.175919075E+00 0.177982022E+00 0.179698238E+00
 0.181068385E+00 0.182103364E+00 0.182822638E+00 0.183252079E+00 0.183421646E+00
 0.348820866E-01 0.306420152E-01 0.260200326E-01 0.209469658E-01 0.154096873E-01
 0.949639335E-02 0.398453686E-02 0.246204482E-03-0.153095475E-02-0.121017067E-02
-0.124701488E-02-0.254153582E-02-0.415941399E-02-0.505737998E-02-0.503857787E-02
-0.403384938E-02-0.197160686E-02 0.124622773E-02 0.575157177E-02 0.116999877E-01
 0.191368474E-01 0.271228130E-01 0.348688118E-01 0.424288553E-01 0.499541852E-01
 0.576072547E-01 0.655628249E-01 0.740289141E-01 0.832915495E-01 0.937546345E-01
 0.102983465E+00 0.110210710E+00 0.115702093E+00 0.119325573E+00 0.121018897E+00
 0.120503916E+00 0.118698134E+00 0.118144603E+00 0.118441810E+00 0.119367418E+00
 0.120781701E+00 0.122588567E+00 0.124717516E+00 0.127113593E+00 0.129731256E+00
 0.132530463E+00 0.135474104E+00 0.138526281E+00 0.141651192E+00 0.144812457E+00
 0.147972862E+00 0.151094467E+00 0.154139096E+00 0.157069156E+00 0.159848756E+00
 0.162444988E+00 0.164829261E+00 0.166978514E+00 0.168876138E+00 0.170512514E+00
 0.171885063E+00 0.172997835E+00 0.173860689E+00 0.174488191E+00 0.174898353E+00
 0.363497296E-01 0.326267787E-01 0.286382346E-01 0.243607884E-01 0.198188732E-01
 0.150836283E-01 0.102579634E-01 0.545566903E-02 0.169835167E-02 0.331951970E-03
-0.132233008E-02-0.482814169E-02-0.879589344E-02-0.109519134E-01-0.116864281E-01
-0.111378796E-01-0.929033973E-02-0.604412990E-02-0.119951454E-02 0.564473786E-02
 0.152457828E-01 0.251907293E-01 0.338963353E-01 0.419939504E-01 0.498640653E-01
 0.577769548E-01 0.659728011E-01 0.747158976E-01 0.843472993E-01 0.952422425E-01
 0.104864490E+00 0.112297650E+00 0.117787494E+00 0.121270259E+00 0.122619804E+00
 0.121517665E+00 0.119084107E+00 0.117961667E+00 0.117787146E+00 0.118297366E+00
 0.119321838E+00 0.120746793E+00 0.122491978E+00 0.124496971E+00 0.126713247E+00
 0.129099502E+00 0.131618816E+00 0.134236870E+00 0.136920818E+00 0.139638627E+00
 0.142358773E+00 0.145050227E+00 0.147682702E+00 0.150227107E+00 0.152656157E+00
 0.154945080E+00 0.157072323E+00 0.159020206E+00 0.160775406E+00 0.162329252E+00
 0.163677762E+00 0.164821440E+00 0.165764846E+00 0.166516004E+00 0.167085688E+00
 0.104997440E+01 0.106082920E+01 0.106737467E+01 0.107527092E+01 0.108390473E+01
 0.109268265E+01 0.110347992E+01 0.111228144E+01 0.112155746E+01 0.113159520E+01
 0.114161368E+01 0.115200066E+01 0.116286518E+01 0.117418663E+01 0.118543811E+01
 0.119733279E+01 0.120972072E+01 0.122240253E+01 0.123540694E+01 0.124883516E+01
 0.126296576E+01 0.127739706E+01 0.129225687E+01 0.130771491E+01 0.132376354E+01
 0.134041805E+01 0.135756692E+01 0.137540683E+01 0.139394691E+01 0.141321621E+01
 0.143325473E+01 0.145406075E+01 0.147574120E+01 0.149837337E+01 0.152197890E+01
 0.154660520E+01 0.157237526E+01 0.159935236E+01 0.162759414E+01 0.165728658E+01
 0.168843935E+01 0.172131449E+01 0.175586391E+01 0.179235197E+01 0.183113308E+01
 0.187212130E+01 0.191577518E+01 0.196207457E+01 0.201188956E+01 0.206527776E+01
 0.212247090E+01 0.218434436E+01 0.225163352E+01 0.232538739E+01 0.240568468E+01
 0.249504404E+01 0.259514134E+01 0.270774889E+01 0.283672691E+01 0.298832152E+01
 0.316910591E+01 0.339724737E+01 0.370115339E+01 0.417730101E+01 0.676655440E+01
   87   87
 0.107268103E+01 0.000000000E+00 0.107385604E+01 0.100000000E+00 0.107780621E+01
 0.200000000E+00 0.108069612E+01 0.250000000E+00 0.108867489E+01 0.350000000E+00
 0.110052788E+01 0.450000000E+00 0.110797464E+01 0.500000000E+00 0.112563900E+01
 0.600000000E+00 0.113586127E+01 0.650000000E+00 0.115862230E+01 0.750000000E+00
 0.117099875E+01 0.800000000E+00 0.118531250E+01 0.856439238E+00 0.121129681E+01
 0.950000000E+00 0.122636045E+01 0.100000000E+01 0.124236773E+01 0.105000000E+01
 0.126811183E+01 0.113279275E+01 0.131812500E+01 0.111567336E+01 0.135180163E+01
 0.110000000E+01 0.139781250E+01 0.108469131E+01 0.145093750E+01 0.106224440E+01
 0.147750000E+01 0.104961122E+01 0.153062500E+01 0.102562221E+01 0.157777788E+01
 0.100000000E+01 0.161031250E+01 0.982861057E+00 0.166292815E+01 0.950000000E+00
 0.169000000E+01 0.932886618E+00 0.173506481E+01 0.900000000E+00 0.176968750E+01
 0.874334932E+00 0.179862691E+01 0.850000000E+00 0.184937500E+01 0.805813235E+00
 0.187593750E+01 0.781079913E+00 0.190677659E+01 0.750000000E+00 0.195366964E+01
 0.700000000E+00 0.198218750E+01 0.667313669E+00 0.200875000E+01 0.634430710E+00
 0.203531250E+01 0.599014218E+00 0.206883610E+01 0.550000000E+00 0.209924931E+01
 0.500000000E+00 0.212616080E+01 0.450000000E+00 0.214998280E+01 0.400000000E+00
 0.217108998E+01 0.350000000E+00 0.219468750E+01 0.285004966E+00 0.221981216E+01
 0.200000000E+00 0.223090272E+01 0.150000000E+00 0.224332318E+01 0.500000000E-01
 0.224148548E+01-0.500000000E-01 0.222545205E+01-0.150000000E+00 0.221277603E+01
-0.200000000E+00 0.219468750E+01-0.257663163E+00 0.216812500E+01-0.328746826E+00
 0.214156250E+01-0.389682062E+00 0.211500000E+01-0.442998848E+00 0.208843750E+01
-0.490312263E+00 0.206187500E+01-0.532795645E+00 0.203531250E+01-0.571317421E+00
 0.200875000E+01-0.606464293E+00 0.197253421E+01-0.650000000E+00 0.192906250E+01
-0.697518599E+00 0.190250000E+01-0.724526165E+00 0.187500699E+01-0.750000000E+00
 0.182281250E+01-0.795396085E+00 0.179625000E+01-0.816853135E+00 0.174976829E+01
-0.850000000E+00 0.171656250E+01-0.872886351E+00 0.166937768E+01-0.900000000E+00
 0.163687500E+01-0.918157008E+00 0.158375000E+01-0.942153976E+00 0.155718750E+01
-0.952149463E+00 0.150406250E+01-0.969695969E+00 0.145093750E+01-0.980057450E+00
 0.139781250E+01-0.981258600E+00 0.134468750E+01-0.967731658E+00 0.131680833E+01
-0.950000000E+00 0.126859335E+01-0.900000000E+00 0.123843750E+01-0.851663615E+00
 0.121351620E+01-0.800000000E+00 0.119299895E+01-0.750000000E+00 0.117486985E+01
-0.700000000E+00 0.115868120E+01-0.650000000E+00 0.113218750E+01-0.554076621E+00
 0.111970845E+01-0.500000000E+00 0.110562500E+01-0.425599254E+00 0.109425886E+01
-0.350000000E+00 0.108380486E+01-0.250000000E+00 0.107906250E+01-0.183407493E+00
 0.107477866E+01-0.100000000E+00 0.107268103E+01 0.000000000E+00
 0.101600000E+01 0.000000000E+00 0.101600000E+01 0.964000000E+00 0.101600000E+01
 0.968000000E+00 0.101600000E+01 0.100100000E+01 0.101600000E+01 0.101900000E+01
 0.101600000E+01 0.107700000E+01 0.101600000E+01 0.107000000E+01 0.101600000E+01
 0.109600000E+01 0.101600000E+01 0.111300000E+01 0.101600000E+01 0.113800000E+01
 0.101600000E+01 0.114700000E+01 0.101200000E+01 0.116500000E+01 0.100100000E+01
 0.121700000E+01 0.102900000E+01 0.121700000E+01 0.104200000E+01 0.116240000E+01
 0.104600000E+01 0.116238000E+01 0.105600000E+01 0.116260000E+01 0.109700000E+01
 0.116450000E+01 0.110800000E+01 0.116594000E+01 0.111600000E+01 0.116591000E+01
 0.113400000E+01 0.116896000E+01 0.114800000E+01 0.117175000E+01 0.116200000E+01
 0.117556000E+01 0.118100000E+01 0.118300000E+01 0.118200000E+01 0.118350000E+01
 0.118500000E+01 0.118500000E+01 0.119000000E+01 0.118800000E+01 0.119500000E+01
 0.119100000E+01 0.120100000E+01 0.119600000E+01 0.120900000E+01 0.120200000E+01
 0.121500000E+01 0.120800000E+01 0.122200000E+01 0.121400000E+01 0.122800000E+01
 0.122100000E+01 0.123400000E+01 0.123100000E+01 0.123900000E+01 0.123800000E+01
 0.124200000E+01 0.124400000E+01 0.124800000E+01 0.125400000E+01 0.125800000E+01
 0.127800000E+01 0.126300000E+01 0.129000000E+01 0.128000000E+01 0.133100000E+01
 0.128000000E+01 0.134700000E+01 0.128000000E+01 0.134800000E+01 0.131000000E+01
 0.134800000E+01 0.132800000E+01 0.134800000E+01 0.136100000E+01 0.134800000E+01
 0.138000000E+01 0.134800000E+01 0.141900000E+01 0.134800000E+01 0.141900000E+01
 0.131000000E+01 0.137200000E+01 0.131000000E+01 0.137200000E+01 0.129200000E+01
 0.160800000E+01 0.109500000E+01 0.164700000E+01 0.107700000E+01 0.178500000E+01
 0.107700000E+01 0.207000000E+01 0.104000000E+01 0.212800000E+01 0.993000000E+00
 0.224500000E+01 0.709000000E+00 0.232300000E+01 0.519000000E+00 0.237700000E+01
 0.389000000E+00 0.235200000E+01 0.400000000E+00 0.235100000E+01 0.337000000E+00
 0.235100000E+01 0.205000000E+00 0.235400000E+01 0.680000000E-01 0.235400000E+01
 0.000000000E+00 0.235400000E+01-0.680000000E-01 0.235300000E+01-0.205000000E+00
 0.235100000E+01-0.337000000E+00 0.235300000E+01-0.400000000E+00 0.237700000E+01
-0.389000000E+00 0.213400000E+01-0.973000000E+00 0.178600000E+01-0.117400000E+01
 0.176800000E+01-0.121100000E+01 0.176800000E+01-0.125000000E+01 0.168200000E+01
-0.125000000E+01 0.137200000E+01-0.125000000E+01 0.137200000E+01-0.132900000E+01
 0.142000000E+01-0.132900000E+01 0.142000000E+01-0.136300000E+01 0.127300000E+01
-0.136300000E+01 0.115300000E+01-0.136300000E+01 0.101600000E+01-0.122300000E+01
 0.101600000E+01-0.122300000E+01 0.101600000E+01-0.830000000E+00 0.101600000E+01
-0.800000000E+00 0.101600000E+01-0.415000000E+00 0.101600000E+01-0.400000000E+00
 0.101600000E+01-0.100000000E-02 0.101600000E+01 0.000000000E+00
    0 0.170000005E+01    0
 0.000000000E+00 0.968279577E-01 0.137429519E+00 0.168743798E+00 0.195259799E+00
 0.218793539E+00 0.238894053E+00 0.258850844E+00 0.277416894E+00 0.295148230E+00
 0.311894768E+00 0.327937899E+00 0.343418893E+00 0.358376232E+00 0.372822922E+00
 0.386860260E+00 0.400609591E+00 0.414010407E+00 0.427082294E+00 0.439946890E+00
 0.452566447E+00 0.465016673E+00 0.477226331E+00 0.489285423E+00 0.501223926E+00
 0.513008266E+00 0.524685931E+00 0.536219841E+00 0.547682837E+00 0.559095468E+00
 0.570385292E+00 0.581636579E+00 0.592823069E+00 0.603983087E+00 0.615115764E+00
 0.626182968E+00 0.637278510E+00 0.648353587E+00 0.659416432E+00 0.670516456E+00
 0.681602915E+00 0.692759627E+00 0.703927588E+00 0.715131701E+00 0.726438806E+00
 0.737773107E+00 0.749223348E+00 0.760728072E+00 0.772376227E+00 0.784147897E+00
 0.796023572E+00 0.808075083E+00 0.820292785E+00 0.832754335E+00 0.845375469E+00
 0.858290878E+00 0.871507310E+00 0.885055082E+00 0.898981719E+00 0.913423600E+00
 0.928387349E+00 0.944145300E+00 0.960826533E+00 0.978925405E+00 0.100000000E+01
    0
 &OUT1
 ISHOT = 124995
 ITIME = 2502
 BETAP0 = 0.5
 RZERO = 1.69550001621246
 QENP = 1.05
 ENP = 1.0
 EMP = 1.0
 PLASMA = 806138.5794062953
 EXPMP2 = 0.347995236276752 0.346113221656427 0.260050298892761 0.159710762487158 2.611832400339842E-02 -4.823889217859906E-02 -7.704704175272341E-02 2.980755905983352E-02 9.475433294591047E-02 0.143646613503848 0.197418931517986 0.169927118824124 0.199238062027189 0.186133607646978 0.162254593647776 0.334013783965994 0.237929106162852 0.155678240437057 1.036250949887381E-02 -4.636573567848058E-02 -8.058181139929567E-02 -4.665816513032395E-04 6.614785505266101E-02 8.347651456601470E-02 0.158246082950408 0.183553017240355 0.163938659764128 0.199890766128865 0.184528195548045 -8.481195665894944E-02 -2.669232720089553E-02 4.842240214530938E-02 9.567893957162757E-02 0.105472845096093 0.152595980632312 0.188562339589007 0.168720334808006 0.174425471289892 0.185902014599759 0.160596947841605 0.185551383812513 0.170420142528842 0.163813957544607 0.179553424257131 0.155740232110294 8.366652567941138E-02 6.515289707435154E-02 5.347420443899425E-03 -7.839468876009061E-02 -4.612057158240047E-02 9.633380913677068E-03 0.156644586095303 0.239357998424978 0.33404648891115 0.347914403016456 0.345887005086565 0.261664456370752 0.165873522812893 2.341767558813225E-02 -5.263488799871045E-02 7.172051175645708E-02 8.625136798956222E-02 7.649734338864954E-02 6.755256252399201E-02 -4.293863255882675E-02 -2.512516237770302E-02 -9.543664449745962E-02 -0.11973249311862 -4.458327866065268E-02 -6.115546491233233E-02 0.109129762360172 4.438276092860381E-02 1.229973355249915E-02 2.720670408823907E-02 4.594160667860894E-02 5.294078861474573E-02
 COILS = -9.534612315182490E-02 -8.869946312013822E-02 -7.693130763690179E-02 -3.506788826026504E-02 -9.077810060904579E-03 -0.19473222384545 -0.23381184714786 3.542921506134552E-03 -0.10860774712019 -9.406824186238216E-02 -8.735672039470857E-02 -8.015878939139595E-02 -3.718053061276139E-02 -1.723047489935147E-02 -0.19992206803346 -0.22909988352205 -4.636565909925207E-04 -0.10948288710742 -8.379965724480760E-02 -8.257282884937810E-02 -7.786241716662813E-02 -5.288646370041161E-02 -2.549138232490279E-02 -7.577863419564033E-03 -9.931518119778485E-02 -0.20978324502837 -0.19684622495223 -0.21693680104684 -0.17958847372914 -8.155908180783922E-02 -7.933279376062893E-02 -5.641721713964803E-02 -3.051722640925971E-02 -1.534603559974775E-02 -0.11872007145671 -0.20556516821745 -0.19108051684844 -0.2215074488927 -0.18310066080697 -3.542534074178245E-02 -7.774309279123437E-02 -4.322831984638344E-02 -6.991609396348804E-02 -9.669263295549782E-02
 BTOR = -0.99604686882163
 RCENTR = 1.69550001621246
 BRSP = -115274.867091996 -80966.6922172666 -68713.9669240939 62630.80489488268 71832.21192659611 -107374.68577254 -156559.147323075 101219.6899717041 -70248.6000047158 -108956.37479276 -68525.5908733412 -73453.5627085591 70633.05424857778 55552.41501955794 -114711.208634965 -146038.344242401 118138.0233583331 -57788.488935913 161.182857692762 -134.517468391398 1787.859346825628 -1492.08230095866 -10093.5398272859 -10110.475137991 -8403.67436232894 -5559.30701766081 -11360.118559061 -2345.90814734432 3.254841642567826E-02 -1.720611551386886E-03 0.182719045251725 0.294237068962465 -0.8302174973855 -0.96661183950709 -0.14632991639232 -0.22934648100164 -0.45952867877676 8.716211592212415E-02 -1.01036492887827 -0.43787254595294 -0.65667298960613 -1.35090750429781 -0.30118309310193 -0.38028112913244 0.487334427716477 0.844834902710418 0.643696846060373 0.501604229481411 -2.038613607423196E-02 -2.600204623615946E-02 -0.16534665785688 -1.09739640008411 7.063233497425299E-02 -0.97184385054055 -0.15109098652166 -2.004476115039026E-02 -0.17757266741989 0.412880502481712 1.5054297133701 1.85341191098117 2.08546091637336 -0.41907260761684 -2.00513204211656 -0.96292674706087 -0.66427013576134 -0.34596915047959 0.879688548749326 0.406382062945354 -0.59432879327815 -1.80539340657651 0.428166234780931 0.351650650187737 5.288156892803774E-02 -0.11054531246737 1.04635308121592 0.812002203265642 0.131243660077895 0.0 0.0 0.0 0.0 0.0 0.0 0.0 0.0 0.0 0.0 0.0 0.0 0.0 0.0 0.0 0.0 0.0 0.0 0.0 0.0 0.0 0.0 0.0 0.0 0.0 0.0 0.0 0.0 0.0 0.0 0.0 0.0 0.0 0.0 0.0 0.0 0.0 0.0 0.0 0.0 0.0 0.0 0.0 0.0 0.0 0.0 0.0 0.0 0.0 0.0 0.0 0.0 0.0 0.0 0.0 0.0 0.0 0.0 0.0 0.0 0.0 0.0 0.0 0.0 0.0 0.0 0.0 0.0 0.0 0.0 0.0 0.0 0.0 0.0 0.0 0.0 0.0 0.0 0.0 0.0 0.0 0.0 0.0 0.0 0.0 0.0 0.0 0.0 0.0 0.0 0.0 0.0 0.0 0.0 0.0 0.0 0.0 0.0 0.0 0.0 0.0 0.0 0.0 0.0 0.0 0.0 0.0 0.0 0.0 0.0 0.0 0.0 0.0 0.0 0.0 0.0 0.0 0.0 0.0 0.0 0.0 0.0 0.0 0.0 0.0 0.0 0.0 0.0 0.0 0.0 0.0 0.0 0.0 0.0 0.0 0.0 0.0 0.0 0.0 0.0 0.0 0.0 0.0 0.0 0.0 0.0 0.0 0.0 0.0 0.0 0.0 0.0 0.0 0.0 0.0 0.0 0.0 0.0 0.0 0.0 0.0 0.0 0.0 0.0 0.0 0.0 0.0 0.0 0.0 0.0 0.0 0.0 0.0 0.0 0.0 0.0 0.0 0.0 0.0 0.0 0.0 0.0 0.0 0.0 0.0 0.0 0.0 0.0 0.0 0.0 0.0 0.0 0.0 0.0 0.0 0.0 0.0 0.0 0.0 0.0 0.0 0.0 0.0 0.0 0.0 0.0 0.0 0.0 0.0 0.0 0.0 0.0 0.0 0.0 0.0 0.0 0.0 0.0 0.0 0.0 0.0 0.0 0.0 0.0 0.0 0.0 0.0 0.0 0.0 0.0 0.0 0.0 0.0 0.0 0.0 0.0 0.0 0.0 0.0 0.0 0.0 0.0 0.0 0.0 0.0 0.0 0.0 0.0 0.0 0.0 0.0 0.0 0.0 0.0 0.0 0.0 0.0 0.0 0.0 0.0 0.0 0.0 0.0 0.0 0.0 0.0 0.0 0.0 0.0 0.0 0.0 0.0 0.0 0.0 0.0 0.0 0.0 0.0 0.0 0.0 0.0 0.0 0.0 0.0 0.0 0.0 0.0 0.0 0.0 0.0 0.0 0.0 0.0 0.0 0.0 0.0 0.0 0.0 0.0 0.0 0.0 0.0 0.0 0.0 0.0 0.0 0.0 0.0 0.0 0.0 0.0 0.0 0.0 0.0 0.0 0.0 0.0 0.0 0.0 0.0 0.0 0.0 0.0 0.0 0.0 0.0 0.0 0.0 0.0 0.0 0.0 0.0 0.0 0.0 0.0 0.0 0.0 0.0 0.0 0.0 0.0 0.0 0.0 0.0
 ICURRT = 2
 RBDRY = 1.07268102661925 1.07385603910103 1.07780621301762 1.08069611734333 1.08867488973983 1.1005278753059 1.10797464405934 1.1256390041307 1.13586127388934 1.15862230186287 1.17099874929331 1.1853125 1.21129680953592 1.22636045132856 1.24236772587707 1.26811182653278 1.318125 1.35180163464392 1.3978125 1.4509375 1.4775 1.530625 1.57777788288428 1.6103125 1.66292814811887 1.69 1.73506481361214 1.7696875 1.79862690857029 1.849375 1.8759375 1.90677658915759 1.9536696368495 1.9821875 2.00875 2.0353125 2.0688360995474 2.09924931257341 2.12616079817357 2.14998279895865 2.17108997683533 2.1946875 2.21981216081941 2.23090271700686 2.24332318168192 2.2414854828675 2.22545205217162 2.21277603263616 2.1946875 2.168125 2.1415625 2.115 2.0884375 2.061875 2.0353125 2.00875 1.9725342129278 1.9290625 1.9025 1.87500698850403 1.8228125 1.79625 1.74976828556495 1.7165625 1.6693776828625 1.636875 1.58375 1.5571875 1.5040625 1.4509375 1.3978125 1.3446875 1.31680833092056 1.26859335107898 1.2384375 1.21351619844157 1.19299895164407 1.17486984653728 1.15868120448961 1.1321875 1.1197084478574 1.105625 1.09425885612164 1.08380485861321 1.0790625 1.07477865853459 1.07268102661925 0.0 0.0 0.0 0.0 0.0 0.0 0.0 0.0 0.0 0.0 0.0 0.0 0.0 0.0 0.0 0.0 0.0 0.0 0.0 0.0 0.0 0.0 0.0
 ZBDRY = 0.0 0.1 0.2 0.25 0.35 0.45 0.5 0.6 0.65 0.75 0.8 0.856439238115918 0.95 1.0 1.05 1.13279274717349 1.11567336273175 1.1 1.08469130667137 1.06224440461048 1.04961122301328 1.02562220741565 1.0 0.982861057389273 0.95 0.932886618267299 0.9 0.874334931937861 0.85 0.805813235088053 0.781079913175983 0.75 0.7 0.667313669361526 0.63443071039398 0.599014217559197 0.55 0.5 0.45 0.4 0.35 0.285004965723007 0.2 0.15 5.000000000000004E-02 -5.000000000000004E-02 -0.15 -0.2 -0.25766316251421 -0.32874682553024 -0.38968206158608 -0.44299884834354 -0.49031226333257 -0.53279564509136 -0.571317421208 -0.60646429282845 -0.65 -0.69751859883482 -0.72452616489856 -0.75 -0.79539608537543 -0.81685313528761 -0.85 -0.8728863505613 -0.9 -0.91815700750331 -0.94215397637525 -0.95214946304058 -0.96969596897721 -0.98005744958072 -0.98125860011778 -0.96773165777794 -0.95 -0.9 -0.85166361522255 -0.8 -0.75 -0.7 -0.65 -0.55407662069974 -0.5 -0.425599253693 -0.35 -0.25 -0.18340749302375 -0.1 0.0 0.0 0.0 0.0 0.0 0.0 0.0 0.0 0.0 0.0 0.0 0.0 0.0 0.0 0.0 0.0 0.0 0.0 0.0 0.0 0.0 0.0 0.0 0.0
 NBDRY = 87
 FWTSI = 999.999952502551 562.3798927689196 557.5308718114642 539.3583801261364 391.4943283699462 341.4946932450817 0.0 346.5152336966178 559.196163520554 554.6026416622259 556.9553755234565 554.891758833743 553.3321990903123 0.0 324.0149833511616 247.5980462040303 0.0 515.6009624524545 563.4439868786736 553.0961162006482 560.2338907561682 0.0 479.4118251129534 390.3579065492038 555.1622952096368 293.3790537628938 327.6394123530839 272.2260684455488 392.3990791241887 0.0 555.289249043145 556.814078233946 514.4895383633723 415.183304733705 561.3440660652757 303.4207275307469 348.8534439619278 262.9126350559712 376.5497266699908 558.2383120278608 563.5991157200325 0.0 0.0 0.0
 FWTCUR = 4.015442074219692E-05
 MXITER = 12
 NXITER = 1
 LIMITR = 86
 XLIM = 1.016 1.016 1.016 1.016 1.016 1.016 1.016 1.016 1.016 1.016 1.016 1.012 1.001 1.029 1.042 1.046 1.056 1.097 1.108 1.116 1.134 1.148 1.162 1.181 1.182 1.185 1.19 1.195 1.201 1.209 1.215 1.222 1.228 1.234 1.239 1.242 1.248 1.258 1.263 1.28 1.28 1.28 1.31 1.328 1.361 1.38 1.419 1.419 1.372 1.372 1.608 1.647 1.785 2.07 2.128 2.245 2.323 2.377 2.352 2.351 2.351 2.354 2.354 2.354 2.353 2.351 2.353 2.377 2.134 1.786 1.768 1.768 1.682 1.372 1.372 1.42 1.42 1.273 1.153 1.016 1.016 1.016 1.016 1.016 1.016 1.016 1.016 0.0 0.0 0.0 0.0 0.0 0.0 0.0 0.0 0.0 0.0 0.0 0.0 0.0 0.0 0.0 0.0 0.0 0.0 0.0 0.0 0.0 0.0 0.0 0.0 0.0 0.0 0.0 0.0 0.0 0.0 0.0 0.0 0.0 0.0 0.0 0.0 0.0 0.0 0.0 0.0 0.0 0.0 0.0 0.0 0.0 0.0 0.0 0.0 0.0 0.0 0.0 0.0 0.0 0.0 0.0 0.0 0.0 0.0 0.0 0.0 0.0 0.0 0.0 0.0 0.0 0.0 0.0 0.0 0.0 0.0 0.0 0.0 0.0
 YLIM = 0.0 0.964 0.968 1.001 1.019 1.077 1.07 1.096 1.113 1.138 1.147 1.165 1.217 1.217 1.1624 1.16238 1.1626 1.1645 1.16594 1.16591 1.16896 1.17175 1.17556 1.183 1.1835 1.185 1.188 1.191 1.196 1.202 1.208 1.214 1.221 1.231 1.238 1.244 1.254 1.278 1.29 1.331 1.347 1.348 1.348 1.348 1.348 1.348 1.348 1.31 1.31 1.292 1.095 1.077 1.077 1.04 0.993 0.709 0.519 0.389 0.4 0.337 0.205 6.800000000000000E-02 0.0 -6.800000000000000E-02 -0.205 -0.337 -0.4 -0.389 -0.973 -1.174 -1.211 -1.25 -1.25 -1.25 -1.329 -1.329 -1.363 -1.363 -1.363 -1.223 -1.223 -0.83 -0.8 -0.415 -0.4 -1.000000000000000E-03 0.0 0.0 0.0 0.0 0.0 0.0 0.0 0.0 0.0 0.0 0.0 0.0 0.0 0.0 0.0 0.0 0.0 0.0 0.0 0.0 0.0 0.0 0.0 0.0 0.0 0.0 0.0 0.0 0.0 0.0 0.0 0.0 0.0 0.0 0.0 0.0 0.0 0.0 0.0 0.0 0.0 0.0 0.0 0.0 0.0 0.0 0.0 0.0 0.0 0.0 0.0 0.0 0.0 0.0 0.0 0.0 0.0 0.0 0.0 0.0 0.0 0.0 0.0 0.0 0.0 0.0 0.0 0.0 0.0 0.0 0.0 0.0 0.0 0.0
 ERROR = 1.000000000000000E-03
 ICONVR = 2
 IBUNMN = 3
 PRESSR = 0.0 0.0 0.0 0.0 0.0 0.0 0.0 0.0 0.0 0.0 0.0 0.0 0.0 0.0 0.0 0.0 0.0 0.0 0.0 0.0 0.0 0.0 0.0 0.0 0.0 0.0 0.0 0.0 0.0 0.0 0.0 0.0 0.0 0.0 0.0 0.0 0.0 0.0 0.0 0.0 0.0 0.0 0.0 0.0 0.0 0.0 0.0 0.0 0.0 0.0 0.0 0.0 0.0 0.0 0.0 0.0 0.0 0.0 0.0 0.0 0.0 0.0 0.0 0.0 0.0 0.0 0.0 0.0 0.0 0.0 0.0 0.0 0.0 0.0 0.0 0.0 0.0 0.0 0.0 0.0 0.0 0.0 0.0 0.0 0.0 0.0 0.0 0.0 0.0 0.0 0.0 0.0 0.0 0.0 0.0 0.0 0.0 0.0 0.0 0.0 0.0 0.0 0.0 0.0 0.0 0.0 0.0 0.0 0.0 0.0 0.0 0.0 0.0 0.0 0.0 0.0 0.0 0.0 0.0 0.0 0.0 0.0 0.0 0.0 0.0 0.0 0.0 0.0 0.0 0.0 0.0 0.0
 RPRESS = 0.0 0.0 0.0 0.0 0.0 0.0 0.0 0.0 0.0 0.0 0.0 0.0 0.0 0.0 0.0 0.0 0.0 0.0 0.0 0.0 0.0 0.0 0.0 0.0 0.0 0.0 0.0 0.0 0.0 0.0 0.0 0.0 0.0 0.0 0.0 0.0 0.0 0.0 0.0 0.0 0.0 0.0 0.0 0.0 0.0 0.0 0.0 0.0 0.0 0.0 0.0 0.0 0.0 0.0 0.0 0.0 0.0 0.0 0.0 0.0 0.0 0.0 0.0 0.0 0.0 0.0 0.0 0.0 0.0 0.0 0.0 0.0 0.0 0.0 0.0 0.0 0.0 0.0 0.0 0.0 0.0 0.0 0.0 0.0 0.0 0.0 0.0 0.0 0.0 0.0 0.0 0.0 0.0 0.0 0.0 0.0 0.0 0.0 0.0 0.0 0.0 0.0 0.0 0.0 0.0 0.0 0.0 0.0 0.0 0.0 0.0 0.0 0.0 0.0 0.0 0.0 0.0 0.0 0.0 0.0 0.0 0.0 0.0 0.0 0.0 0.0 0.0 0.0 0.0 0.0 0.0 0.0
 QPSI = 1.04997440284464 1.06082920092677 1.06737466824289 1.0752709195787 1.08390473028521 1.09268265410083 1.10347991591586 1.11228144004591 1.1215574616025 1.1315952041693 1.14161367775378 1.15200066027038 1.1628651757366 1.17418663093981 1.18543810953062 1.19733279202357 1.20972072483467 1.2224025337563 1.23540693696401 1.24883515786893 1.26296576031391 1.27739706041494 1.29225686527423 1.30771491480182 1.32376354406414 1.34041805449806 1.3575669236512 1.37540683460262 1.39394690992585 1.41321621025586 1.43325473044135 1.45406075200079 1.47574120373364 1.49837337360575 1.52197889842215 1.54660520298261 1.57237526251769 1.59935235603992 1.62759413519339 1.65728657853272 1.68843935442099 1.7213144910355 1.7558639140771 1.79235197397563 1.83113308316829 1.87212130233626 1.91577518251499 1.96207456955623 2.01188956365202 2.06527775939664 2.12247089555895 2.18434436186305 2.25163351877811 2.32538738764524 2.4056846810952 2.49504404357031 2.59514134450554 2.70774888870414 2.83672691110278 2.9883215247887 3.169105911321 3.39724737258063 3.70115339210144 4.17730101095499 6.76655440481208
 PRESSW = 0.0 0.0 0.0 0.0 0.0 0.0 0.0 0.0 0.0 0.0 0.0 0.0 0.0 0.0 0.0 0.0 0.0 0.0 0.0 0.0 0.0 0.0 0.0 0.0 0.0 0.0 0.0 0.0 0.0 0.0 0.0 0.0 0.0 0.0 0.0 0.0 0.0 0.0 0.0 0.0 0.0 0.0 0.0 0.0 0.0 0.0 0.0 0.0 0.0 0.0 0.0 0.0 0.0 0.0 0.0 0.0 0.0 0.0 0.0 0.0 0.0 0.0 0.0 0.0 0.0
 PRES = 11694.76749344025 11350.66706965616 11011.111257769 10676.1280368985 10345.74538616439 10019.99128468641 9698.893711584295 9382.480645977766 9070.780066986563 8763.819953730415 8461.628285329056 8164.233040902217 7871.662199569632 7583.943740451034 7301.105642666153 7023.175885334725 6750.182447576479 6482.153308511149 6219.116447258467 5961.099842938166 5708.131474669978 5460.239321573636 5217.451362768871 4979.795577375417 4747.299944513006 4519.99244330137 4297.901052860242 4081.053752309354 3869.478520768438 3663.203337357227 3462.256181195453 3266.66503140285 3076.457867099149 2891.662667404082 2712.307411437383 2538.420078318783 2370.028647168016 2207.161097104813 2049.845407248906 1898.109556720029 1751.981524637914 1611.489290122293 1476.660832292898 1347.524130269463 1224.107163171719 1106.437910119399 994.5443502322353 888.4544626299604 788.1962264323067 693.7976207590068 605.2866247297928 522.6912174643975 446.0393780825531 375.359085703992 310.6783194484468 252.0250584356498 199.4272817853335 152.9129686172304 112.5100980510728 78.24664920659313 50.15060120352393 28.24993316159759 12.57262420054652 3.14665344010319 0.0
 NQPSI = 65
 NPRESS = 0
 SIGPRE = 0.0 0.0 0.0 0.0 0.0 0.0 0.0 0.0 0.0 0.0 0.0 0.0 0.0 0.0 0.0 0.0 0.0 0.0 0.0 0.0 0.0 0.0 0.0 0.0 0.0 0.0 0.0 0.0 0.0 0.0 0.0 0.0 0.0 0.0 0.0 0.0 0.0 0.0 0.0 0.0 0.0 0.0 0.0 0.0 0.0 0.0 0.0 0.0 0.0 0.0 0.0 0.0 0.0 0.0 0.0 0.0 0.0 0.0 0.0 0.0 0.0 0.0 0.0 0.0 0.0 0.0 0.0 0.0 0.0 0.0 0.0 0.0 0.0 0.0 0.0 0.0 0.0 0.0 0.0 0.0 0.0 0.0 0.0 0.0 0.0 0.0 0.0 0.0 0.0 0.0 0.0 0.0 0.0 0.0 0.0 0.0 0.0 0.0 0.0 0.0 0.0 0.0 0.0 0.0 0.0 0.0 0.0 0.0 0.0 0.0 0.0 0.0 0.0 0.0 0.0 0.0 0.0 0.0 0.0 0.0 0.0 0.0 0.0 0.0 0.0 0.0 0.0 0.0 0.0 0.0 0.0 0.0
 /
 &BASIS
 KPPFNC = 0
 KPPKNT = 0
 PPKNT = 0.0 0.0 0.0 0.0 0.0 0.0 0.0 0.0 0.0 0.0 0.0 0.0 0.0 0.0 0.0 0.0 0.0 0.0 0.0 0.0 0.0 0.0 0.0 0.0 0.0 0.0 0.0 0.0 0.0 0.0 0.0 0.0 0.0 0.0 0.0 0.0
 PPTENS = 0.0
 KFFFNC = 0
 KFFKNT = 0
 FFKNT = 0.0 0.0 0.0 0.0 0.0 0.0 0.0 0.0 0.0 0.0 0.0 0.0 0.0 0.0 0.0 0.0 0.0 0.0 0.0 0.0 0.0 0.0 0.0 0.0 0.0 0.0 0.0 0.0 0.0 0.0 0.0 0.0 0.0 0.0 0.0 0.0
 FFTENS = 0.0
 KWWFNC = 0
 KWWKNT = 0
 WWKNT = 0.0 0.0 0.0 0.0 0.0 0.0 0.0 0.0 0.0 0.0 0.0 0.0 0.0 0.0 0.0 0.0 0.0 0.0 0.0 0.0 0.0 0.0 0.0 0.0 0.0 0.0 0.0 0.0 0.0 0.0 0.0 0.0 0.0 0.0 0.0 0.0
 WWTENS = 0.0
 PPBDRY = 121361.2104980794 -101283.740906464 0.0 0.0 0.0 0.0 0.0 0.0 0.0 0.0 0.0 0.0 0.0 0.0 0.0 0.0 0.0 0.0 0.0 0.0 0.0 0.0 0.0 0.0 0.0 0.0 0.0 0.0 0.0 0.0 0.0 0.0 0.0 0.0 0.0 0.0
 PP2BDRY = 0.0 0.0 0.0 0.0 0.0 0.0 0.0 0.0 0.0 0.0 0.0 0.0 0.0 0.0 0.0 0.0 0.0 0.0 0.0 0.0 0.0 0.0 0.0 0.0 0.0 0.0 0.0 0.0 0.0 0.0 0.0 0.0 0.0 0.0 0.0 0.0
 KPPBDRY = 0 0 0 0 0 0 0 0 0 0 0 0 0 0 0 0 0 0 0 0 0 0 0 0 0 0 0 0 0 0 0 0 0 0 0 0
 KPP2BDRY = 0 0 0 0 0 0 0 0 0 0 0 0 0 0 0 0 0 0 0 0 0 0 0 0 0 0 0 0 0 0 0 0 0 0 0 0
 FFBDRY = 1.69162571642774 -1.41176921764557 0.0 0.0 0.0 0.0 0.0 0.0 0.0 0.0 0.0 0.0 0.0 0.0 0.0 0.0 0.0 0.0 0.0 0.0 0.0 0.0 0.0 0.0 0.0 0.0 0.0 0.0 0.0 0.0 0.0 0.0 0.0 0.0 0.0 0.0
 FF2BDRY = 0.0 0.0 0.0 0.0 0.0 0.0 0.0 0.0 0.0 0.0 0.0 0.0 0.0 0.0 0.0 0.0 0.0 0.0 0.0 0.0 0.0 0.0 0.0 0.0 0.0 0.0 0.0 0.0 0.0 0.0 0.0 0.0 0.0 0.0 0.0 0.0
 KFFBDRY = 0 0 0 0 0 0 0 0 0 0 0 0 0 0 0 0 0 0 0 0 0 0 0 0 0 0 0 0 0 0 0 0 0 0 0 0
 KFF2BDRY = 0 0 0 0 0 0 0 0 0 0 0 0 0 0 0 0 0 0 0 0 0 0 0 0 0 0 0 0 0 0 0 0 0 0 0 0
 WWBDRY = -7599841.75230937 -7612593.04507554 0.0 0.0 0.0 0.0 0.0 0.0 0.0 0.0 0.0 0.0 0.0 0.0 0.0 0.0 0.0 0.0 0.0 0.0 0.0 0.0 0.0 0.0 0.0 0.0 0.0 0.0 0.0 0.0 0.0 0.0 0.0 0.0 0.0 0.0
 WW2BDRY = 0.0 0.0 0.0 0.0 0.0 0.0 0.0 0.0 0.0 0.0 0.0 0.0 0.0 0.0 0.0 0.0 0.0 0.0 0.0 0.0 0.0 0.0 0.0 0.0 0.0 0.0 0.0 0.0 0.0 0.0 0.0 0.0 0.0 0.0 0.0 0.0
 KWWBDRY = 0 0 0 0 0 0 0 0 0 0 0 0 0 0 0 0 0 0 0 0 0 0 0 0 0 0 0 0 0 0 0 0 0 0 0 0
 KWW2BDRY = 0 0 0 0 0 0 0 0 0 0 0 0 0 0 0 0 0 0 0 0 0 0 0 0 0 0 0 0 0 0 0 0 0 0 0 0
 KEEFNC = 0
 KEEKNT = 0
 EEKNT = 0.0 0.0 0.0 0.0 0.0 0.0 0.0 0.0 0.0 0.0 0.0 0.0 0.0 0.0 0.0 0.0 0.0 0.0
 EETENS = 5.0
 EEBDRY = 0.0 0.0 0.0 0.0 0.0 0.0 0.0 0.0 0.0 0.0 0.0 0.0 0.0 0.0 0.0 0.0 0.0 0.0
 EE2BDRY = 0.0 0.0 0.0 0.0 0.0 0.0 0.0 0.0 0.0 0.0 0.0 0.0 0.0 0.0 0.0 0.0 0.0 0.0
 KEEBDRY = 0 0 0 0 0 0 0 0 0 0 0 0 0 0 0 0 0 0
 KEE2BDRY = 0 0 0 0 0 0 0 0 0 0 0 0 0 0 0 0 0 0
 /
 &CHIOUT
 SAISIL = 0.194743959668638 5.077344029280576E-05 0.606286921072767 1.12313525388463 7.153245889866972E-02 0.573340991784943 0.0 0.6088834475643 6.097012336579959E-02 0.196662572395583 1.304734706854079E-02 3.620390646986812E-02 0.119760696156967 0.0 0.481394719594143 1.142756739332660E-02 0.0 1.326844950371676E-03 0.338379740979988 3.271518472815704E-02 0.556635760777627 0.0 3.103469767893209E-03 0.570683346300851 0.55245408283611 0.136595334466892 4.447058136474248E-03 1.278008530705764E-02 1.072225789885279E-02 0.0 6.430891898681133E-02 0.895193978582676 4.267866624514718E-02 9.111519536413286E-02 0.143310210284417 5.919865718473839E-02 4.747483910765305E-02 2.294855470709265E-03 1.518224333897506E-02 6.842266618780071E-02 1.760094790307824E-02 0.0 0.0 0.0
 SAIMPI = 0.0 0.0 0.0 0.0 0.0 0.0 0.0 0.0 0.0 0.0 0.0 0.0 0.0 0.0 0.0 0.0 0.0 0.0 0.0 0.0 0.0 0.0 0.0 0.0 0.0 0.0 0.0 0.0 0.0 0.758997841435854 1.304871869502887E-02 1.0191807694728 6.784411211324036E-02 0.216756446367223 1.00595717509222 1.585193835340785E-02 1.687099924999899E-02 0.0 0.34265009192551 1.13906061003524 0.726657065874632 0.141739584439588 1.262932707659049E-03 3.221642145433373E-02 5.217100184835332E-04 0.353980330302246 0.258346122110462 0.33613435598248 1.961908582753867E-02 0.0 4.563752548868656E-02 0.178239532139375 4.568391752878407E-02 1.59581642633055 2.33269041875342 2.67436368457734 0.869415548681224 2.76294319025585 0.0 0.510813300162131 0.401182623605486 0.104403608874733 0.834650555493159 0.28632377147161 0.613382095073588 3.70045836448 7.317898271975935E-02 0.0 8.750908471275033E-02 5.982932017443097E-04 8.584723381573814E-04 0.0 0.0 0.0 0.0 0.0
 SAIPR = 0.0
 SAIIP = 0.927959190214443
 /
                                            MAG
