  EFITD    01/23/2002    #125006 00367ms           3  65  65
 2.140000105e+00 4.400000095e+00 8.500000238e-01 9.999999776e-03 0.000000000e+00
 1.013572335e+00 1.460589096e-02 5.217398331e-02 9.652940556e-03-4.878770113e-01
 7.123491875e+05 5.217398331e-02 0.000000000e+00 1.013572335e+00 0.000000000e+00
 1.460589096e-02 0.000000000e+00 9.652940556e-03 0.000000000e+00 0.000000000e+00
-4.245033860e-01-4.243863225e-01-4.242643714e-01-4.241378009e-01-4.240069687e-01
-4.238721728e-01-4.237336814e-01-4.235918820e-01-4.234470427e-01-4.232995510e-01
-4.231497347e-01-4.229978919e-01-4.228444099e-01-4.226896167e-01-4.225338697e-01
-4.223774970e-01-4.222208560e-01-4.220643044e-01-4.219081700e-01-4.217528403e-01
-4.215986133e-01-4.214458466e-01-4.212948680e-01-4.211460054e-01-4.209996164e-01
-4.208559990e-01-4.207154810e-01-4.205783606e-01-4.204449356e-01-4.203155339e-01
-4.201903641e-01-4.200697839e-01-4.199540019e-01-4.198433161e-01-4.197379351e-01
-4.196380675e-01-4.195439816e-01-4.194558561e-01-4.193738699e-01-4.192982018e-01
-4.192290008e-01-4.191664159e-01-4.191105664e-01-4.190615714e-01-4.190195203e-01
-4.189844429e-01-4.189563990e-01-4.189354479e-01-4.189215600e-01-4.189147353e-01
-4.189149439e-01-4.189220965e-01-4.189361334e-01-4.189569056e-01-4.189843237e-01
-4.190182090e-01-4.190583825e-01-4.191046357e-01-4.191566706e-01-4.192142785e-01
-4.192771614e-01-4.193449616e-01-4.194173217e-01-4.194938838e-01-4.195742309e-01
 1.469951367e+04 1.451892773e+04 1.434136914e+04 1.416668652e+04 1.399471973e+04
 1.382530176e+04 1.365826172e+04 1.349342188e+04 1.333059863e+04 1.316960352e+04
 1.301024609e+04 1.285233105e+04 1.269565820e+04 1.254002734e+04 1.238523438e+04
 1.223107422e+04 1.207733984e+04 1.192382324e+04 1.177031641e+04 1.161661230e+04
 1.146250391e+04 1.130778418e+04 1.115224902e+04 1.099569727e+04 1.083792676e+04
 1.067874316e+04 1.051795215e+04 1.035536328e+04 1.019079395e+04 1.002406152e+04
 9.854994141e+03 9.683421875e+03 9.509182617e+03 9.332121094e+03 9.152089844e+03
 8.968948242e+03 8.782563477e+03 8.592814453e+03 8.399585938e+03 8.202775391e+03
 8.002287109e+03 7.798038574e+03 7.589958496e+03 7.377986328e+03 7.162073730e+03
 6.942185059e+03 6.718298340e+03 6.490404785e+03 6.258509277e+03 6.022631836e+03
 5.782807129e+03 5.539085938e+03 5.291534180e+03 5.040234863e+03 4.785287109e+03
 4.526809082e+03 4.264935059e+03 3.999819092e+03 3.731632812e+03 3.460568359e+03
 3.186837158e+03 2.910670654e+03 2.632322021e+03 2.352064697e+03 2.070194336e+03
 7.319033146e-02 7.638611645e-02 7.939256728e-02 8.220472932e-02 8.481805772e-02
 8.722841740e-02 8.943207562e-02 9.142571688e-02 9.320641309e-02 9.477166086e-02
 9.611935169e-02 9.724779427e-02 9.815569967e-02 9.884218127e-02 9.930675477e-02
 9.954936057e-02 9.957033396e-02 9.937041253e-02 9.895075113e-02 9.831290692e-02
 9.745883197e-02 9.639091045e-02 9.511190653e-02 9.362501651e-02 9.193381667e-02
 9.004231542e-02 8.795490861e-02 8.567640185e-02 8.321202546e-02 8.056738228e-02
 7.774852216e-02 7.476186752e-02 7.161427289e-02 6.831297278e-02 6.486564130e-02
 6.128032506e-02 5.756550282e-02 5.373004824e-02 4.978324473e-02 4.573478177e-02
 4.159475490e-02 3.737366945e-02 3.308243304e-02 2.873236127e-02 2.433517575e-02
 1.990300976e-02 1.544839703e-02 1.098428108e-02 6.524011493e-03 2.081343438e-03
-2.329559531e-03-6.694127806e-03-1.099738572e-02-1.522395108e-02-1.935803331e-02
-2.338343672e-02-2.728355862e-02-3.104138933e-02-3.463951498e-02-3.806011006e-02
-4.128494486e-02-4.429538548e-02-4.707238823e-02-4.959650338e-02-5.184787884e-02
 2.741418125e+05 2.694723750e+05 2.650270000e+05 2.608166406e+05 2.568515469e+05
 2.531412969e+05 2.496946562e+05 2.465197344e+05 2.436238906e+05 2.410137812e+05
 2.386953125e+05 2.366736719e+05 2.349533750e+05 2.335381406e+05 2.324310156e+05
 2.316343125e+05 2.311495938e+05 2.309777500e+05 2.311189062e+05 2.315725000e+05
 2.323372031e+05 2.334110156e+05 2.347911562e+05 2.364741875e+05 2.384559062e+05
 2.407313906e+05 2.432950000e+05 2.461403906e+05 2.492604531e+05 2.526474062e+05
 2.562927188e+05 2.601871406e+05 2.643206875e+05 2.686826562e+05 2.732616562e+05
 2.780455312e+05 2.830214375e+05 2.881757500e+05 2.934942188e+05 2.989617500e+05
 3.045626562e+05 3.102804062e+05 3.160978125e+05 3.219970000e+05 3.279592812e+05
 3.339653125e+05 3.399950312e+05 3.460275625e+05 3.520414062e+05 3.580143438e+05
 3.639233438e+05 3.697447188e+05 3.754540938e+05 3.810262500e+05 3.864354062e+05
 3.916549062e+05 3.966574688e+05 4.014150312e+05 4.058988750e+05 4.100795000e+05
 4.139267188e+05 4.174096250e+05 4.204965000e+05 4.231550625e+05 4.253521562e+05
 3.287409299e-06 6.072536780e-05 1.812944538e-04 3.387514153e-04 4.887347459e-04
 6.123746280e-04 7.118167705e-04 7.898469339e-04 8.477908559e-04 8.858420188e-04
 9.037615964e-04 9.014533134e-04 8.793130983e-04 8.383518434e-04 7.800520398e-04
 7.057908806e-04 6.154053262e-04 5.040678079e-04 3.565125226e-04 1.399932371e-04
-1.950255973e-04-6.952652475e-04-1.376781147e-03-2.215895802e-03-3.168123774e-03
-4.194376059e-03-5.270944908e-03-6.386081222e-03-7.534437347e-03-8.713464253e-03
-9.921581484e-03-1.115732547e-02-1.241894811e-02-1.370423101e-02-1.501039416e-02
-1.633406058e-02-1.767126471e-02-1.901749708e-02-2.036777698e-02-2.171677351e-02
-2.305894345e-02-2.438870631e-02-2.570063248e-02-2.698963508e-02-2.825114690e-02
-2.948127873e-02-3.067692555e-02-3.183582425e-02-3.295656294e-02-3.403853625e-02
-3.508185595e-02-3.608721495e-02-3.705577552e-02-3.798901662e-02-3.888859600e-02
-3.975624591e-02-4.059367627e-02-4.140251130e-02-4.218422621e-02-4.294012859e-02
-4.367134720e-02-4.437882826e-02-4.506334290e-02-4.572551697e-02-4.636582732e-02
 6.101430699e-06 1.149436866e-04 3.600844357e-04 7.440710906e-04 9.821571875e-04
 1.095758402e-03 1.194674405e-03 1.281937817e-03 1.354560372e-03 1.408054843e-03
 1.438108156e-03 1.441174769e-03 1.414527069e-03 1.355997636e-03 1.263504848e-03
 1.134320395e-03 9.639989003e-04 7.450706908e-04 4.659583210e-04 1.110345402e-04
-3.371187486e-04-8.932146593e-04-1.564550912e-03-2.349048154e-03-3.237199038e-03
-4.216173664e-03-5.273355171e-03-6.398065947e-03-7.581871469e-03-8.818229660e-03
-1.010194607e-02-1.142861694e-02-1.279414818e-02-1.419436559e-02-1.562474482e-02
-1.708021760e-02-1.855506934e-02-2.004290558e-02-2.153670602e-02-2.302893065e-02
-2.451172471e-02-2.597716078e-02-2.741754986e-02-2.882576361e-02-3.019554168e-02
-3.152175993e-02-3.280061111e-02-3.402969614e-02-3.520799428e-02-3.633574396e-02
-3.741424531e-02-3.844561055e-02-3.943249211e-02-4.037786275e-02-4.128475487e-02
-4.215613380e-02-4.299474135e-02-4.380301759e-02-4.458308220e-02-4.533669353e-02
-4.606528953e-02-4.676999152e-02-4.745164886e-02-4.811087996e-02-4.874811694e-02
 9.047163076e-06 1.711262448e-04 5.401625531e-04 1.127557247e-03 1.610297011e-03
 1.692902180e-03 1.779982820e-03 1.880669268e-03 1.975331688e-03 2.050006995e-03
 2.094712341e-03 2.102777129e-03 2.069690730e-03 1.991856610e-03 1.866224920e-03
 1.690199948e-03 1.460686559e-03 1.172953169e-03 8.204104961e-04 3.951857507e-04
-1.111551755e-04-7.069378626e-04-1.399408677e-03-2.193213673e-03-3.089150181e-03
-4.084141459e-03-5.171899684e-03-6.343964487e-03-7.591504604e-03-8.906923234e-03
-1.028412674e-02-1.171798632e-02-1.320371404e-02-1.473634504e-02-1.631035469e-02
-1.791938581e-02-1.955605485e-02-2.121186629e-02-2.287722193e-02-2.454155870e-02
-2.619361505e-02-2.782184817e-02-2.941495925e-02-3.096249700e-02-3.245545551e-02
-3.388679028e-02-3.525176644e-02-3.654808924e-02-3.777579963e-02-3.893698007e-02
-4.003527388e-02-4.107539728e-02-4.206261039e-02-4.300228506e-02-4.389956221e-02
-4.475909844e-02-4.558495432e-02-4.638052359e-02-4.714853689e-02-4.789111763e-02
-4.860984161e-02-4.930581897e-02-4.997977987e-02-5.063214898e-02-5.126311257e-02
 1.151565266e-05 2.171864908e-04 6.803189171e-04 1.401845017e-03 2.027849667e-03
 2.224206692e-03 2.398762619e-03 2.575592371e-03 2.733836882e-03 2.853382844e-03
 2.921113977e-03 2.934180433e-03 2.895255573e-03 2.798567759e-03 2.636056626e-03
 2.412217436e-03 2.132825786e-03 1.794651849e-03 1.391999773e-03 9.207597468e-04
 3.801116545e-04-2.350904251e-04-9.390120395e-04-1.753015211e-03-2.682627179e-03
-3.731064731e-03-4.897221457e-03-6.163194310e-03-7.510088384e-03-8.931563236e-03
-1.042440161e-02-1.198575459e-02-1.361231599e-02-1.529989112e-02-1.704306714e-02
-1.883492246e-02-2.066675387e-02-2.252787538e-02-2.440552041e-02-2.628492378e-02
-2.814966254e-02-2.998230793e-02-3.176539019e-02-3.348260745e-02-3.512008861e-02
-3.666753322e-02-3.811893985e-02-3.947283700e-02-4.073194042e-02-4.190235958e-02
-4.299250990e-02-4.401198030e-02-4.497054964e-02-4.587741196e-02-4.674069956e-02
-4.756725207e-02-4.836254567e-02-4.913078994e-02-4.987505451e-02-5.059744418e-02
-5.129928142e-02-5.198127776e-02-5.264366418e-02-5.328634754e-02-5.390899256e-02
 1.399301254e-05 2.631653624e-04 8.189335931e-04 1.668262645e-03 2.447250299e-03
 2.800182672e-03 3.127532545e-03 3.452898469e-03 3.746003145e-03 3.941724543e-03
 4.005148541e-03 3.967908677e-03 3.885234939e-03 3.746903269e-03 3.526329761e-03
 3.266624408e-03 2.947299276e-03 2.572056837e-03 2.133946866e-03 1.625381759e-03
 1.058722730e-03 4.395885917e-04-2.297721221e-04-1.087328652e-03-2.052349038e-03
-3.160018241e-03-4.460405558e-03-5.858837161e-03-7.324179634e-03-8.865781128e-03
-1.048794854e-02-1.219230890e-02-1.397849619e-02-1.584431529e-02-1.778560132e-02
-1.979590952e-02-2.186603844e-02-2.398350090e-02-2.613200992e-02-2.829116955e-02
-3.043660522e-02-3.254080564e-02-3.457487375e-02-3.651109338e-02-3.832594305e-02
-4.000284523e-02-4.153400660e-02-4.292081296e-02-4.417275265e-02-4.530515522e-02
-4.633642733e-02-4.728543386e-02-4.816960171e-02-4.900377616e-02-4.979982227e-02
-5.056668445e-02-5.131072924e-02-5.203618109e-02-5.274556577e-02-5.344012380e-02
-5.412014574e-02-5.478525162e-02-5.543462560e-02-5.606717244e-02-5.668166652e-02
 1.734484977e-05 3.254509938e-04 1.007162617e-03 2.036480233e-03 3.017876064e-03
 3.575744806e-03 4.089021590e-03 4.576606676e-03 5.005023908e-03 5.255228840e-03
 5.271603819e-03 5.132859573e-03 4.950870760e-03 4.735813476e-03 4.483431578e-03
 4.193854053e-03 3.846846521e-03 3.456122009e-03 2.994879149e-03 2.470027888e-03
 1.844450133e-03 1.171005424e-03 4.672762589e-04-4.521247174e-04-1.467586146e-03
-2.629409544e-03-3.999782726e-03-5.475928076e-03-7.033254951e-03-8.683515713e-03
-1.043315325e-02-1.228606235e-02-1.424428634e-02-1.630813442e-02-1.847594976e-02
-2.074359171e-02-2.310354635e-02-2.554368414e-02-2.804564126e-02-3.058305383e-02
-3.312017024e-02-3.561185673e-02-3.800621256e-02-4.025047645e-02-4.229909182e-02
-4.412150010e-02-4.570716247e-02-4.706644267e-02-4.822704941e-02-4.922699928e-02
-5.010655895e-02-5.090203509e-02-5.164258182e-02-5.234961957e-02-5.303769931e-02
-5.371590704e-02-5.438924953e-02-5.505983904e-02-5.572779849e-02-5.639195442e-02
-5.705033988e-02-5.770053342e-02-5.833992362e-02-5.896587297e-02-5.957584456e-02
 2.259915345e-05 4.239833797e-04 1.310319174e-03 2.634059172e-03 3.960377537e-03
 4.824669566e-03 5.532074720e-03 6.079023704e-03 6.471886300e-03 6.639842410e-03
 6.563307252e-03 6.339484360e-03 6.088507827e-03 5.819666199e-03 5.525404587e-03
 5.196793936e-03 4.825104028e-03 4.403359722e-03 3.921960946e-03 3.339069430e-03
 2.673789626e-03 1.935104257e-03 1.108986558e-03 1.679779816e-04-9.031994850e-04
-2.115185140e-03-3.472434822e-03-4.965028260e-03-6.581822876e-03-8.322454058e-03
-1.019024570e-02-1.218936592e-02-1.432387345e-02-1.659733988e-02-1.901256293e-02
-2.157103457e-02-2.427188493e-02-2.710994706e-02-3.007249348e-02-3.313412145e-02
-3.624954820e-02-3.934598342e-02-4.232138395e-02-4.505850002e-02-4.745338485e-02
-4.944019020e-02-5.100337788e-02-5.218067765e-02-5.305442959e-02-5.372590572e-02
-5.428528413e-02-5.479716882e-02-5.530147627e-02-5.581996590e-02-5.636253580e-02
-5.693181232e-02-5.752617121e-02-5.814162269e-02-5.877297744e-02-5.941458791e-02
-6.006075069e-02-6.070599332e-02-6.134520844e-02-6.197375804e-02-6.258748472e-02
 3.009724242e-05 5.680276081e-04 1.779747196e-03 3.656157525e-03 5.773135461e-03
 7.395101245e-03 8.220141754e-03 8.342200890e-03 8.236172609e-03 8.045410737e-03
 7.787000854e-03 7.495019585e-03 7.207920309e-03 6.922679488e-03 6.621224806e-03
 6.289163139e-03 5.912484601e-03 5.477300379e-03 4.966831300e-03 4.337530583e-03
 3.595965216e-03 2.877034713e-03 2.038004575e-03 1.074165804e-03-1.889010491e-05
-1.264023478e-03-2.654634416e-03-4.186853301e-03-5.862649065e-03-7.685420569e-03
-9.661710821e-03-1.179876458e-02-1.410339121e-02-1.658300869e-02-1.924651861e-02
-2.210481092e-02-2.517076582e-02-2.845836617e-02-3.198031336e-02-3.574243933e-02
-3.972999007e-02-4.387291148e-02-4.796878248e-02-5.164880306e-02-5.464054272e-02
-5.681512505e-02-5.814470351e-02-5.869925395e-02-5.876304209e-02-5.868972093e-02
-5.865861103e-02-5.873122066e-02-5.891986191e-02-5.921757966e-02-5.961037427e-02
-6.008229405e-02-6.061759591e-02-6.120165437e-02-6.182123348e-02-6.246455759e-02
-6.312125176e-02-6.378224492e-02-6.443968415e-02-6.508680433e-02-6.571786106e-02
 3.709099838e-05 7.041746867e-04 2.238341840e-03 4.725324456e-03 7.971336134e-03
 1.130842324e-02 1.177731343e-02 1.074079238e-02 9.942636825e-03 9.353159927e-03
 8.886721916e-03 8.518436924e-03 8.238125592e-03 7.991088554e-03 7.733491249e-03
 7.449605502e-03 7.124822587e-03 6.731078960e-03 6.263717543e-03 5.702568684e-03
 5.041753873e-03 4.278225824e-03 3.448176896e-03 2.473234897e-03 1.336063142e-03
-1.583029814e-07-1.455026795e-03-3.054640954e-03-4.795889836e-03-6.671307608e-03
-8.738797158e-03-1.100136060e-02-1.345871389e-02-1.612113975e-02-1.900069974e-02
-2.211709507e-02-2.550052665e-02-2.919182368e-02-3.324560449e-02-3.773767129e-02
-4.277925566e-02-4.855358973e-02-5.548063666e-02-6.103135645e-02-6.509402394e-02
-6.713373214e-02-6.875166297e-02-6.680970639e-02-6.459940225e-02-6.328244507e-02
-6.252191961e-02-6.215770170e-02-6.208763272e-02-6.223942339e-02-6.255941838e-02
-6.300652027e-02-6.354846060e-02-6.415934861e-02-6.481806934e-02-6.550722569e-02
-6.621234119e-02-6.692133099e-02-6.762411445e-02-6.831230968e-02-6.897902489e-02
 3.952013867e-05 7.509101997e-04 2.390292939e-03 5.049620289e-03 8.590183221e-03
 1.283615921e-02 1.292432938e-02 1.156496163e-02 1.070648246e-02 1.008329727e-02
 9.637319483e-03 9.324125014e-03 9.105523117e-03 8.942504413e-03 8.799928240e-03
 8.646904491e-03 8.455434814e-03 8.199639618e-03 7.856381126e-03 7.408118807e-03
 6.852059625e-03 6.177661475e-03 5.371282808e-03 4.408291541e-03 3.262658371e-03
 1.939871232e-03 4.094004980e-04-1.328806742e-03-3.089766717e-03-5.060891621e-03
-7.281807251e-03-9.684645571e-03-1.227565575e-02-1.511396468e-02-1.814050227e-02
-2.140398137e-02-2.496016584e-02-2.886281163e-02-3.318067268e-02-3.801489994e-02
-4.352269322e-02-4.994867742e-02-5.761451274e-02-6.382357329e-02-6.829938293e-02
-7.058577985e-02-7.205177844e-02-6.988391280e-02-6.724863499e-02-6.563883275e-02
-6.475656480e-02-6.437858939e-02-6.435750425e-02-6.459416449e-02-6.501895934e-02
-6.558088213e-02-6.624113023e-02-6.696936488e-02-6.774128973e-02-6.853715330e-02
-6.934078038e-02-7.013883442e-02-7.092037052e-02-7.167645544e-02-7.239990681e-02
 3.624613601e-05 6.874384126e-04 2.180469921e-03 4.595205653e-03 7.838300429e-03
 1.257699262e-02 1.204661280e-02 1.072464325e-02 1.017826796e-02 9.867248125e-03
 9.705806151e-03 9.649882093e-03 9.692138992e-03 9.777982719e-03 9.878961369e-03
 9.965783916e-03 1.000724174e-02 9.968175553e-03 9.805401787e-03 9.459099732e-03
 9.029497392e-03 8.473209105e-03 7.755182683e-03 6.846573204e-03 5.730485544e-03
 4.418888129e-03 2.911827061e-03 1.214559656e-03-6.662846426e-04-2.757520881e-03
-5.070948508e-03-7.592685521e-03-1.037087664e-02-1.343121380e-02-1.663010567e-02
-1.985247806e-02-2.341150679e-02-2.729424648e-02-3.152418137e-02-3.614570946e-02
-4.121987522e-02-4.681865871e-02-5.296063423e-02-5.820704624e-02-6.226455420e-02
-6.491127610e-02-6.656608731e-02-6.632490456e-02-6.548293680e-02-6.503985822e-02
-6.495719403e-02-6.516560912e-02-6.560272723e-02-6.621591002e-02-6.696148962e-02
-6.780321896e-02-6.871095300e-02-6.965943426e-02-7.062745839e-02-7.159722596e-02
-7.255378366e-02-7.348471880e-02-7.437984645e-02-7.523094118e-02-7.603157312e-02
 2.932834286e-05 5.523322034e-04 1.721148379e-03 3.501135856e-03 5.429917481e-03
 6.874526851e-03 7.862213999e-03 8.398946375e-03 8.717432618e-03 8.981371298e-03
 9.258032776e-03 9.574354626e-03 9.944763966e-03 1.033153571e-02 1.071711071e-02
 1.107978541e-02 1.139469445e-02 1.163460873e-02 1.177118532e-02 1.177807245e-02
 1.163933054e-02 1.132460311e-02 1.079179067e-02 9.983282536e-03 8.814062923e-03
 7.486816030e-03 5.954027642e-03 4.216474015e-03 2.264559269e-03 8.960986452e-05
-2.309961477e-03-4.933613352e-03-7.779968902e-03-1.082784496e-02-1.402967051e-02
-1.741677895e-02-2.098377235e-02-2.474834397e-02-2.872464620e-02-3.290480748e-02
-3.725707531e-02-4.169576615e-02-4.605473951e-02-5.010169372e-02-5.363900959e-02
-5.655515939e-02-5.882446468e-02-6.051496789e-02-6.180307269e-02-6.290160865e-02
-6.395573914e-02-6.503564864e-02-6.616601348e-02-6.734820455e-02-6.857242435e-02
-6.982403249e-02-7.108683884e-02-7.234474272e-02-7.358266413e-02-7.478698343e-02
-7.594578713e-02-7.704894990e-02-7.808818668e-02-7.905697823e-02-7.995053381e-02
 2.309655792e-05 4.332817916e-04 1.338986098e-03 2.694331808e-03 4.074918106e-03
 5.046339706e-03 5.934229586e-03 6.731682457e-03 7.442527451e-03 8.099216036e-03
 8.737647906e-03 9.386528283e-03 1.006690972e-02 1.074776705e-02 1.141691394e-02
 1.205715444e-02 1.264753565e-02 1.316437311e-02 1.358215883e-02 1.387430914e-02
 1.401324850e-02 1.396774128e-02 1.370213646e-02 1.317661814e-02 1.234948449e-02
 1.118535269e-02 9.597299621e-03 7.834625430e-03 5.832114723e-03 3.560975660e-03
 1.044527511e-03-1.710078446e-03-4.700837657e-03-7.913549431e-03-1.126155443e-02
-1.463603415e-02-1.810695231e-02-2.171582170e-02-2.545909956e-02-2.931404673e-02
-3.323803842e-02-3.716621920e-02-4.101571813e-02-4.469498247e-02-4.812277108e-02
-5.124637857e-02-5.404895917e-02-5.655298010e-02-5.881195888e-02-6.089265645e-02
-6.285568327e-02-6.474485993e-02-6.658619642e-02-6.839147955e-02-7.016259432e-02
-7.189510018e-02-7.358089834e-02-7.521007955e-02-7.677219808e-02-7.825718820e-02
-7.965596765e-02-8.096083254e-02-8.216569573e-02-8.326622099e-02-8.425986767e-02
 1.938484456e-05 3.640589130e-04 1.128699048e-03 2.289574593e-03 3.451425582e-03
 4.247410223e-03 5.052047782e-03 5.878486205e-03 6.712346803e-03 7.553698495e-03
 8.411235176e-03 9.296703152e-03 1.022228692e-02 1.115263440e-02 1.207364723e-02
 1.296760049e-02 1.381369308e-02 1.458864007e-02 1.526721660e-02 1.582263969e-02
 1.622667536e-02 1.644943282e-02 1.645934209e-02 1.622345671e-02 1.570825092e-02
 1.488073822e-02 1.370867062e-02 1.217420772e-02 1.021540351e-02 7.723763585e-03
 5.039704498e-03 2.134452807e-03-1.023427700e-03-4.467450548e-03-8.125315420e-03
-1.165674906e-02-1.502485387e-02-1.850039884e-02-2.210709453e-02-2.581159957e-02
-2.957554534e-02-3.335322440e-02-3.709484264e-02-4.075098783e-02-4.427879304e-02
-4.764574394e-02-5.083683506e-02-5.385909230e-02-5.674046278e-02-5.951339379e-02
-6.219201535e-02-6.478211284e-02-6.728763133e-02-6.970971823e-02-7.204612345e-02
-7.429153472e-02-7.643838227e-02-7.847777754e-02-8.040042967e-02-8.219747245e-02
-8.386114985e-02-8.538528532e-02-8.676568419e-02-8.800026774e-02-8.908913285e-02
 1.754480581e-05 3.301094112e-04 1.027829130e-03 2.096040873e-03 3.168365918e-03
 3.888403298e-03 4.654088989e-03 5.489431322e-03 6.379862316e-03 7.322156336e-03
 8.317380212e-03 9.368451312e-03 1.048033964e-02 1.161198970e-02 1.274542045e-02
 1.386022940e-02 1.493379846e-02 1.594165154e-02 1.685782149e-02 1.765516773e-02
 1.830558293e-02 1.878006943e-02 1.904877834e-02 1.908099279e-02 1.884500124e-02
 1.830768026e-02 1.743339375e-02 1.618176885e-02 1.450024731e-02 1.232211385e-02
 9.570163675e-03 6.614086684e-03 3.392849118e-03-7.463288057e-05-3.775978694e-03
-7.670409046e-03-1.181576867e-02-1.513791550e-02-1.872741058e-02-2.244856209e-02
-2.624568902e-02-3.008081391e-02-3.391829133e-02-3.772450984e-02-4.146879911e-02
-4.512410611e-02-4.866569117e-02-5.206019059e-02-5.531914160e-02-5.876439437e-02
-6.212095916e-02-6.538025290e-02-6.853368133e-02-7.157281786e-02-7.448847592e-02
-7.727028430e-02-7.990682870e-02-8.238619566e-02-8.469676226e-02-8.682806045e-02
-8.877158165e-02-9.052140266e-02-9.207458794e-02-9.343137592e-02-9.459511191e-02
 1.673830411e-05 3.153262660e-04 9.845364839e-04 2.017900115e-03 3.054145025e-03
 3.748541465e-03 4.510256462e-03 5.364609882e-03 6.294021849e-03 7.309622597e-03
 8.407455869e-03 9.586204775e-03 1.084529422e-02 1.214095857e-02 1.345251780e-02
 1.475698967e-02 1.602957211e-02 1.724408194e-02 1.837335527e-02 1.938955486e-02
 2.026439272e-02 2.096923999e-02 2.147512138e-02 2.175261825e-02 2.177163213e-02
 2.150098793e-02 2.090784162e-02 1.995690539e-02 1.860975847e-02 1.682584547e-02
 1.456634514e-02 1.180253737e-02 8.424002677e-03 4.862858914e-03 1.066534431e-03
-2.915906487e-03-7.040111814e-03-1.130405907e-02-1.524437871e-02-1.917884313e-02
-2.316065319e-02-2.719602361e-02-3.126296028e-02-3.533725813e-02-3.939574212e-02
-4.341709614e-02-4.738169536e-02-5.127246678e-02-5.508041382e-02-5.879695714e-02
-6.274053454e-02-6.668948382e-02-7.051180303e-02-7.419180125e-02-7.771644741e-02
-8.106944710e-02-8.423265815e-02-8.718737215e-02-8.991581202e-02-9.240256995e-02
-9.463582933e-02-9.660830349e-02-9.831783175e-02-9.976744652e-02-1.009650975e-01
 1.646299643e-05 3.103595518e-04 9.705559933e-04 1.993362326e-03 3.025351092e-03
 3.722881898e-03 4.497874528e-03 5.369031802e-03 6.348219700e-03 7.433890831e-03
 8.624744602e-03 9.921154007e-03 1.129669137e-02 1.272814721e-02 1.419101655e-02
 1.565938815e-02 1.710614376e-02 1.850331016e-02 1.982241124e-02 2.103477716e-02
 2.211174741e-02 2.302476577e-02 2.374537103e-02 2.424507961e-02 2.449520305e-02
 2.446657605e-02 2.412925474e-02 2.345218323e-02 2.240292914e-02 2.094760910e-02
 1.905088872e-02 1.667554118e-02 1.378015708e-02 1.033753250e-02 6.236170419e-03
 2.003255300e-03-2.357618650e-03-6.838101428e-03-1.141220238e-02-1.594308950e-02
-2.026843838e-02-2.459100261e-02-2.898710780e-02-3.341902420e-02-3.786880895e-02
-4.232561588e-02-4.677935317e-02-5.121947080e-02-5.563491210e-02-6.001142412e-02
-6.432438642e-02-6.887184829e-02-7.338652760e-02-7.774813473e-02-8.193477243e-02
-8.591970801e-02-8.967197686e-02-9.315969050e-02-9.635279328e-02-9.922566265e-02
-1.017593145e-01-1.039430872e-01-1.057754755e-01-1.072640345e-01-1.084245220e-01
 1.645388147e-05 3.103021299e-04 9.711664752e-04 1.996063860e-03 3.035168163e-03
 3.744761692e-03 4.534372594e-03 5.445543211e-03 6.478897762e-03 7.633286063e-03
 8.908119984e-03 1.030363608e-02 1.179018151e-02 1.334506739e-02 1.494304836e-02
 1.655696519e-02 1.815834455e-02 1.971796900e-02 2.120636031e-02 2.259414271e-02
 2.385228500e-02 2.495217696e-02 2.586562000e-02 2.656468563e-02 2.702154033e-02
 2.720819414e-02 2.709623612e-02 2.665650472e-02 2.585867979e-02 2.467066795e-02
 2.305764519e-02 2.098047175e-02 1.839331537e-02 1.524083130e-02 1.145099290e-02
 6.947067566e-03 2.303686459e-03-2.471143845e-03-7.362151984e-03-1.232940424e-02
-1.729020849e-02-2.219864354e-02-2.703860588e-02-3.186662868e-02-3.673641011e-02
-4.166185856e-02-4.664079100e-02-5.166501552e-02-5.672270432e-02-6.179995462e-02
-6.689248234e-02-7.205183059e-02-7.725617290e-02-8.236907423e-02-8.731819689e-02
-9.204924852e-02-9.650647640e-02-1.006334275e-01-1.043768823e-01-1.076914966e-01
-1.105443537e-01-1.129182652e-01-1.148134172e-01-1.162467152e-01-1.172492653e-01
 1.657612847e-05 3.126605297e-04 9.789292235e-04 2.017243765e-03 3.067029174e-03
 3.799199127e-03 4.615513608e-03 5.568492226e-03 6.655991543e-03 7.876766846e-03
 9.230407886e-03 1.071716473e-02 1.230590418e-02 1.397336461e-02 1.569353789e-02
 1.743833907e-02 1.917833090e-02 2.088339627e-02 2.252331376e-02 2.406817861e-02
 2.548864484e-02 2.675601654e-02 2.784218267e-02 2.871947363e-02 2.936042845e-02
 2.973755449e-02 2.982302755e-02 2.958838269e-02 2.900406346e-02 2.803880908e-02
 2.665868588e-02 2.482561767e-02 2.249533497e-02 1.961481757e-02 1.611976326e-02
 1.193481591e-02 6.978133693e-03 1.857921830e-03-3.425838891e-03-8.886026219e-03
-1.459250040e-02-2.077351883e-02-2.543099783e-02-3.054290824e-02-3.581663594e-02
-4.122567177e-02-4.676177725e-02-5.241487548e-02-5.817215890e-02-6.401741505e-02
-6.993293762e-02-7.594303042e-02-8.203957230e-02-8.808565885e-02-9.399659187e-02
-9.968852997e-02-1.050680429e-01-1.100359187e-01-1.144949198e-01-1.183601618e-01
-1.215701103e-01-1.240951866e-01-1.259414405e-01-1.271481961e-01-1.277805418e-01
 1.676865577e-05 3.163088986e-04 9.904375765e-04 2.036967315e-03 3.106035758e-03
 3.860662458e-03 4.717004485e-03 5.716350395e-03 6.858868990e-03 8.144655265e-03
 9.573658928e-03 1.114548184e-02 1.282838546e-02 1.459878962e-02 1.643004641e-02
 1.829329878e-02 2.015831880e-02 2.199429087e-02 2.377043478e-02 2.545645274e-02
 2.702277713e-02 2.844062634e-02 2.968190983e-02 3.071903437e-02 3.152463958e-02
 3.207132593e-02 3.233136609e-02 3.227641433e-02 3.187715262e-02 3.110280819e-02
 2.992042340e-02 2.829372883e-02 2.618151158e-02 2.353539877e-02 2.029724792e-02
 1.639689691e-02 1.175197959e-02 6.274353713e-03 6.123692729e-04-5.231977440e-03
-1.127505396e-02-1.760773920e-02-2.392847463e-02-2.913137339e-02-3.483259305e-02
-4.075966403e-02-4.689501971e-02-5.322907865e-02-5.975074321e-02-6.644537300e-02
-7.328858972e-02-8.031910658e-02-8.756542951e-02-9.483318776e-02-1.020378843e-01
-1.090650484e-01-1.157661676e-01-1.219650507e-01-1.274729669e-01-1.321147680e-01
-1.357608438e-01-1.383541077e-01-1.399211586e-01-1.405626088e-01-1.404276341e-01
 1.700630128e-05 3.208279086e-04 1.004857477e-03 2.068908187e-03 3.161702538e-03
 3.947011661e-03 4.836317152e-03 5.878654309e-03 7.074645720e-03 8.424571715e-03
 9.929486550e-03 1.157699712e-02 1.334536821e-02 1.520963758e-02 1.714208536e-02
 1.911295950e-02 2.109128237e-02 2.304564789e-02 2.494484559e-02 2.675830945e-02
 2.845634334e-02 3.001012839e-02 3.139159083e-02 3.257315233e-02 3.352741525e-02
 3.422688320e-02 3.464366868e-02 3.474923596e-02 3.451415524e-02 3.390776739e-02
 3.289769217e-02 3.144898266e-02 2.952284180e-02 2.707465552e-02 2.405141480e-02
 2.038896270e-02 1.601063274e-02 1.083176397e-02 4.781006835e-03-1.385173295e-03
-7.718400098e-03-1.425429434e-02-2.113484219e-02-2.742842212e-02-3.348993510e-02
-3.997285664e-02-4.675712809e-02-5.382126570e-02-6.116327271e-02-6.878821552e-02
-7.671013474e-02-8.496147394e-02-9.353840351e-02-1.023609415e-01-1.113283411e-01
-1.202987507e-01-1.290539503e-01-1.372795850e-01-1.445758641e-01-1.505216658e-01
-1.547860652e-01-1.572345197e-01-1.579712033e-01-1.572947651e-01-1.555918008e-01
 1.725753646e-05 3.255778283e-04 1.019779593e-03 2.099816920e-03 3.213219345e-03
 4.026087001e-03 4.953994416e-03 6.041022483e-03 7.288927678e-03 8.698752150e-03
 1.027169824e-02 1.199356932e-02 1.384292729e-02 1.579453796e-02 1.782017201e-02
 1.988950744e-02 2.197105810e-02 2.403300814e-02 2.604388446e-02 2.797299810e-02
 2.979062684e-02 3.146800771e-02 3.297712654e-02 3.429042175e-02 3.538044170e-02
 3.621952236e-02 3.677949682e-02 3.703148291e-02 3.694571555e-02 3.649134189e-02
 3.563610837e-02 3.434573486e-02 3.258276358e-02 3.030454740e-02 2.745998092e-02
 2.398450486e-02 1.979297027e-02 1.477020141e-02 8.759980090e-03 2.492413856e-03
-3.997438122e-03-1.068255585e-02-1.751382649e-02-2.441238798e-02-3.140670434e-02
-3.861071169e-02-4.609268159e-02-5.389162898e-02-6.204186752e-02-7.057862729e-02
-7.952378690e-02-8.897575736e-02-9.919504076e-02-1.099041030e-01-1.211698651e-01
-1.329461187e-01-1.450534612e-01-1.570510566e-01-1.680616587e-01-1.768146753e-01
-1.822100580e-01-1.838410497e-01-1.821320355e-01-1.781940758e-01-1.732182205e-01
 1.751017953e-05 3.303487028e-04 1.034733374e-03 2.129164757e-03 3.264467232e-03
 4.106007982e-03 5.069626961e-03 6.198974792e-03 7.495818660e-03 8.961621672e-03
 1.059783436e-02 1.238920353e-02 1.431390736e-02 1.634626277e-02 1.845755056e-02
 2.061698958e-02 2.279270440e-02 2.495262027e-02 2.706513554e-02 2.909955941e-02
 3.102627024e-02 3.281664103e-02 3.444279730e-02 3.587725386e-02 3.709253296e-02
 3.806080669e-02 3.875362501e-02 3.914172947e-02 3.919496387e-02 3.888221830e-02
 3.817131743e-02 3.702874482e-02 3.541891649e-02 3.330281004e-02 3.063564375e-02
 2.736334316e-02 2.341814898e-02 1.871480234e-02 1.315209828e-02 6.632617675e-03
-1.055434768e-04-7.035557646e-03-1.414846163e-02-2.144910768e-02-2.896042913e-02
-3.672189638e-02-4.478196055e-02-5.319316313e-02-6.201364100e-02-7.131288201e-02
-8.118916303e-02-9.181044251e-02-1.033341661e-01-1.158528849e-01-1.295477152e-01
-1.446879655e-01-1.616183966e-01-1.807389408e-01-2.022458762e-01-2.190502435e-01
-2.277184576e-01-2.264007926e-01-2.152042240e-01-2.020247728e-01-1.908593029e-01
 1.775826604e-05 3.350476618e-04 1.049601240e-03 2.164279576e-03 3.321032971e-03
 4.197744187e-03 5.184296053e-03 6.350365002e-03 7.691849954e-03 9.209261276e-03
 1.090387907e-02 1.275932975e-02 1.475332212e-02 1.685968973e-02 1.904924959e-02
 2.129081264e-02 2.355221845e-02 2.580122650e-02 2.800622210e-02 3.013661876e-02
 3.216298670e-02 3.405693546e-02 3.579080105e-02 3.733724728e-02 3.866882995e-02
 3.975761309e-02 4.057490453e-02 4.109108075e-02 4.127557576e-02 4.109695181e-02
 4.052299261e-02 3.952069953e-02 3.805599734e-02 3.609291837e-02 3.359194472e-02
 3.050725162e-02 2.678283677e-02 2.234819531e-02 1.711595245e-02 1.098770648e-02
 3.882599995e-03-3.344713710e-03-1.074424107e-02-1.834953390e-02-2.619244717e-02
-3.430935740e-02-4.274383187e-02-5.154818669e-02-6.078538299e-02-7.053191960e-02
-8.088394254e-02-9.209635109e-02-1.044532433e-01-1.179911718e-01-1.330593675e-01
-1.502015442e-01-1.702709049e-01-1.946515143e-01-2.253626287e-01-2.491265684e-01
-2.618195713e-01-2.576010227e-01-2.368993759e-01-2.159721106e-01-2.004158497e-01
 1.798907397e-05 3.393936204e-04 1.063103438e-03 2.187857404e-03 3.364832606e-03
 4.257647321e-03 5.284833722e-03 6.489297375e-03 7.873130031e-03 9.438206442e-03
 1.118631940e-02 1.310022548e-02 1.515725255e-02 1.733080298e-02 1.959128492e-02
 2.190717496e-02 2.424609661e-02 2.657574043e-02 2.886455692e-02 3.108215146e-02
 3.319936618e-02 3.518811986e-02 3.702103347e-02 3.867099062e-02 4.011064395e-02
 4.131202772e-02 4.224624112e-02 4.288334027e-02 4.319234192e-02 4.314138740e-02
 4.269798845e-02 4.182922468e-02 4.050172493e-02 3.868116438e-02 3.633088991e-02
 3.340917453e-02 2.986457944e-02 2.562889270e-02 2.060746029e-02 1.466780249e-02
 7.630264852e-03 3.164603550e-04-7.232427597e-03-1.501307264e-02-2.304011956e-02
-3.133911639e-02-3.994455561e-02-4.890007153e-02-5.825975910e-02-6.809035689e-02
-7.847806811e-02-8.965180069e-02-1.018472761e-01-1.150630191e-01-1.295380741e-01
-1.456248164e-01-1.638178825e-01-1.848581582e-01-2.102761865e-01-2.298208922e-01
-2.428815961e-01-2.395981848e-01-2.233057320e-01-2.076034248e-01-1.952954829e-01
 1.820628859e-05 3.435110848e-04 1.076145447e-03 2.216037828e-03 3.414318897e-03
 4.330583848e-03 5.383019336e-03 6.618143525e-03 8.038780652e-03 9.646366350e-03
 1.144249085e-02 1.340888813e-02 1.552247349e-02 1.775624231e-02 2.008024231e-02
 2.246268466e-02 2.487104572e-02 2.727301046e-02 2.963716909e-02 3.193337843e-02
 3.413280845e-02 3.620774671e-02 3.813115880e-02 3.987620398e-02 4.141570255e-02
 4.272171110e-02 4.376520962e-02 4.451598227e-02 4.494265467e-02 4.501294345e-02
 4.469398782e-02 4.395273700e-02 4.275617748e-02 4.107120261e-02 3.886372596e-02
 3.609663621e-02 3.272610158e-02 2.869607694e-02 2.393162251e-02 1.833420247e-02
 1.178834587e-02 4.204486031e-03-3.514651442e-03-1.141566690e-02-1.952728815e-02
-2.787403762e-02-3.648183122e-02-4.538055137e-02-5.460578203e-02-6.420225650e-02
-7.423932850e-02-8.485174179e-02-9.613307565e-02-1.080528721e-01-1.206136495e-01
-1.338027120e-01-1.474921405e-01-1.612689495e-01-1.741383374e-01-1.844501644e-01
-1.907651126e-01-1.925781369e-01-1.904312372e-01-1.858225465e-01-1.802840531e-01
 1.839625111e-05 3.470994125e-04 1.087403507e-03 2.240258735e-03 3.454154823e-03
 4.391249269e-03 5.467735231e-03 6.731607486e-03 8.185664192e-03 9.831346571e-03
 1.166995242e-02 1.368271001e-02 1.584618911e-02 1.813304797e-02 2.051303536e-02
 2.295416035e-02 2.542380989e-02 2.788972296e-02 3.032066859e-02 3.268679604e-02
 3.495965153e-02 3.711190447e-02 3.911691159e-02 4.094814882e-02 4.257865623e-02
 4.398058727e-02 4.512486979e-02 4.598109052e-02 4.651758075e-02 4.670166597e-02
 4.650013521e-02 4.587972537e-02 4.480759054e-02 4.325146973e-02 4.117920250e-02
 3.855718672e-02 3.534707800e-02 3.150019422e-02 2.694908343e-02 2.159641497e-02
 1.530261151e-02 7.877245545e-03 1.868187101e-04-7.714936510e-03-1.581178978e-02
-2.410332672e-02-3.259640932e-02-4.130142927e-02-5.022970960e-02-5.938794091e-02
-6.874527782e-02-7.841933519e-02-8.879444748e-02-9.926306456e-02-1.098604351e-01
-1.204643846e-01-1.308501959e-01-1.406698972e-01-1.494559050e-01-1.566960067e-01
-1.619803905e-01-1.651446968e-01-1.663262546e-01-1.659039110e-01-1.643528938e-01
 1.855669689e-05 3.501148312e-04 1.096722553e-03 2.256918699e-03 3.483345266e-03
 4.436480347e-03 5.537318531e-03 6.828386802e-03 8.312284946e-03 9.991315193e-03
 1.186667196e-02 1.391944010e-02 1.612593979e-02 1.845855638e-02 2.088681050e-02
 2.337856032e-02 2.590115368e-02 2.842242084e-02 3.091133572e-02 3.333835676e-02
 3.567539901e-02 3.789554536e-02 3.997254372e-02 4.188020527e-02 4.359183088e-02
 4.507971555e-02 4.631480575e-02 4.726659134e-02 4.790318385e-02 4.819163308e-02
 4.809844121e-02 4.759018868e-02 4.663417116e-02 4.519886896e-02 4.325392097e-02
 4.076919332e-02 3.771238774e-02 3.404469788e-02 2.971428074e-02 2.464843541e-02
 1.874808781e-02 1.189517882e-02 4.000713583e-03-3.972173203e-03-1.205669064e-02
-2.026457340e-02-2.859940194e-02-3.706096485e-02-4.564639553e-02-5.435236543e-02
-6.318937242e-02-7.220705599e-02-8.139429241e-02-9.061527997e-02-9.973850846e-02
-1.086304262e-01-1.171261594e-01-1.250264645e-01-1.321129352e-01-1.381791979e-01
-1.430712640e-01-1.467223316e-01-1.491669714e-01-1.505284756e-01-1.509856433e-01
 1.869572588e-05 3.527607769e-04 1.105209813e-03 2.278494881e-03 3.518979764e-03
 4.496787675e-03 5.603211001e-03 6.911785807e-03 8.418865502e-03 1.012519840e-02
 1.203106623e-02 1.411717851e-02 1.635956764e-02 1.873037592e-02 2.119893953e-02
 2.373300679e-02 2.629992925e-02 2.886763401e-02 3.140530735e-02 3.388370946e-02
 3.627511114e-02 3.855298087e-02 4.069143534e-02 4.266463220e-02 4.444612935e-02
 4.600838944e-02 4.732243344e-02 4.835771769e-02 4.908222333e-02 4.946281388e-02
 4.946579784e-02 4.905762896e-02 4.820569977e-02 4.687904567e-02 4.504863545e-02
 4.268691316e-02 3.976596519e-02 3.625361249e-02 3.210688755e-02 2.726245299e-02
 2.162446082e-02 1.505212951e-02 7.353689056e-03-5.403552786e-04-8.555607870e-03
-1.665801369e-02-2.482895926e-02-3.305414319e-02-4.131779447e-02-4.959712178e-02
-5.784919858e-02-6.618093699e-02-7.471657544e-02-8.308810741e-02-9.123608470e-02
-9.907606244e-02-1.065040305e-01-1.134063378e-01-1.196699142e-01-1.251951456e-01
-1.299095154e-01-1.337783635e-01-1.368093938e-01-1.390497237e-01-1.405763924e-01
 1.879988122e-05 3.547112283e-04 1.111166202e-03 2.287279116e-03 3.534393385e-03
 4.514319357e-03 5.646763835e-03 6.975186057e-03 8.502553217e-03 1.023119781e-02
 1.216152776e-02 1.427422371e-02 1.654518396e-02 1.894639432e-02 2.144706063e-02
 2.401487157e-02 2.661718801e-02 2.922204882e-02 3.179883212e-02 3.431855887e-02
 3.675381839e-02 3.907841444e-02 4.126679525e-02 4.329341277e-02 4.513207078e-02
 4.675539583e-02 4.813450575e-02 4.923885316e-02 5.003635213e-02 5.049374700e-02
 5.057719350e-02 5.025305226e-02 4.948875681e-02 4.825371504e-02 4.651987180e-02
 4.426167905e-02 4.145487398e-02 3.807349876e-02 3.408462927e-02 2.944092266e-02
 2.407229692e-02 1.788151078e-02 1.075631939e-02 2.629857976e-03-5.451537203e-03
-1.351611409e-02-2.157085389e-02-2.961070091e-02-3.762233257e-02-4.558605328e-02
-5.348516256e-02-6.139312312e-02-6.933356076e-02-7.710929960e-02-8.463208377e-02
-9.183500707e-02-9.864860028e-02-1.050028279e-01-1.108318642e-01-1.160796583e-01
-1.207053587e-01-1.246874109e-01-1.280254275e-01-1.307393610e-01-1.328664124e-01
 1.887817416e-05 3.561943886e-04 1.115859021e-03 2.297386760e-03 3.551535076e-03
 4.540579394e-03 5.682696588e-03 7.022803649e-03 8.564129472e-03 1.030886173e-02
 1.225706935e-02 1.438928023e-02 1.668124832e-02 1.910483837e-02 2.162916400e-02
 2.422187291e-02 2.685035020e-02 2.948272787e-02 3.208854049e-02 3.463901207e-02
 3.710698709e-02 3.946653008e-02 4.169235006e-02 4.375912994e-02 4.564086348e-02
 4.731032625e-02 4.873870313e-02 4.989545792e-02 5.074845999e-02 5.126435310e-02
 5.140916631e-02 5.114912987e-02 5.045163631e-02 4.928618297e-02 4.762515426e-02
 4.544400051e-02 4.272034764e-02 3.943133354e-02 3.554863110e-02 3.103072569e-02
 2.581301145e-02 1.979790814e-02 1.285137236e-02 4.821656272e-03-3.184854751e-03
-1.116288919e-02-1.910440065e-02-2.699691243e-02-3.482328355e-02-4.256333038e-02
-5.020714924e-02-5.781636015e-02-6.540104747e-02-7.280658931e-02-7.995008677e-02
-8.677814156e-02-9.324092418e-02-9.929069132e-02-1.048839390e-01-1.099841520e-01
-1.145643666e-01-1.186090857e-01-1.221152171e-01-1.250918806e-01-1.275592446e-01
 1.892666114e-05 3.571205016e-04 1.118865213e-03 2.305905335e-03 3.564386629e-03
 4.563419148e-03 5.706974305e-03 7.052865345e-03 8.602550253e-03 1.035729796e-02
 1.231675409e-02 1.446128543e-02 1.676654257e-02 1.920430921e-02 2.174364775e-02
 2.435218729e-02 2.699733712e-02 2.964728884e-02 3.227168322e-02 3.484189138e-02
 3.733091056e-02 3.971298039e-02 4.196298122e-02 4.405573756e-02 4.596537352e-02
 4.766473919e-02 4.912506416e-02 5.031580478e-02 5.120477825e-02 5.175853521e-02
 5.194298923e-02 5.172422156e-02 5.106948689e-02 4.994819686e-02 4.833278060e-02
 4.619896039e-02 4.352499917e-02 4.028917104e-02 3.646483645e-02 3.201255575e-02
 2.686956339e-02 2.093852311e-02 1.408154052e-02 6.135982461e-03-1.797194476e-03
-9.702223353e-03-1.756286994e-02-2.536083572e-02-3.307414055e-02-4.067302868e-02
-4.809719697e-02-5.545613915e-02-6.298359483e-02-7.020851970e-02-7.715012878e-02
-8.377948403e-02-9.005944431e-02-9.595327079e-02-1.014276147e-01-1.064545363e-01
-1.110130847e-01-1.150904596e-01-1.186826155e-01-1.217942536e-01-1.244382560e-01
 1.893819899e-05 3.573182330e-04 1.119306078e-03 2.303470857e-03 3.560788697e-03
 4.557734355e-03 5.710011348e-03 7.062031887e-03 8.616429754e-03 1.037569810e-02
 1.233988535e-02 1.448949892e-02 1.680022106e-02 1.924383268e-02 2.178939804e-02
 2.440454252e-02 2.705669031e-02 2.971406840e-02 3.234636411e-02 3.492500260e-02
 3.742305189e-02 3.981481493e-02 4.207523540e-02 4.417919368e-02 4.610085115e-02
 4.781306908e-02 4.928706586e-02 5.049227178e-02 5.139643699e-02 5.196603015e-02
 5.216684565e-02 5.196483806e-02 5.132712051e-02 5.022297427e-02 4.862472415e-02
 4.650806263e-02 4.385135695e-02 4.063317552e-02 3.682738915e-02 3.239526972e-02
 2.727490477e-02 2.136963792e-02 1.454158965e-02 6.626205519e-03-1.280382276e-03
-9.160392918e-03-1.699579135e-02-2.476734668e-02-3.245430812e-02-4.003680870e-02
-4.750966281e-02-5.490373075e-02-6.220895424e-02-6.933011115e-02-7.619435340e-02
-8.275576681e-02-8.897607774e-02-9.482043982e-02-1.002578959e-01-1.052626520e-01
-1.098152772e-01-1.139036193e-01-1.175232977e-01-1.206777319e-01-1.233777180e-01
 1.892544242e-05 3.570913977e-04 1.118736691e-03 2.305489965e-03 3.563211299e-03
 4.561882466e-03 5.707681645e-03 7.055714726e-03 8.607507683e-03 1.036450174e-02
 1.232640725e-02 1.447363757e-02 1.678186841e-02 1.922289841e-02 2.176581137e-02
 2.437824942e-02 2.702764049e-02 2.968220785e-02 3.231162205e-02 3.488728032e-02
 3.738221526e-02 3.977069631e-02 4.202761501e-02 4.412781075e-02 4.604538530e-02
 4.775315151e-02 4.922226816e-02 5.042209849e-02 5.132032186e-02 5.188333243e-02
 5.207682401e-02 5.186666548e-02 5.121985078e-02 5.010553822e-02 4.849591851e-02
 4.636653885e-02 4.369558394e-02 4.046140984e-02 3.663763031e-02 3.218524531e-02
 2.704207040e-02 2.111129463e-02 1.425516978e-02 6.310078315e-03-1.625639503e-03
-9.536683559e-03-1.740752347e-02-2.522101812e-02-3.295727074e-02-4.059108347e-02
-4.807712510e-02-5.547853932e-02-6.293545663e-02-7.012787461e-02-7.705123723e-02
-8.366991580e-02-8.994399756e-02-9.583515674e-02-1.013090685e-01-1.063371152e-01
-1.108978540e-01-1.149781421e-01-1.185736731e-01-1.216889620e-01-1.243367568e-01
 1.887991675e-05 3.562234342e-04 1.115944819e-03 2.297560452e-03 3.551938105e-03
 4.541945178e-03 5.686309654e-03 7.029479370e-03 8.574413136e-03 1.032328885e-02
 1.227617171e-02 1.441361476e-02 1.671139896e-02 1.914140768e-02 2.167278528e-02
 2.427320927e-02 2.691010758e-02 2.955166250e-02 3.216746449e-02 3.472881019e-02
 3.720860556e-02 3.958096728e-02 4.182064906e-02 4.390234128e-02 4.580001906e-02
 4.748637974e-02 4.893247411e-02 5.010757968e-02 5.097930506e-02 5.151396617e-02
 5.167719349e-02 5.143476650e-02 5.075357109e-02 4.960260168e-02 4.795377329e-02
 4.578218982e-02 4.306532815e-02 3.978049755e-02 3.589991108e-02 3.138296679e-02
 2.616622485e-02 2.015315369e-02 1.320985332e-02 5.182196852e-03-2.827872988e-03
-1.081558689e-02-1.877362840e-02-2.669054456e-02-3.455043957e-02-4.233389720e-02
-5.002630502e-02-5.765714496e-02-6.521997601e-02-7.259921730e-02-7.972367108e-02
-8.654003590e-02-9.299703687e-02-9.904548526e-02-1.046406776e-01-1.097451448e-01
-1.143312156e-01-1.183828264e-01-1.218964905e-01-1.248810291e-01-1.273563802e-01
 1.880595300e-05 3.548226668e-04 1.111526974e-03 2.288083080e-03 3.536020173e-03
 4.517646972e-03 5.653080996e-03 6.985583808e-03 8.517920040e-03 1.025239937e-02
 1.218940318e-02 1.430964377e-02 1.658904925e-02 1.899964176e-02 2.151066437e-02
 2.408985421e-02 2.670463547e-02 2.932312526e-02 3.191479295e-02 3.445075452e-02
 3.690370172e-02 3.924752772e-02 4.145674407e-02 4.350582510e-02 4.536854848e-02
 4.701744765e-02 4.842345417e-02 4.955574870e-02 5.038188025e-02 5.086811632e-02
 5.098003522e-02 5.068332329e-02 4.994469136e-02 4.873279110e-02 4.701888189e-02
 4.477690160e-02 4.198239371e-02 3.860966116e-02 3.462661430e-02 2.998731658e-02
 2.462343313e-02 1.843918301e-02 1.132204942e-02 3.200188046e-03-4.884313792e-03
-1.295981091e-02-2.103368752e-02-2.910164930e-02-3.715150803e-02-4.516473413e-02
-5.312232301e-02-6.106062233e-02-6.898014992e-02-7.673466951e-02-8.424498886e-02
-9.144307673e-02-9.825770557e-02-1.046173126e-01-1.104547754e-01-1.157130599e-01
-1.203505769e-01-1.243452057e-01-1.276961416e-01-1.304230690e-01-1.325629354e-01
 1.870548658e-05 3.529380192e-04 1.105752075e-03 2.279526787e-03 3.520231228e-03
 4.498548340e-03 5.610931199e-03 6.925115827e-03 8.438518271e-03 1.015218068e-02
 1.206646115e-02 1.416214462e-02 1.641532592e-02 1.879820041e-02 2.128016762e-02
 2.382904850e-02 2.641227841e-02 2.899789624e-02 3.155521303e-02 3.405511379e-02
 3.647001460e-02 3.877350688e-02 4.093980789e-02 4.294311255e-02 4.475696012e-02
 4.635371640e-02 4.770419002e-02 4.877750576e-02 4.954119399e-02 4.996152967e-02
 5.000409111e-02 4.963449761e-02 4.881921038e-02 4.752630368e-02 4.572588205e-02
 4.338973016e-02 4.048967361e-02 3.699386492e-02 3.286036476e-02 2.802758291e-02
 2.240181342e-02 1.584382728e-02 8.160375059e-03 2.720712509e-04-7.746226620e-03
-1.585991867e-02-2.405012026e-02-3.230286762e-02-4.060379788e-02-4.893375933e-02
-5.725938454e-02-6.564090401e-02-7.414319366e-02-8.250435442e-02-9.065534920e-02
-9.850579500e-02-1.059487090e-01-1.128686443e-01-1.191513836e-01-1.246965304e-01
-1.294310242e-01-1.333198249e-01-1.363703758e-01-1.386296302e-01-1.401745230e-01
 1.857056850e-05 3.503723710e-04 1.097554807e-03 2.258742694e-03 3.486810019e-03
 4.442677367e-03 5.547700915e-03 6.844393443e-03 8.335262537e-03 1.002263837e-02
 1.190772653e-02 1.397169195e-02 1.619093679e-02 1.853793487e-02 2.098229341e-02
 2.349197306e-02 2.603444271e-02 2.857767045e-02 3.109079041e-02 3.354443237e-02
 3.591068834e-02 3.816281259e-02 4.027467594e-02 4.222017899e-02 4.397262260e-02
 4.550420865e-02 4.678568244e-02 4.778617248e-02 4.847330600e-02 4.881347716e-02
 4.877239466e-02 4.831569269e-02 4.740963876e-02 4.602166638e-02 4.412046075e-02
 4.167517275e-02 3.865321353e-02 3.501603007e-02 3.071264923e-02 2.567170747e-02
 1.979542337e-02 1.296563353e-02 5.088296253e-03-2.880670596e-03-1.097146329e-02
-1.919318549e-02-2.754729800e-02-3.603201360e-02-4.464352503e-02-5.337853730e-02
-6.224844605e-02-7.130015641e-02-8.052039146e-02-8.977694064e-02-9.893713892e-02
-1.078658104e-01-1.163973361e-01-1.243321449e-01-1.314516366e-01-1.375493854e-01
-1.424713582e-01-1.461507529e-01-1.486221701e-01-1.500089318e-01-1.504899263e-01
 1.841204721e-05 3.473888210e-04 1.088308753e-03 2.242109040e-03 3.457296174e-03
 4.396929871e-03 5.478409119e-03 6.748598535e-03 8.210194297e-03 9.864867665e-03
 1.171405707e-02 1.373913512e-02 1.591681130e-02 1.821987517e-02 2.061821334e-02
 2.307997085e-02 2.557269484e-02 2.806430124e-02 3.052375652e-02 3.292142227e-02
 3.522905707e-02 3.741955012e-02 3.946643323e-02 4.134329781e-02 4.302324355e-02
 4.447835684e-02 4.567939416e-02 4.659561813e-02 4.719488695e-02 4.744389653e-02
 4.730866104e-02 4.675503075e-02 4.574921355e-02 4.425804690e-02 4.224864393e-02
 3.968697414e-02 3.653467447e-02 3.274336830e-02 2.824583463e-02 2.294381522e-02
 1.669396833e-02 9.297934361e-03 1.612193533e-03-6.301387213e-03-1.441974845e-02
-2.273731306e-02-3.125694767e-02-3.998553008e-02-4.893033952e-02-5.809087306e-02
-6.741079688e-02-7.705773413e-02-8.760553598e-02-9.817029536e-02-1.088436693e-01
-1.195127591e-01-1.299562156e-01-1.398277283e-01-1.486607939e-01-1.559439301e-01
-1.612678170e-01-1.644685566e-01-1.656838059e-01-1.652926952e-01-1.637706906e-01
 1.822385821e-05 3.438324784e-04 1.077149063e-03 2.218081616e-03 3.417779459e-03
 4.336621147e-03 5.393779371e-03 6.634938996e-03 8.062875830e-03 9.679302573e-03
 1.148621365e-02 1.346539240e-02 1.559397206e-02 1.784514636e-02 2.018915862e-02
 2.259440720e-02 2.502857149e-02 2.745955810e-02 2.985619009e-02 3.218857571e-02
 3.442815319e-02 3.654745221e-02 3.851966932e-02 4.031813890e-02 4.191578180e-02
 4.328466207e-02 4.439564422e-02 4.521825537e-02 4.572074488e-02 4.587030411e-02
 4.563346133e-02 4.497650638e-02 4.386584461e-02 4.226799309e-02 4.014894739e-02
 3.747233748e-02 3.419592232e-02 3.026584908e-02 2.560861781e-02 2.012180351e-02
 1.366769616e-02 6.081538741e-03-1.681796275e-03-9.640459903e-03-1.781116612e-02
-2.621285990e-02-3.486834466e-02-4.380523786e-02-5.305716768e-02-6.266826391e-02
-7.271610945e-02-8.337302506e-02-9.474907815e-02-1.067719236e-01-1.194264144e-01
-1.326981634e-01-1.464605629e-01-1.603021324e-01-1.732294112e-01-1.835933179e-01
-1.899554133e-01-1.918113083e-01-1.897036284e-01-1.851309389e-01-1.796256304e-01
 1.800806240e-05 3.397474356e-04 1.064258744e-03 2.190375701e-03 3.369368846e-03
 4.264859483e-03 5.295458715e-03 6.504436955e-03 7.894276641e-03 9.467185475e-03
 1.122528967e-02 1.315153204e-02 1.522350963e-02 1.741488278e-02 1.969631203e-02
 2.203652821e-02 2.440340444e-02 2.676489390e-02 2.908972651e-02 3.134779632e-02
 3.351024538e-02 3.554928303e-02 3.743780777e-02 3.914892301e-02 4.065545276e-02
 4.192950204e-02 4.294214398e-02 4.366328940e-02 4.406170920e-02 4.410521314e-02
 4.376095533e-02 4.299572855e-02 4.177612439e-02 4.006826505e-02 3.783681989e-02
 3.504285961e-02 3.164013103e-02 2.756971866e-02 2.275394462e-02 1.709309407e-02
 1.047520246e-02 2.824982163e-03-4.939855076e-03-1.287532970e-02-2.102254331e-02
-2.941796184e-02-3.810072690e-02-4.711732268e-02-5.652191117e-02-6.637963653e-02
-7.677565515e-02-8.799573779e-02-1.003204584e-01-1.136563271e-01-1.282359213e-01
-1.444142163e-01-1.626879275e-01-1.837996691e-01-2.092814893e-01-2.288834006e-01
-2.419956923e-01-2.387589216e-01-2.225088626e-01-2.068454325e-01-1.945732981e-01
 1.777156285e-05 3.352986241e-04 1.050479827e-03 2.166428836e-03 3.325824859e-03
 4.206627142e-03 5.192252342e-03 6.360400934e-03 7.705829572e-03 9.229195304e-03
 1.093211770e-02 1.279852074e-02 1.480647363e-02 1.693016477e-02 1.914075390e-02
 2.140737884e-02 2.369819395e-02 2.598127909e-02 2.822533436e-02 3.040010110e-02
 3.247647732e-02 3.442639485e-02 3.622250631e-02 3.783774376e-02 3.924488649e-02
 4.041614756e-02 4.132290184e-02 4.193550721e-02 4.222331941e-02 4.215479270e-02
 4.169765487e-02 4.081904888e-02 3.948539123e-02 3.766179830e-02 3.531060368e-02
 3.238860518e-02 2.884247340e-02 2.460199781e-02 1.957111061e-02 1.361794956e-02
 6.568443961e-03-7.418157766e-04-8.268276230e-03-1.600794867e-02-2.397861704e-02
-3.220961615e-02-4.074231535e-02-4.963039607e-02-5.893509090e-02-6.872943044e-02
-7.910466939e-02-9.037321061e-02-1.028702110e-01-1.165312156e-01-1.317040026e-01
-1.489370465e-01-1.690864563e-01-1.935383230e-01-2.243134081e-01-2.481350005e-01
-2.608802021e-01-2.567090094e-01-2.360505760e-01-2.151630223e-01-1.996434778e-01
 1.750576666e-05 3.302613040e-04 1.034517190e-03 2.128869062e-03 3.264170140e-03
 4.105599131e-03 5.068975501e-03 6.198564079e-03 7.496844511e-03 8.965876885e-03
 1.060766913e-02 1.240749098e-02 1.434404030e-02 1.639213040e-02 1.852350868e-02
 2.070781961e-02 2.291359194e-02 2.510912344e-02 2.726317756e-02 2.934541553e-02
 3.132656962e-02 3.317835554e-02 3.487322852e-02 3.638401255e-02 3.768349439e-02
 3.874406219e-02 3.953741863e-02 4.003442079e-02 4.020499811e-02 4.001819342e-02
 3.944215551e-02 3.844405711e-02 3.698967397e-02 3.504247591e-02 3.256187215e-02
 2.950047329e-02 2.580038831e-02 2.138938382e-02 1.617955230e-02 1.007529255e-02
 3.005757462e-03-4.162441473e-03-1.146946754e-02-1.894071139e-02-2.660609409e-02
-3.450480476e-02-4.268981516e-02-5.121401697e-02-6.013502181e-02-6.952147186e-02
-7.947336882e-02-9.017839283e-02-1.018042341e-01-1.144202650e-01-1.282019913e-01
-1.434202939e-01-1.604213715e-01-1.796062440e-01-2.011719197e-01-2.180300355e-01
-2.267475724e-01-2.254752219e-01-2.143204361e-01-2.011796981e-01-1.900502443e-01
 1.722540401e-05 3.249697620e-04 1.017951989e-03 2.096282085e-03 3.207625821e-03
 4.017705563e-03 4.941818304e-03 6.025184877e-03 7.270451169e-03 8.679321036e-03
 1.025366317e-02 1.198003814e-02 1.383771654e-02 1.580213942e-02 1.784569770e-02
 1.993863285e-02 2.204995230e-02 2.414828911e-02 2.620257251e-02 2.818248980e-02
 3.005868196e-02 3.180272877e-02 3.338695690e-02 3.478411213e-02 3.596704081e-02
 3.690832481e-02 3.758003190e-02 3.795349598e-02 3.799920529e-02 3.768666089e-02
 3.698420525e-02 3.585859016e-02 3.427416086e-02 3.219132125e-02 2.956409566e-02
 2.633661218e-02 2.243886702e-02 1.778341457e-02 1.226797886e-02 5.797252059e-03
-8.850793238e-04-7.746691816e-03-1.474497747e-02-2.181329764e-02-2.897495218e-02
-3.633926064e-02-4.397214949e-02-5.191304907e-02-6.019883603e-02-6.887040287e-02
-7.796845585e-02-8.756516129e-02-9.778915346e-02-1.085511297e-01-1.198761985e-01
-1.317115128e-01-1.438755095e-01-1.559266597e-01-1.669875532e-01-1.757876277e-01
-1.812269986e-01-1.828991473e-01-1.812286675e-01-1.773268282e-01-1.723849177e-01
 1.693466402e-05 3.194786259e-04 1.000734279e-03 2.060760045e-03 3.148709890e-03
 3.927718382e-03 4.807845224e-03 5.840976723e-03 7.028555032e-03 8.371557109e-03
 9.871845134e-03 1.151807420e-02 1.328948513e-02 1.516202558e-02 1.710879058e-02
 1.910074055e-02 2.110750787e-02 2.309820428e-02 2.504206263e-02 2.690890804e-02
 2.866939269e-02 3.029502928e-02 3.175805882e-02 3.303119540e-02 3.408733755e-02
 3.489926085e-02 3.543936089e-02 3.567942604e-02 3.559043258e-02 3.514229506e-02
 3.430347145e-02 3.304023668e-02 3.131538257e-02 2.908604406e-02 2.630025707e-02
 2.289187722e-02 1.877356507e-02 1.382791996e-02 7.897478528e-03 1.714166836e-03
-4.696321674e-03-1.133066416e-02-1.829868928e-02-2.476406470e-02-3.103991412e-02
-3.770774603e-02-4.466225952e-02-5.188663304e-02-5.938171595e-02-6.715393811e-02
-7.521240413e-02-8.356875926e-02-9.221138805e-02-1.010839045e-01-1.100979447e-01
-1.191138104e-01-1.279132515e-01-1.361816227e-01-1.435189545e-01-1.495040506e-01
-1.538059562e-01-1.562901586e-01-1.570609063e-01-1.564169079e-01-1.547448337e-01
 1.664299270e-05 3.139421751e-04 9.831156349e-04 2.022127155e-03 3.081222530e-03
 3.823443083e-03 4.665205721e-03 5.648625083e-03 6.775008980e-03 8.045656607e-03
 9.461736307e-03 1.102407742e-02 1.270256378e-02 1.447478868e-02 1.631512120e-02
 1.819556765e-02 2.008662000e-02 2.195804752e-02 2.377954498e-02 2.552120201e-02
 2.715378255e-02 2.864879183e-02 2.997840755e-02 3.111528791e-02 3.203232959e-02
 3.270240501e-02 3.309810162e-02 3.319149837e-02 3.295390680e-02 3.235554695e-02
 3.136502951e-02 2.994853444e-02 2.806843072e-02 2.568122372e-02 2.273472585e-02
 1.916485466e-02 1.489399467e-02 9.837060235e-03 3.924455028e-03-2.088628709e-03
-8.260932751e-03-1.469131280e-02-2.111857943e-02-2.656152658e-02-3.245954588e-02
-3.857097402e-02-4.488084838e-02-5.138118565e-02-5.806251615e-02-6.491230428e-02
-7.191091776e-02-7.905704528e-02-8.633675426e-02-9.363866597e-02-1.008777097e-01
-1.079385057e-01-1.146726459e-01-1.209040061e-01-1.264438629e-01-1.311170161e-01
-1.347937435e-01-1.374169439e-01-1.390130818e-01-1.396827847e-01-1.395751536e-01
 1.637983041e-05 3.089795355e-04 9.676029440e-04 1.994546503e-03 3.029934829e-03
 3.743987298e-03 4.535604268e-03 5.461901892e-03 6.521884352e-03 7.715785410e-03
 9.044826962e-03 1.051093638e-02 1.208533999e-02 1.374615449e-02 1.546851825e-02
 1.722531579e-02 1.898791455e-02 2.072683536e-02 2.241236344e-02 2.401497401e-02
 2.550561912e-02 2.685583755e-02 2.803771943e-02 2.902377211e-02 2.978671715e-02
 3.029925935e-02 3.053384647e-02 3.046240658e-02 3.005605005e-02 2.928468399e-02
 2.811644040e-02 2.651681751e-02 2.444745600e-02 2.186437696e-02 1.871556044e-02
 1.493696682e-02 1.044491399e-02 5.153309088e-03-2.865068964e-04-5.880373996e-03
-1.169419289e-02-1.793491282e-02-2.282670513e-02-2.813065797e-02-3.358690068e-02
-3.917199001e-02-4.487836361e-02-5.069631711e-02-5.661302060e-02-6.261157990e-02
-6.867081672e-02-7.478073984e-02-8.091269433e-02-8.698131889e-02-9.291284531e-02
-9.862539917e-02-1.040262654e-01-1.090163961e-01-1.134984568e-01-1.173873767e-01
-1.206214055e-01-1.231707335e-01-1.250412464e-01-1.262720823e-01-1.269282252e-01
 1.615365909e-05 3.046918428e-04 9.539964376e-04 1.961960923e-03 2.979957266e-03
 3.664891468e-03 4.418746103e-03 5.288026296e-03 6.277605891e-03 7.388584781e-03
 8.622518741e-03 9.982055053e-03 1.144216396e-02 1.298040617e-02 1.457244530e-02
 1.619213261e-02 1.781189255e-02 1.940323785e-02 2.093723789e-02 2.238491550e-02
 2.371751145e-02 2.490660548e-02 2.592412196e-02 2.674223296e-02 2.733318508e-02
 2.766908333e-02 2.772162855e-02 2.746181376e-02 2.685952559e-02 2.588305622e-02
 2.449842356e-02 2.266857773e-02 2.035277523e-02 1.750708744e-02 1.408950239e-02
 1.007324737e-02 5.334864836e-03 4.747833882e-04-4.499721341e-03-9.557553567e-03
-1.463238150e-02-1.967788860e-02-2.467137016e-02-2.966111153e-02-3.469454125e-02
-3.978366405e-02-4.492577538e-02-5.011226609e-02-5.533057451e-02-6.056477129e-02
-6.579968333e-02-7.103808224e-02-7.625078410e-02-8.136055619e-02-8.631054312e-02
-9.104717523e-02-9.551393241e-02-9.965356439e-02-1.034121513e-01-1.067437828e-01
-1.096150354e-01-1.120083407e-01-1.139235348e-01-1.153772622e-01-1.164004132e-01
 1.599453935e-05 3.016120172e-04 9.437986300e-04 1.940315589e-03 2.940050093e-03
 3.602454672e-03 4.334983416e-03 5.142097827e-03 6.054890808e-03 7.074944209e-03
 8.202050813e-03 9.436226450e-03 1.077762153e-02 1.218317915e-02 1.363155432e-02
 1.509879809e-02 1.655912027e-02 1.798548177e-02 1.935006678e-02 2.062465437e-02
 2.178087458e-02 2.279034071e-02 2.362466604e-02 2.425540797e-02 2.465391345e-02
 2.479111031e-02 2.463719249e-02 2.416121773e-02 2.333053946e-02 2.211009525e-02
 2.046128921e-02 1.834007725e-02 1.569413207e-02 1.245454885e-02 8.541764691e-03
 4.469165113e-03 1.844460348e-04-4.262882285e-03-8.830832317e-03-1.340468321e-02
-1.785465144e-02-2.232306264e-02-2.686047927e-02-3.143525496e-02-3.603187203e-02
-4.064035788e-02-4.525094107e-02-4.985284433e-02-5.443412066e-02-5.898040533e-02
-6.347175688e-02-6.800965965e-02-7.247704268e-02-7.681073248e-02-8.098304272e-02
-8.496282250e-02-8.871648461e-02-9.221039712e-02-9.541328251e-02-9.829860926e-02
-1.008467227e-01-1.030464098e-01-1.048957556e-01-1.064019799e-01-1.075805798e-01
 1.599912866e-05 3.015168768e-04 9.422146832e-04 1.933619729e-03 2.917228034e-03
 3.551383503e-03 4.247969482e-03 5.029237829e-03 5.869254004e-03 6.798822898e-03
 7.815257646e-03 8.920014836e-03 1.011750288e-02 1.136969682e-02 1.265456900e-02
 1.394932810e-02 1.522981096e-02 1.647055335e-02 1.764504239e-02 1.872596331e-02
 1.968538947e-02 2.049488202e-02 2.112551406e-02 2.154782414e-02 2.173171006e-02
 2.164625935e-02 2.125944756e-02 2.053757571e-02 1.944447309e-02 1.794145443e-02
 1.598770171e-02 1.353855059e-02 1.056244038e-02 6.947799120e-03 3.180031199e-03
-7.410710095e-04-4.798291717e-03-8.987893350e-03-1.297034416e-02-1.698268391e-02
-2.105957270e-02-2.519868314e-02-2.937687188e-02-3.357019648e-02-3.775654361e-02
-4.191626608e-02-4.603191093e-02-5.008853972e-02-5.407629535e-02-5.798676237e-02
-6.193613634e-02-6.583255529e-02-6.961689144e-02-7.327292860e-02-7.678409666e-02
-8.013152331e-02-8.329511434e-02-8.625470102e-02-8.899143338e-02-9.148904681e-02
-9.373509884e-02-9.572180361e-02-9.744660556e-02-9.891221672e-02-1.001263633e-01
 1.637749301e-05 3.083180927e-04 9.611900896e-04 1.963798190e-03 2.954578493e-03
 3.582569305e-03 4.250990227e-03 4.987243097e-03 5.768971052e-03 6.601680536e-03
 7.492091041e-03 8.443133906e-03 9.459096938e-03 1.054402534e-02 1.164445002e-02
 1.274344325e-02 1.382013969e-02 1.485137735e-02 1.581234112e-02 1.667686552e-02
 1.741754822e-02 1.800578833e-02 1.841174439e-02 1.860427670e-02 1.855094917e-02
 1.821813919e-02 1.757116430e-02 1.657352969e-02 1.518177893e-02 1.334808208e-02
 1.103387214e-02 8.124667220e-03 5.011111032e-03 1.630261424e-03-1.986322459e-03
-5.797675345e-03-9.858044796e-03-1.319881622e-02-1.681461185e-02-2.057827450e-02
-2.443165518e-02-2.833505347e-02-3.225212172e-02-3.614925221e-02-3.999629989e-02
-4.376784712e-02-4.744425043e-02-5.099343881e-02-5.441844836e-02-5.785641074e-02
-6.120192260e-02-6.444987655e-02-6.759437174e-02-7.062827051e-02-7.354267687e-02
-7.632694393e-02-7.896913588e-02-8.145677298e-02-8.377770334e-02-8.592101932e-02
-8.787781745e-02-8.964185417e-02-9.120994806e-02-9.258211404e-02-9.376153350e-02
 1.751531818e-05 3.292030306e-04 1.022519544e-03 2.080358798e-03 3.116979729e-03
 3.776407568e-03 4.442959558e-03 5.135311279e-03 5.838678218e-03 6.554138381e-03
 7.290851790e-03 8.058721200e-03 8.868512698e-03 9.732781909e-03 1.060632896e-02
 1.147655118e-02 1.231983397e-02 1.311370544e-02 1.383488160e-02 1.445854641e-02
 1.495803613e-02 1.530458871e-02 1.546701603e-02 1.541132480e-02 1.510055643e-02
 1.449567452e-02 1.355984528e-02 1.227224898e-02 1.056812610e-02 8.333036676e-03
 5.891394801e-03 3.172846744e-03 1.757315476e-04-3.124468727e-03-6.656068377e-03
-1.010639686e-02-1.343932282e-02-1.689824276e-02-2.050228231e-02-2.421782166e-02
-2.800567262e-02-3.181979060e-02-3.561040014e-02-3.932614625e-02-4.293271527e-02
-4.637103155e-02-4.962088913e-02-5.270833895e-02-5.564092472e-02-5.845141411e-02
-6.115589291e-02-6.376485527e-02-6.628561765e-02-6.872135401e-02-7.107092440e-02
-7.332960516e-02-7.549007982e-02-7.754354924e-02-7.948070765e-02-8.129261434e-02
-8.297143131e-02-8.451090008e-02-8.590673655e-02-8.715680242e-02-8.826112002e-02
 2.003813461e-05 3.761919797e-04 1.164869056e-03 2.351835137e-03 3.532356583e-03
 4.297816195e-03 4.997420590e-03 5.634594709e-03 6.208196748e-03 6.741363090e-03
 7.260865532e-03 7.786313072e-03 8.330144919e-03 8.898844942e-03 9.493055753e-03
 1.012050547e-02 1.070361026e-02 1.123037562e-02 1.168301702e-02 1.203988772e-02
 1.227622479e-02 1.236413512e-02 1.227184758e-02 1.196190063e-02 1.138740126e-02
 1.048433129e-02 9.155252017e-03 7.645445876e-03 5.887450650e-03 3.849558532e-03
 1.550392713e-03-1.008538995e-03-3.825063584e-03-6.886334158e-03-1.011316758e-02
-1.340403594e-02-1.681792922e-02-2.038757689e-02-2.410463616e-02-2.794476226e-02
-3.186620772e-02-3.579178080e-02-3.965058923e-02-4.334114492e-02-4.677384719e-02
-4.992045462e-02-5.275605246e-02-5.530054495e-02-5.760326609e-02-5.972693861e-02
-6.172975898e-02-6.365466863e-02-6.552776694e-02-6.736136228e-02-6.915795803e-02
-7.091369480e-02-7.262095809e-02-7.427020371e-02-7.585129887e-02-7.735439390e-02
-7.877056301e-02-8.009221405e-02-8.131335676e-02-8.242972195e-02-8.343879133e-02
 2.442457480e-05 4.600316170e-04 1.434328500e-03 2.921548905e-03 4.488835111e-03
 5.581990350e-03 6.331564393e-03 6.753327325e-03 6.998483557e-03 7.197230589e-03
 7.400326896e-03 7.623031735e-03 7.869238034e-03 8.136251010e-03 8.416132070e-03
 8.695577271e-03 8.951564319e-03 9.163219482e-03 9.309619665e-03 9.368933737e-03
 9.318098426e-03 9.132710285e-03 8.787046187e-03 8.254323155e-03 7.507656701e-03
 6.522878539e-03 5.286238156e-03 3.814409021e-03 2.105855616e-03 1.568229927e-04
-2.031584969e-03-4.457051400e-03-7.115929388e-03-9.998546913e-03-1.309045218e-02
-1.639922708e-02-1.991274394e-02-2.363834903e-02-2.758688666e-02-3.169887885e-02
-3.599663451e-02-4.037853330e-02-4.468285292e-02-4.869011790e-02-5.220744014e-02
-5.512591079e-02-5.741970241e-02-5.915331468e-02-6.049596518e-02-6.165228784e-02
-6.276195496e-02-6.389260292e-02-6.506817788e-02-6.629021466e-02-6.754949689e-02
-6.883208454e-02-7.012245059e-02-7.140511274e-02-7.266550511e-02-7.389043272e-02
-7.506832480e-02-7.618933171e-02-7.724537700e-02-7.823012769e-02-7.913892716e-02
 2.931804920e-05 5.557479453e-04 1.760835992e-03 3.703699214e-03 6.222014781e-03
 9.720251895e-03 9.328820743e-03 8.350959048e-03 7.935690694e-03 7.682324853e-03
 7.525864057e-03 7.439407986e-03 7.404220756e-03 7.403928321e-03 7.422527298e-03
 7.443147711e-03 7.447283715e-03 7.415628526e-03 7.328275125e-03 7.164822891e-03
 6.904522888e-03 6.526505109e-03 6.010099780e-03 5.335362162e-03 4.484086297e-03
 3.440925851e-03 2.194191562e-03 7.380264578e-04-9.304834530e-04-2.819912042e-03
-4.932430107e-03-7.263017353e-03-9.823526256e-03-1.261259243e-02-1.564815454e-02
-1.896589436e-02-2.252221853e-02-2.634906396e-02-3.051131591e-02-3.504732251e-02
-4.001975805e-02-4.550031200e-02-5.150692165e-02-5.665053800e-02-6.064767763e-02
-6.328365952e-02-6.496223807e-02-6.481004506e-02-6.407681853e-02-6.372710317e-02
-6.372337788e-02-6.399849057e-02-6.449206918e-02-6.515328586e-02-6.593996286e-02
-6.681713462e-02-6.775568426e-02-6.873123348e-02-6.972328573e-02-7.071458548e-02
-7.169067860e-02-7.263951749e-02-7.355119288e-02-7.441774756e-02-7.523293048e-02
 3.151502096e-05 5.984806339e-04 1.902963035e-03 4.012844060e-03 6.735154428e-03
 9.854201227e-03 9.904087521e-03 8.893416263e-03 8.228161372e-03 7.715610787e-03
 7.326043677e-03 7.028119639e-03 6.793364417e-03 6.599600893e-03 6.429200992e-03
 6.265723612e-03 6.092143711e-03 5.890247878e-03 5.640896503e-03 5.324964877e-03
 4.923318978e-03 4.417407326e-03 3.790691495e-03 3.025704995e-03 2.105515450e-03
 1.023949473e-03-2.324112429e-04-1.679088571e-03-3.328552935e-03-5.173307378e-03
-7.216619328e-03-9.470577352e-03-1.194348559e-02-1.464131195e-02-1.758556440e-02
-2.079316974e-02-2.428958006e-02-2.811753005e-02-3.234343603e-02-3.706645966e-02
-4.243951663e-02-4.869957268e-02-5.615757778e-02-6.221049279e-02-6.659134477e-02
-6.885956228e-02-7.033643126e-02-6.830562651e-02-6.582352519e-02-6.433095038e-02
-6.354000419e-02-6.323493272e-02-6.327325106e-02-6.355912238e-02-6.402523071e-02
-6.462224573e-02-6.531264633e-02-6.606704742e-02-6.686194241e-02-6.767819077e-02
-6.850010157e-02-6.931474060e-02-7.011148334e-02-7.088164240e-02-7.161825150e-02
 2.947904250e-05 5.594089744e-04 1.776490477e-03 3.744795453e-03 6.229188293e-03
 8.654175326e-03 8.957513608e-03 8.163707331e-03 7.557263598e-03 7.037444972e-03
 6.624804810e-03 6.275962107e-03 5.952615757e-03 5.644656718e-03 5.359748378e-03
 5.087961908e-03 4.808054771e-03 4.514398053e-03 4.171440378e-03 3.768594004e-03
 3.292524023e-03 2.707685577e-03 2.013750840e-03 1.195856952e-03 2.381458471e-04
-8.661567699e-04-2.134623006e-03-3.572070505e-03-5.183968227e-03-6.975915283e-03
-8.947824128e-03-1.110637654e-02-1.346065849e-02-1.602157019e-02-1.880370453e-02
-2.182628401e-02-2.511520311e-02-2.870640159e-02-3.265046328e-02-3.701961786e-02
-4.192093015e-02-4.753125086e-02-5.425600708e-02-5.965379253e-02-6.361667812e-02
-6.562813371e-02-6.723368168e-02-6.540371478e-02-6.331545860e-02-6.209011748e-02
-6.140218675e-02-6.109687686e-02-6.107536331e-02-6.126768515e-02-6.162188202e-02
-6.209814548e-02-6.266518682e-02-6.329789758e-02-6.397578865e-02-6.468195468e-02
-6.540232897e-02-6.612515450e-02-6.684062630e-02-6.754057854e-02-6.821829826e-02
 2.405173655e-05 4.538861685e-04 1.422006986e-03 2.921345411e-03 4.547732417e-03
 5.670214072e-03 6.178221200e-03 6.152116694e-03 5.949761253e-03 5.702892318e-03
 5.443855189e-03 5.183001980e-03 4.909237381e-03 4.582874011e-03 4.254481290e-03
 3.944473807e-03 3.616569797e-03 3.262320766e-03 2.868289594e-03 2.422730904e-03
 1.913291053e-03 1.309438841e-03 6.050266675e-04-2.204589400e-04-1.184693072e-03
-2.297887579e-03-3.566542873e-03-4.991085269e-03-6.569040008e-03-8.299360052e-03
-1.018364914e-02-1.222607493e-02-1.443291549e-02-1.681212895e-02-1.937318966e-02
-2.212704159e-02-2.508595958e-02-2.826291136e-02-3.166958690e-02-3.531117737e-02
-3.917316720e-02-4.318777099e-02-4.715948552e-02-5.073218793e-02-5.364278704e-02
-5.576672778e-02-5.707695335e-02-5.764082447e-02-5.773252994e-02-5.769324675e-02
-5.769585073e-02-5.779949203e-02-5.801584199e-02-5.833798274e-02-5.875220522e-02
-5.924292654e-02-5.979479849e-02-6.039353460e-02-6.102621555e-02-6.168133765e-02
-6.234877184e-02-6.301964074e-02-6.368625909e-02-6.434200704e-02-6.498125941e-02
 1.826280095e-05 3.427249030e-04 1.060077455e-03 2.134097507e-03 3.151103156e-03
 3.676386084e-03 4.040599335e-03 4.243197385e-03 4.301042296e-03 4.252467304e-03
 4.131091759e-03 3.960471600e-03 3.741851309e-03 3.444595030e-03 3.126940923e-03
 2.807091456e-03 2.460641321e-03 2.085948596e-03 1.677950611e-03 1.229869318e-03
 7.388578961e-04 1.932461018e-04-4.410977126e-04-1.214900403e-03-2.150256652e-03
-3.262409009e-03-4.556017462e-03-6.000899710e-03-7.563724648e-03-9.238736704e-03
-1.102925278e-02-1.294080820e-02-1.497923676e-02-1.714992151e-02-1.945727132e-02
-2.190407924e-02-2.449045703e-02-2.721202374e-02-3.005684726e-02-3.300059214e-02
-3.599963710e-02-3.898373991e-02-4.185437411e-02-4.449827597e-02-4.681499675e-02
-4.874082655e-02-5.026058853e-02-5.141049996e-02-5.226982012e-02-5.293608084e-02
-5.349609628e-02-5.401198193e-02-5.452203378e-02-5.504703149e-02-5.559630319e-02
-5.617218092e-02-5.677289143e-02-5.739439279e-02-5.803151801e-02-5.867863446e-02
-5.933009461e-02-5.998047441e-02-6.062472239e-02-6.125823408e-02-6.187691540e-02
 1.417678504e-05 2.660769096e-04 8.240559255e-04 1.668397570e-03 2.412341302e-03
 2.689128509e-03 2.882525558e-03 3.009418026e-03 3.060106887e-03 3.036248498e-03
 2.945373068e-03 2.796216402e-03 2.591479104e-03 2.321292181e-03 2.011733362e-03
 1.684371382e-03 1.325598219e-03 9.399376577e-04 5.306943203e-04 1.013267101e-04
-3.378988476e-04-7.626948063e-04-1.127131516e-03-1.903419616e-03-2.762765158e-03
-3.829418682e-03-5.262317602e-03-6.786950398e-03-8.336931467e-03-9.942823090e-03
-1.162184868e-02-1.338523813e-02-1.524039544e-02-1.719168387e-02-1.924058609e-02
-2.138541453e-02-2.362061851e-02-2.593570016e-02-2.831376530e-02-3.072990291e-02
-3.314992413e-02-3.553041816e-02-3.782132268e-02-3.997165337e-02-4.193731025e-02
-4.368862510e-02-4.521520436e-02-4.652681947e-02-4.764996096e-02-4.862104729e-02
-4.947867990e-02-5.025762692e-02-5.098576471e-02-5.168350413e-02-5.236463621e-02
-5.303769186e-02-5.370727554e-02-5.437520146e-02-5.504139140e-02-5.570452288e-02
-5.636252090e-02-5.701288581e-02-5.765294656e-02-5.828002468e-02-5.889154226e-02
 1.153538597e-05 2.170053922e-04 6.758813979e-04 1.378356945e-03 1.964895520e-03
 2.084450331e-03 2.141630044e-03 2.164413920e-03 2.142990008e-03 2.071614843e-03
 1.948012505e-03 1.772230258e-03 1.545937732e-03 1.270276494e-03 9.509916417e-04
 5.947585450e-04 2.063751162e-04-2.089277841e-04-6.447549677e-04-1.091933227e-03
-1.536775380e-03-1.955419313e-03-2.338005928e-03-3.044906072e-03-3.859575838e-03
-4.873687867e-03-6.220348645e-03-7.651993074e-03-9.090196341e-03-1.056433097e-02
-1.209110487e-02-1.368081477e-02-1.533945836e-02-1.706961170e-02-1.887074672e-02
-2.073921636e-02-2.266800590e-02-2.464636974e-02-2.665947378e-02-2.868818119e-02
-3.070926666e-02-3.269628435e-02-3.462131321e-02-3.645747155e-02-3.818184137e-02
-3.977817297e-02-4.123864695e-02-4.256428778e-02-4.376392439e-02-4.485202953e-02
-4.584603012e-02-4.676382244e-02-4.762190580e-02-4.843430594e-02-4.921218008e-02
-4.996388778e-02-5.069531873e-02-5.141029879e-02-5.211103708e-02-5.279852077e-02
-5.347282439e-02-5.413340405e-02-5.477930233e-02-5.540930852e-02-5.602209270e-02
 9.508616131e-06 1.794370328e-04 5.630138912e-04 1.163225388e-03 1.629249426e-03
 1.631121850e-03 1.582289347e-03 1.514754375e-03 1.418589382e-03 1.285535633e-03
 1.109770034e-03 8.878331282e-04 6.182756624e-04 3.013262176e-04-6.089316594e-05
-4.646410234e-04-9.050408262e-04-1.376266475e-03-1.871748595e-03-2.384660067e-03
-2.910027513e-03-3.449862823e-03-4.033599980e-03-4.715154879e-03-5.511713680e-03
-6.438427139e-03-7.501715794e-03-8.664957248e-03-9.889189154e-03-1.116830204e-02
-1.250394154e-02-1.389840152e-02-1.535283308e-02-1.686664112e-02-1.843721792e-02
-2.005977184e-02-2.172721177e-02-2.343006805e-02-2.515649609e-02-2.689245343e-02
-2.862208895e-02-3.032843024e-02-3.199435771e-02-3.360380605e-02-3.514301404e-02
-3.660162166e-02-3.797341511e-02-3.925655410e-02-4.045322537e-02-4.156891629e-02
-4.261134565e-02-4.358938336e-02-4.451209679e-02-4.538800940e-02-4.622464254e-02
-4.702828079e-02-4.780392721e-02-4.855536297e-02-4.928530008e-02-4.999553412e-02
-5.068712682e-02-5.136056244e-02-5.201587826e-02-5.265281722e-02-5.327089876e-02
 7.337647730e-06 1.389369718e-04 4.399128084e-04 9.229489951e-04 1.267013256e-03
 1.179310959e-03 1.067854464e-03 9.458300774e-04 7.980070077e-04 6.145031075e-04
 3.883682075e-04 1.147771982e-04-2.092824579e-04-5.850744783e-04-1.012008754e-03
-1.487446134e-03-2.006512601e-03-2.562103095e-03-3.145420225e-03-3.747495590e-03
-4.361945670e-03-4.988450091e-03-5.634930916e-03-6.315721199e-03-7.046755403e-03
-7.841295563e-03-8.706857450e-03-9.644245729e-03-1.065033209e-02-1.172181405e-02
-1.285634190e-02-1.405195054e-02-1.530631166e-02-1.661624573e-02-1.797743700e-02
-1.938427612e-02-2.082979865e-02-2.230568789e-02-2.380236611e-02-2.530918829e-02
-2.681474574e-02-2.830730192e-02-2.977532707e-02-3.120810352e-02-3.259630874e-02
-3.393252939e-02-3.521160409e-02-3.643074632e-02-3.758945689e-02-3.868923336e-02
-3.973310813e-02-4.072518647e-02-4.167011753e-02-4.257269204e-02-4.343749583e-02
-4.426869005e-02-4.506987333e-02-4.584402218e-02-4.659350589e-02-4.732011631e-02
-4.802514613e-02-4.870945215e-02-4.937354103e-02-5.001764745e-02-5.064178631e-02
 4.597850875e-06 8.659627201e-05 2.715556475e-04 5.625926424e-04 6.758008967e-04
 6.336444640e-04 5.470797187e-04 4.202522396e-04 2.510330523e-04 3.530523099e-05
-2.315271413e-04-5.539171398e-04-9.358082898e-04-1.380251837e-03-1.888836152e-03
-2.460773336e-03-3.091535298e-03-3.771154676e-03-4.482884891e-03-5.203820765e-03
-5.909345578e-03-6.581272464e-03-7.215722930e-03-7.825285196e-03-8.433735929e-03
-9.067161009e-03-9.746892378e-03-1.048673224e-02-1.129356120e-02-1.216933876e-02
-1.311299019e-02-1.412165351e-02-1.519133616e-02-1.631720737e-02-1.749370433e-02
-1.871456765e-02-1.997285523e-02-2.126098424e-02-2.257081121e-02-2.389376424e-02
-2.522103488e-02-2.654383704e-02-2.785369009e-02-2.914272808e-02-3.040400334e-02
-3.163173050e-02-3.282146528e-02-3.397017717e-02-3.507622704e-02-3.613924608e-02
-3.715993091e-02-3.813980520e-02-3.908096999e-02-3.998585045e-02-4.085699096e-02
-4.169687629e-02-4.250781611e-02-4.329186678e-02-4.405078292e-02-4.478600621e-02
-4.549868032e-02-4.618966952e-02-4.685959592e-02-4.750887305e-02-4.813774303e-02
 1.947475994e-06 3.543195635e-05 1.020720520e-04 1.756034180e-04 2.115643292e-04
 1.908137783e-04 1.149248783e-04-1.436116509e-05-1.974411571e-04-4.367507354e-04
-7.362885517e-04-1.101224916e-03-1.537640579e-03-2.052294323e-03-2.652212512e-03
-3.343697870e-03-4.129919689e-03-5.005529616e-03-5.946508609e-03-6.897676736e-03
-7.774006110e-03-8.495796472e-03-9.038479999e-03-9.448427707e-03-9.808277711e-03
-1.018924732e-02-1.063285023e-02-1.115703583e-02-1.176640578e-02-1.245902665e-02
-1.323001739e-02-1.407326292e-02-1.498217694e-02-1.595000178e-02-1.696988568e-02
-1.803489216e-02-1.913796738e-02-2.027194574e-02-2.142956294e-02-2.260352485e-02
-2.378659695e-02-2.497173473e-02-2.615223639e-02-2.732189372e-02-2.847514860e-02
-2.960721776e-02-3.071418777e-02-3.179305047e-02-3.284170479e-02-3.385889530e-02
-3.484412655e-02-3.579752520e-02-3.671972081e-02-3.761167824e-02-3.847460076e-02
-3.930978104e-02-4.011853784e-02-4.090211168e-02-4.166165739e-02-4.239817336e-02
-4.311250895e-02-4.380536452e-02-4.447728768e-02-4.512869567e-02-4.575989395e-02
 2.704396486e+00 2.840617180e+00 2.850309372e+00 2.891200304e+00 2.950117588e+00
 3.005199432e+00 3.062944651e+00 3.122272015e+00 3.182805061e+00 3.243367434e+00
 3.305757284e+00 3.368591309e+00 3.431750536e+00 3.494728088e+00 3.558857918e+00
 3.623291492e+00 3.687694550e+00 3.752494812e+00 3.818508863e+00 3.884724617e+00
 3.951322556e+00 4.018777370e+00 4.087300301e+00 4.156265259e+00 4.225858212e+00
 4.297296047e+00 4.370334625e+00 4.443964481e+00 4.519476891e+00 4.597174644e+00
 4.677174568e+00 4.758910179e+00 4.843941212e+00 4.932376385e+00 5.023910046e+00
 5.118734360e+00 5.217967987e+00 5.323089123e+00 5.432291508e+00 5.547389030e+00
 5.669162273e+00 5.799160480e+00 5.936916828e+00 6.082412243e+00 6.238144875e+00
 6.405112743e+00 6.585602760e+00 6.777903557e+00 6.987081051e+00 7.213222027e+00
 7.460537910e+00 7.730074883e+00 8.025659561e+00 8.349703789e+00 8.708944321e+00
 9.109960556e+00 9.558602333e+00 1.006682491e+01 1.064503288e+01 1.130823421e+01
 1.208394623e+01 1.302883339e+01 1.424203110e+01 1.591083527e+01 2.134897041e+01
   79   38
 2.971422970e-01 0.000000000e+00 2.980623543e-01 1.375000030e-01 3.011364937e-01
 2.750000060e-01 3.065930903e-01 4.124999940e-01 3.109374940e-01 4.907855392e-01
 3.191978335e-01 6.187499762e-01 3.315512836e-01 7.562500238e-01 3.443750143e-01
 8.622094393e-01 3.581744730e-01 9.624999762e-01 3.778125048e-01 1.073088884e+00
 3.981926143e-01 1.168750048e+00 4.171299934e-01 1.237499952e+00 4.446874857e-01
 1.313084245e+00 4.864824712e-01 1.375000000e+00 5.450000167e-01 1.416348100e+00
 6.118749976e-01 1.433893681e+00 6.787499785e-01 1.436038971e+00 7.456250191e-01
 1.426727533e+00 8.125000000e-01 1.405789256e+00 8.669309020e-01 1.375000000e+00
 9.128124714e-01 1.345215917e+00 9.599871635e-01 1.306249976e+00 1.013124943e+00
 1.256002665e+00 1.046562552e+00 1.218131542e+00 1.088441730e+00 1.168750048e+00
 1.137405396e+00 1.100000024e+00 1.180312514e+00 1.036443830e+00 1.213750005e+00
 9.731962681e-01 1.247187495e+00 8.964974880e-01 1.270744443e+00 8.249999881e-01
 1.294154048e+00 7.562500238e-01 1.316074610e+00 6.875000000e-01 1.347499967e+00
 5.645237565e-01 1.365209341e+00 4.812499881e-01 1.380937457e+00 4.059028327e-01
 1.407892823e+00 2.750000060e-01 1.421259284e+00 2.062499970e-01 1.433756709e+00
 6.875000149e-02 1.433024883e+00-6.875000149e-02 1.418927550e+00-2.062499970e-01
 1.404401660e+00-2.750000060e-01 1.380937457e+00-3.821687996e-01 1.356928587e+00
-4.812499881e-01 1.337904215e+00-5.500000119e-01 1.314062476e+00-6.398690939e-01
 1.280624986e+00-7.423202991e-01 1.253718734e+00-8.249999881e-01 1.226582050e+00
-8.937500119e-01 1.195726514e+00-9.624999762e-01 1.160246611e+00-1.031250000e+00
 1.119043708e+00-1.100000024e+00 1.080000043e+00-1.153015018e+00 1.046562552e+00
-1.197273970e+00 1.012156367e+00-1.237499952e+00 9.538392425e-01-1.306249976e+00
 9.128124714e-01-1.346241713e+00 8.782678246e-01-1.375000000e+00 8.125000000e-01
-1.427496552e+00 7.790625095e-01-1.451057434e+00 7.121875286e-01-1.484129190e+00
 6.453124881e-01-1.506843925e+00 6.118749976e-01-1.517985821e+00 5.450000167e-01
-1.528332114e+00 4.781250060e-01-1.527095675e+00 4.084218740e-01-1.515490890e+00
 3.721562326e-01-1.507940769e+00 3.907551169e-01-1.375000000e+00 3.862759173e-01
-1.237499952e+00 3.778125048e-01-1.155679822e+00 3.621481359e-01-1.031250000e+00
 3.459964991e-01-8.937500119e-01 3.381625116e-01-8.249999881e-01 3.250027299e-01
-6.875000000e-01 3.149863780e-01-5.500000119e-01 3.109374940e-01-4.799430966e-01
 3.041379452e-01-3.437500000e-01 2.996930182e-01-2.062499970e-01 2.974573672e-01
-6.875000149e-02 2.971422970e-01 0.000000000e+00
 1.851000041e-01 0.000000000e+00 1.851000041e-01 1.008100033e+00 2.793999910e-01
 1.171399951e+00 2.793999910e-01 1.577999949e+00 2.978999913e-01 1.603399992e+00
 5.712000132e-01 1.603399992e+00 5.712000132e-01 1.628000021e+00 6.169999838e-01
 1.628000021e+00 1.194000006e+00 1.401000023e+00 1.043300033e+00 1.429999948e+00
 1.319200039e+00 1.039700031e+00 1.335800052e+00 9.976000190e-01 1.485100031e+00
 5.450000167e-01 1.479099989e+00 4.995000064e-01 1.517400026e+00 3.059999943e-01
 1.531299949e+00 2.354999930e-01 1.546399951e+00 1.586000025e-01 1.560799956e+00
 8.009999990e-02 1.567000031e+00 0.000000000e+00 1.565700054e+00-1.769999973e-02
 1.554299951e+00-1.123000011e-01 1.534100056e+00-2.210000008e-01 1.518100023e+00
-3.025999963e-01 1.481799960e+00-4.860000014e-01 1.485100031e+00-5.450000167e-01
 1.335800052e+00-9.976000190e-01 1.319200039e+00-1.039700031e+00 1.043300033e+00
-1.429999948e+00 1.194000006e+00-1.401000023e+00 6.169999838e-01-1.628000021e+00
 5.712000132e-01-1.628000021e+00 5.712000132e-01-1.603399992e+00 2.978999913e-01
-1.603399992e+00 2.793999910e-01-1.577999949e+00 2.793999910e-01-1.171399951e+00
 1.851000041e-01-1.008100033e+00 1.851000041e-01 0.000000000e+00 1.851000041e-01
 0.000000000e+00
    0 0.000000000e+00    0
 0.000000000e+00 8.088375628e-02 1.180804968e-01 1.467285603e-01 1.708273739e-01
 1.924769133e-01 2.122733146e-01 2.307164520e-01 2.480706424e-01 2.646911442e-01
 2.805611193e-01 2.958404422e-01 3.107044101e-01 3.251291811e-01 3.391395807e-01
 3.528800905e-01 3.663271964e-01 3.795314431e-01 3.925166428e-01 4.053118825e-01
 4.178781211e-01 4.303078055e-01 4.426037669e-01 4.547881186e-01 4.668035209e-01
 4.787459671e-01 4.905790091e-01 5.023122430e-01 5.139854550e-01 5.256069899e-01
 5.371941328e-01 5.486626625e-01 5.601282120e-01 5.715690851e-01 5.830005407e-01
 5.943837166e-01 6.057752371e-01 6.172313094e-01 6.286506057e-01 6.401259303e-01
 6.515938640e-01 6.631518006e-01 6.747869849e-01 6.864644289e-01 6.982616186e-01
 7.101470232e-01 7.221859097e-01 7.343252897e-01 7.466617227e-01 7.591319084e-01
 7.718329430e-01 7.847706676e-01 7.979542017e-01 8.114047050e-01 8.252159953e-01
 8.394389749e-01 8.540346026e-01 8.691084385e-01 8.847769499e-01 9.010819793e-01
 9.181177616e-01 9.361448884e-01 9.553275704e-01 9.759099483e-01 1.000000000e+00
    1
 0.000000000e+00 0.000000000e+00 0.000000000e+00 0.000000000e+00 0.000000000e+00
 0.000000000e+00 0.000000000e+00 0.000000000e+00 0.000000000e+00 0.000000000e+00
 0.000000000e+00 0.000000000e+00 0.000000000e+00 0.000000000e+00 0.000000000e+00
 0.000000000e+00 0.000000000e+00 0.000000000e+00 0.000000000e+00 0.000000000e+00
 0.000000000e+00 0.000000000e+00 0.000000000e+00 0.000000000e+00 0.000000000e+00
 0.000000000e+00 0.000000000e+00 0.000000000e+00 0.000000000e+00 0.000000000e+00
 0.000000000e+00 0.000000000e+00 0.000000000e+00 0.000000000e+00 0.000000000e+00
 0.000000000e+00 0.000000000e+00 0.000000000e+00 0.000000000e+00 0.000000000e+00
 0.000000000e+00 0.000000000e+00 0.000000000e+00 0.000000000e+00 0.000000000e+00
 0.000000000e+00 0.000000000e+00 0.000000000e+00 0.000000000e+00 0.000000000e+00
 0.000000000e+00 0.000000000e+00 0.000000000e+00 0.000000000e+00 0.000000000e+00
 0.000000000e+00 0.000000000e+00 0.000000000e+00 0.000000000e+00 0.000000000e+00
 0.000000000e+00 0.000000000e+00 0.000000000e+00 0.000000000e+00 0.000000000e+00
