  EFITD    01/23/2002    #125006 00349ms           3  65  65
 2.140000105e+00 4.400000095e+00 8.500000238e-01 9.999999776e-03 0.000000000e+00
 1.008198500e+00 9.271296673e-03 5.255957320e-02 1.023216452e-02-4.878019989e-01
 7.129163125e+05 5.255957320e-02 0.000000000e+00 1.008198500e+00 0.000000000e+00
 9.271296673e-03 0.000000000e+00 1.023216452e-02 0.000000000e+00 0.000000000e+00
-4.254811704e-01-4.253664911e-01-4.252443910e-01-4.251152277e-01-4.249794185e-01
-4.248374403e-01-4.246896803e-01-4.245365560e-01-4.243785441e-01-4.242160916e-01
-4.240496159e-01-4.238796234e-01-4.237065315e-01-4.235308170e-01-4.233529568e-01
-4.231733680e-01-4.229925871e-01-4.228110015e-01-4.226291180e-01-4.224473834e-01
-4.222662449e-01-4.220861495e-01-4.219075441e-01-4.217308462e-01-4.215565026e-01
-4.213849306e-01-4.212165475e-01-4.210517704e-01-4.208909273e-01-4.207344651e-01
-4.205826819e-01-4.204359949e-01-4.202947021e-01-4.201591313e-01-4.200295806e-01
-4.199063480e-01-4.197897017e-01-4.196798801e-01-4.195770919e-01-4.194815755e-01
-4.193935096e-01-4.193130434e-01-4.192403257e-01-4.191754758e-01-4.191185534e-01
-4.190696180e-01-4.190286994e-01-4.189958274e-01-4.189709425e-01-4.189540148e-01
-4.189449251e-01-4.189435542e-01-4.189497828e-01-4.189633727e-01-4.189841449e-01
-4.190118015e-01-4.190460742e-01-4.190866053e-01-4.191330373e-01-4.191849828e-01
-4.192419350e-01-4.193034470e-01-4.193689525e-01-4.194379151e-01-4.195097089e-01
 1.403097559e+04 1.386405762e+04 1.369957910e+04 1.353739941e+04 1.337737500e+04
 1.321935156e+04 1.306317480e+04 1.290868164e+04 1.275570605e+04 1.260407812e+04
 1.245362402e+04 1.230416797e+04 1.215552930e+04 1.200752637e+04 1.185997656e+04
 1.171269336e+04 1.156549316e+04 1.141818848e+04 1.127059375e+04 1.112252246e+04
 1.097379004e+04 1.082421191e+04 1.067360840e+04 1.052179785e+04 1.036860449e+04
 1.021385352e+04 1.005737402e+04 9.899000977e+03 9.738571289e+03 9.575926758e+03
 9.410917969e+03 9.243396484e+03 9.073222656e+03 8.900263672e+03 8.724392578e+03
 8.545491211e+03 8.363447266e+03 8.178158691e+03 7.989531738e+03 7.797482422e+03
 7.601935059e+03 7.402825684e+03 7.200099609e+03 6.993713867e+03 6.783637695e+03
 6.569850098e+03 6.352344727e+03 6.131126953e+03 5.906215332e+03 5.677642090e+03
 5.445454102e+03 5.209711914e+03 4.970492676e+03 4.727887207e+03 4.482002930e+03
 4.232963867e+03 3.980910889e+03 3.726001221e+03 3.468410645e+03 3.208332520e+03
 2.945979248e+03 2.681582031e+03 2.415390869e+03 2.147676514e+03 1.878729614e+03
 7.131363451e-02 7.621107996e-02 8.084809780e-02 8.521847427e-02 8.931656182e-02
 9.313726425e-02 9.667602926e-02 9.992887825e-02 1.028923765e-01 1.055636406e-01
 1.079403535e-01 1.100207418e-01 1.118035913e-01 1.132882535e-01 1.144746095e-01
 1.153631210e-01 1.159547865e-01 1.162511781e-01 1.162544042e-01 1.159671322e-01
 1.153925955e-01 1.145345718e-01 1.133974046e-01 1.119859666e-01 1.103057265e-01
 1.083626598e-01 1.061633453e-01 1.037148759e-01 1.010249332e-01 9.810172021e-02
 9.495402128e-02 9.159116447e-02 8.802304417e-02 8.426008373e-02 8.031328768e-02
 7.619421184e-02 7.191494852e-02 6.748816371e-02 6.292706728e-02 5.824543536e-02
 5.345759168e-02 4.857841507e-02 4.362333566e-02 3.860834613e-02 3.354999423e-02
 2.846537158e-02 2.337213792e-02 1.828850061e-02 1.323322300e-02 8.225625381e-03
 3.285580548e-03-1.566482708e-03-6.309580524e-03-1.092217397e-02-1.538216975e-02
-1.966691948e-02-2.375322022e-02-2.761731111e-02-3.123488277e-02-3.458106518e-02
-3.763043135e-02-4.035700858e-02-4.273426533e-02-4.473510757e-02-4.633189365e-02
 2.542788906e+05 2.504879062e+05 2.469029844e+05 2.435338438e+05 2.403895469e+05
 2.374784688e+05 2.348083438e+05 2.323862031e+05 2.302184375e+05 2.283107500e+05
 2.266681875e+05 2.252951406e+05 2.241952969e+05 2.233717188e+05 2.228267344e+05
 2.225620938e+05 2.225787969e+05 2.228772188e+05 2.234570625e+05 2.243173594e+05
 2.254564531e+05 2.268720469e+05 2.285611562e+05 2.305201406e+05 2.327446719e+05
 2.352297969e+05 2.379698438e+05 2.409584844e+05 2.441887656e+05 2.476530000e+05
 2.513428750e+05 2.552494062e+05 2.593629062e+05 2.636730625e+05 2.681688750e+05
 2.728386875e+05 2.776701562e+05 2.826502812e+05 2.877653750e+05 2.930011250e+05
 2.983425000e+05 3.037738125e+05 3.092787500e+05 3.148402812e+05 3.204407500e+05
 3.260617500e+05 3.316842812e+05 3.372886875e+05 3.428545938e+05 3.483610000e+05
 3.537861562e+05 3.591077188e+05 3.643027188e+05 3.693473750e+05 3.742173750e+05
 3.788876562e+05 3.833325312e+05 3.875256250e+05 3.914399062e+05 3.950476562e+05
 3.983204688e+05 4.012293438e+05 4.037445625e+05 4.058357188e+05 4.074717812e+05
 4.409965641e-06 8.145395259e-05 2.429685701e-04 4.528533318e-04 6.499090814e-04
 8.090648334e-04 9.349778411e-04 1.033264096e-03 1.107415068e-03 1.159131178e-03
 1.189197064e-03 1.198212965e-03 1.187052927e-03 1.157058519e-03 1.109942677e-03
 1.047240919e-03 9.688925347e-04 8.701227489e-04 7.356702699e-04 5.327455001e-04
 2.117240801e-04-2.742426877e-04-9.413615917e-04-1.766104833e-03-2.704102546e-03
-3.716322361e-03-4.779040813e-03-5.880428944e-03-7.015017327e-03-8.180116303e-03
-9.374016896e-03-1.059515029e-02-1.184170321e-02-1.311143022e-02-1.440156158e-02
-1.570877060e-02-1.702917181e-02-1.835835911e-02-1.969148032e-02-2.102334611e-02
-2.234856412e-02-2.366171218e-02-2.495750599e-02-2.623100206e-02-2.747775614e-02
-2.869398147e-02-2.987664752e-02-3.102354892e-02-3.213329613e-02-3.320527822e-02
-3.423958644e-02-3.523687273e-02-3.619824350e-02-3.712510690e-02-3.801905364e-02
-3.888173401e-02-3.971479461e-02-4.051978141e-02-4.129810631e-02-4.205101728e-02
-4.277959093e-02-4.348472133e-02-4.416714981e-02-4.482745752e-02-4.546610266e-02
 8.142041224e-06 1.534714684e-04 4.813973501e-04 9.968220256e-04 1.301367534e-03
 1.427588519e-03 1.532637165e-03 1.623713877e-03 1.699497807e-03 1.756296842e-03
 1.790236798e-03 1.798026846e-03 1.777081634e-03 1.725309528e-03 1.640677685e-03
 1.520498889e-03 1.360360300e-03 1.152798766e-03 8.861934184e-04 5.447983858e-04
 1.109822479e-04-4.302786838e-04-1.086658915e-03-1.856452553e-03-2.730433829e-03
-3.695891006e-03-4.740134347e-03-5.852250382e-03-7.023477927e-03-8.246948011e-03
-9.517194703e-03-1.082962845e-02-1.218005177e-02-1.356426720e-02-1.497778390e-02
-1.641562395e-02-1.787220128e-02-1.934129559e-02-2.081607655e-02-2.228922583e-02
-2.375311404e-02-2.520004846e-02-2.662256733e-02-2.801374719e-02-2.936750837e-02
-3.067887016e-02-3.194412962e-02-3.316093981e-02-3.432830051e-02-3.544642404e-02
-3.651654720e-02-3.754069284e-02-3.852142021e-02-3.946158290e-02-4.036410153e-02
-4.123182595e-02-4.206738994e-02-4.287314415e-02-4.365111142e-02-4.440298676e-02
-4.513013363e-02-4.583362490e-02-4.651426896e-02-4.717264697e-02-4.780916125e-02
 1.196072662e-05 2.264186332e-04 7.160341484e-04 1.498988946e-03 2.124321414e-03
 2.180590061e-03 2.241194481e-03 2.323862165e-03 2.405869542e-03 2.471965039e-03
 2.511519939e-03 2.517410787e-03 2.484706929e-03 2.409441397e-03 2.288337098e-03
 2.118752105e-03 1.897645183e-03 1.620348543e-03 1.280282740e-03 8.694697171e-04
 3.791673225e-04-1.995655039e-04-8.749170229e-04-1.652569044e-03-2.534083789e-03
-3.516664030e-03-4.593727645e-03-5.756011698e-03-6.993710063e-03-8.298452012e-03
-9.663673118e-03-1.108401734e-02-1.255462877e-02-1.407058071e-02-1.562646218e-02
-1.721608452e-02-1.883228496e-02-2.046682686e-02-2.211041003e-02-2.375279739e-02
-2.538307384e-02-2.699005231e-02-2.856277488e-02-3.009111062e-02-3.156631812e-02
-3.298156336e-02-3.433223814e-02-3.561610729e-02-3.683320060e-02-3.798550367e-02
-3.907654434e-02-4.011086002e-02-4.109353572e-02-4.202975333e-02-4.292446375e-02
-4.378217086e-02-4.460677505e-02-4.540154710e-02-4.616910592e-02-4.691149294e-02
-4.763020948e-02-4.832630977e-02-4.900049046e-02-4.965313524e-02-5.028441921e-02
 1.494656226e-05 2.821226080e-04 8.853757754e-04 1.829548157e-03 2.622149652e-03
 2.799649723e-03 2.942498075e-03 3.092441475e-03 3.228909569e-03 3.332049353e-03
 3.388774348e-03 3.395716427e-03 3.354476532e-03 3.257775679e-03 3.096846631e-03
 2.876893152e-03 2.604179783e-03 2.275742590e-03 1.886153012e-03 1.431553508e-03
 9.112340049e-04 3.197142796e-04-3.597860341e-04-1.153246965e-03-2.067335183e-03
-3.106099321e-03-4.268425051e-03-5.532550626e-03-6.875582039e-03-8.290247060e-03
-9.773232974e-03-1.132181380e-02-1.293287799e-02-1.460245904e-02-1.632540114e-02
-1.809506677e-02-1.990307868e-02-2.173912711e-02-2.359087020e-02-2.544401959e-02
-2.728267387e-02-2.908995003e-02-3.084891848e-02-3.254377469e-02-3.416107595e-02
-3.569082916e-02-3.712720051e-02-3.846875578e-02-3.971811011e-02-4.088116437e-02
-4.196605459e-02-4.298205674e-02-4.393862188e-02-4.484463483e-02-4.570795596e-02
-4.653517902e-02-4.733159393e-02-4.810125008e-02-4.884709045e-02-4.957113788e-02
-5.027464405e-02-5.095827207e-02-5.162223801e-02-5.226641893e-02-5.289048329e-02
 1.767242247e-05 3.326601291e-04 1.037321053e-03 2.119495533e-03 3.076162422e-03
 3.416907508e-03 3.713999642e-03 4.008786287e-03 4.273063503e-03 4.447137471e-03
 4.499161616e-03 4.458343145e-03 4.376367200e-03 4.239066038e-03 4.015948158e-03
 3.757295199e-03 3.442796180e-03 3.076137742e-03 2.650988987e-03 2.160744974e-03
 1.618891023e-03 1.033305074e-03 4.073210584e-04-4.290745128e-04-1.375259017e-03
-2.474165987e-03-3.787318012e-03-5.197304301e-03-6.665499415e-03-8.203516714e-03
-9.816889651e-03-1.150801778e-02-1.327707618e-02-1.512228511e-02-1.703984849e-02
-1.902368106e-02-2.106497996e-02-2.315171994e-02-2.526816912e-02-2.739459835e-02
-2.950740233e-02-3.157993406e-02-3.358418867e-02-3.549330309e-02-3.728447109e-02
-3.894162551e-02-4.045719281e-02-4.183251038e-02-4.307675362e-02-4.420476034e-02
-4.523434117e-02-4.618377239e-02-4.706990719e-02-4.790710658e-02-4.870683700e-02
-4.947773740e-02-5.022595078e-02-5.095553771e-02-5.166891217e-02-5.236724392e-02
-5.305078626e-02-5.371914804e-02-5.437150970e-02-5.500679091e-02-5.562378466e-02
 2.114576091e-05 3.971755505e-04 1.232086448e-03 2.500958508e-03 3.664667252e-03
 4.214362241e-03 4.699019250e-03 5.153829698e-03 5.547636189e-03 5.772621371e-03
 5.779233761e-03 5.640143994e-03 5.457801279e-03 5.241659936e-03 4.988206085e-03
 4.698612727e-03 4.354067612e-03 3.968928941e-03 3.517758567e-03 3.008334432e-03
 2.405592008e-03 1.763788401e-03 1.105038449e-03 2.021769760e-04-7.950025611e-04
-1.947358018e-03-3.330788808e-03-4.817319103e-03-6.375900004e-03-8.020576090e-03
-9.758940898e-03-1.159557793e-02-1.353298780e-02-1.557181124e-02-1.771067455e-02
-1.994571649e-02-2.226976119e-02-2.467111871e-02-2.713203430e-02-2.962698415e-02
-3.212133422e-02-3.457134217e-02-3.692671284e-02-3.913629800e-02-4.115593806e-02
-4.295600206e-02-4.452625662e-02-4.587673396e-02-4.703427851e-02-4.803570732e-02
-4.892002791e-02-4.972240329e-02-5.047105625e-02-5.118671060e-02-5.188343674e-02
-5.257000029e-02-5.325121805e-02-5.392908677e-02-5.460369587e-02-5.527386814e-02
-5.593765900e-02-5.659269169e-02-5.723640323e-02-5.786621198e-02-5.847964436e-02
 2.647108158e-05 4.970244481e-04 1.539193792e-03 3.105231794e-03 4.619365092e-03
 5.479477346e-03 6.162250414e-03 6.679659244e-03 7.039825432e-03 7.183137815e-03
 7.095892448e-03 6.869246718e-03 6.614096928e-03 6.339754909e-03 6.039811764e-03
 5.706436932e-03 5.331956316e-03 4.910398275e-03 4.433118273e-03 3.859495977e-03
 3.208105220e-03 2.486916957e-03 1.679612906e-03 7.552061579e-04-3.026687482e-04
-1.505258144e-03-2.856824314e-03-4.344198387e-03-5.952690728e-03-7.680828217e-03
-9.531620890e-03-1.150912791e-02-1.361736469e-02-1.585987955e-02-1.823945157e-02
-2.075757273e-02-2.341342159e-02-2.620199881e-02-2.911096998e-02-3.211571276e-02
-3.517233208e-02-3.821028024e-02-4.113063961e-02-4.381974414e-02-4.617683589e-02
-4.813807458e-02-4.968837649e-02-5.086429417e-02-5.174562335e-02-5.243049562e-02
-5.300629511e-02-5.353559926e-02-5.405706167e-02-5.459172279e-02-5.514913425e-02
-5.573179200e-02-5.633806065e-02-5.696402863e-02-5.760461837e-02-5.825430155e-02
-5.890751630e-02-5.955890939e-02-6.020350009e-02-6.083676219e-02-6.145464629e-02
 3.402028597e-05 6.420286954e-04 2.011595061e-03 4.133393988e-03 6.442287005e-03
 8.065394126e-03 8.872650564e-03 8.974486962e-03 8.846868761e-03 8.636228740e-03
 8.362140507e-03 8.056863211e-03 7.755605504e-03 7.455460262e-03 7.139514666e-03
 6.794062909e-03 6.405884866e-03 5.962339230e-03 5.448518787e-03 4.823069088e-03
 4.092297051e-03 3.376829205e-03 2.545244293e-03 1.590976841e-03 5.083347787e-04
-7.244248409e-04-2.101648366e-03-3.619418712e-03-5.278792232e-03-7.082283963e-03
-9.035573341e-03-1.114525367e-02-1.341771986e-02-1.586006396e-02-1.848083548e-02
-2.129050158e-02-2.430144511e-02-2.752712555e-02-3.097978793e-02-3.466505185e-02
-3.856860846e-02-4.262256250e-02-4.663068801e-02-5.023549125e-02-5.317288265e-02
-5.531792343e-02-5.664359033e-02-5.721770227e-02-5.731577054e-02-5.728058144e-02
-5.728590861e-02-5.739133060e-02-5.760871246e-02-5.793126673e-02-5.834535137e-02
-5.883543566e-02-5.938619748e-02-5.998339504e-02-6.061413139e-02-6.126693636e-02
-6.193169579e-02-6.259957701e-02-6.326290965e-02-6.391511112e-02-6.455058604e-02
 4.105283733e-05 7.789073279e-04 2.472485416e-03 5.208187271e-03 8.648218587e-03
 1.199184917e-02 1.244935952e-02 1.140221860e-02 1.059419848e-02 9.982525371e-03
 9.495653212e-03 9.105416946e-03 8.798808791e-03 8.525988087e-03 8.243405260e-03
 7.934628054e-03 7.586474065e-03 7.171347737e-03 6.689720321e-03 6.120978855e-03
 5.455452483e-03 4.701179918e-03 3.874105169e-03 2.906097332e-03 1.782231964e-03
 4.667444155e-04-9.683945682e-04-2.546928357e-03-4.266385920e-03-6.120170001e-03
-8.160699159e-03-1.039091591e-02-1.281094458e-02-1.543061715e-02-1.826159097e-02
-2.132273838e-02-2.464291826e-02-2.826139145e-02-3.223098442e-02-3.662518412e-02
-4.155185446e-02-4.718866199e-02-5.394272879e-02-5.936250836e-02-6.333970279e-02
-6.535575539e-02-6.696278602e-02-6.511877477e-02-6.301439553e-02-6.177568808e-02
-6.107600033e-02-6.076004729e-02-6.072872877e-02-6.091189012e-02-6.125744060e-02
-6.172545627e-02-6.228456646e-02-6.290958822e-02-6.357997656e-02-6.427879632e-02
-6.499193609e-02-6.570762396e-02-6.641603261e-02-6.710901111e-02-6.777982414e-02
 4.350916061e-05 8.261507610e-04 2.626000904e-03 5.534516647e-03 9.271800518e-03
 1.352690067e-02 1.360536180e-02 1.223546453e-02 1.136075705e-02 1.071588788e-02
 1.024468057e-02 9.902872145e-03 9.652937762e-03 9.458543733e-03 9.281627834e-03
 9.090301581e-03 8.857374080e-03 8.561494760e-03 8.193382993e-03 7.738470566e-03
 7.181065623e-03 6.506335456e-03 5.699484609e-03 4.740201868e-03 3.608865431e-03
 2.303084126e-03 7.974706241e-04-9.040310979e-04-2.643756568e-03-4.587895237e-03
-6.771732122e-03-9.135306813e-03-1.168450806e-02-1.447320450e-02-1.744886674e-02
-2.065627836e-02-2.414673381e-02-2.797161788e-02-3.219823912e-02-3.692508861e-02
-4.230472445e-02-4.857440293e-02-5.604597181e-02-6.210543588e-02-6.648475677e-02
-6.874172390e-02-7.020337135e-02-6.814237684e-02-6.562813371e-02-6.410772353e-02
-6.329225749e-02-6.296525896e-02-6.298373640e-02-6.325148791e-02-6.370092183e-02
-6.428247690e-02-6.495843083e-02-6.569925696e-02-6.648129225e-02-6.728530675e-02
-6.809552014e-02-6.889893115e-02-6.968487054e-02-7.044462115e-02-7.117119431e-02
 4.025430098e-05 7.630336331e-04 2.417244948e-03 5.083063617e-03 8.523060940e-03
 1.327176206e-02 1.273143385e-02 1.139683463e-02 1.083459891e-02 1.050387695e-02
 1.031487528e-02 1.022173092e-02 1.021531411e-02 1.027687546e-02 1.033845358e-02
 1.036974695e-02 1.033334155e-02 1.017891429e-02 9.973024018e-03 9.679685347e-03
 9.268322028e-03 8.710967377e-03 7.982478477e-03 7.065530401e-03 5.966007244e-03
 4.678467289e-03 3.197845537e-03 1.527574845e-03-3.277047945e-04-2.386564855e-03
-4.659702070e-03-7.141708396e-03-9.867207147e-03-1.286284253e-02-1.600398496e-02
-1.918828487e-02-2.268507145e-02-2.648646198e-02-3.062838316e-02-3.514924273e-02
-4.010888934e-02-4.557763040e-02-5.157329142e-02-5.670109764e-02-6.067663431e-02
-6.328476220e-02-6.493144482e-02-6.474025548e-02-6.396663934e-02-6.357959658e-02
-6.354174018e-02-6.378576159e-02-6.425105035e-02-6.488647312e-02-6.564952433e-02
-6.650492549e-02-6.742329150e-02-6.837999076e-02-6.935433298e-02-7.032892108e-02
-7.128915936e-02-7.222291082e-02-7.312022150e-02-7.397306710e-02-7.477515936e-02
 3.335372094e-05 6.282483228e-04 1.958896406e-03 3.990308382e-03 6.117946003e-03
 7.573193405e-03 8.553035557e-03 9.080203250e-03 9.383660741e-03 9.628702886e-03
 9.882508777e-03 1.017149258e-02 1.051065885e-02 1.086303871e-02 1.120844949e-02
 1.152438298e-02 1.178678963e-02 1.197260898e-02 1.206649374e-02 1.204345096e-02
 1.187148411e-02 1.151048113e-02 1.090723462e-02 9.983673692e-03 8.912371472e-03
 7.640860509e-03 6.143356208e-03 4.432274960e-03 2.506866120e-03 3.653156746e-04
-1.994668273e-03-4.574064165e-03-7.371056359e-03-1.036700327e-02-1.352128480e-02
-1.684633456e-02-2.034674212e-02-2.404396608e-02-2.795279957e-02-3.204188868e-02
-3.630568832e-02-4.065241292e-02-4.492054507e-02-4.888737202e-02-5.236061662e-02
-5.523195490e-02-5.747647583e-02-5.916008353e-02-6.045375392e-02-6.156374887e-02
-6.263070554e-02-6.372252852e-02-6.486298144e-02-6.605318189e-02-6.728342175e-02
-6.853929907e-02-6.980487704e-02-7.106436789e-02-7.230294496e-02-7.350724936e-02
-7.466556877e-02-7.576797903e-02-7.680633664e-02-7.777427882e-02-7.866710424e-02
 2.714213770e-05 5.095791421e-04 1.577915158e-03 3.185718786e-03 4.766877275e-03
 5.750888027e-03 6.633021869e-03 7.422620896e-03 8.122641593e-03 8.765261620e-03
 9.386370890e-03 1.001453027e-02 1.067071687e-02 1.132222824e-02 1.195749920e-02
 1.256004255e-02 1.311001275e-02 1.358541660e-02 1.396272797e-02 1.421539951e-02
 1.431360934e-02 1.422449388e-02 1.391318254e-02 1.334627345e-02 1.250226516e-02
 1.132780500e-02 9.732400998e-03 7.958156988e-03 5.952651147e-03 3.719872562e-03
 1.254199888e-03-1.447366201e-03-4.385611508e-03-7.546265144e-03-1.084004622e-02
-1.415481884e-02-1.756213233e-02-2.110522799e-02-2.478136681e-02-2.856915630e-02
-3.242801875e-02-3.628881648e-02-4.007588699e-02-4.369463772e-02-4.706145078e-02
-5.013648048e-02-5.290018395e-02-5.537468195e-02-5.761201680e-02-5.967696384e-02
-6.162827834e-02-6.350824237e-02-6.534179300e-02-6.714003533e-02-6.890445203e-02
-7.063043118e-02-7.230980694e-02-7.393268496e-02-7.548870146e-02-7.696788013e-02
-7.836120576e-02-7.966105640e-02-8.086143434e-02-8.195807040e-02-8.294843882e-02
 2.345600660e-05 4.408414534e-04 1.369148260e-03 2.785313874e-03 4.148493055e-03
 4.960023798e-03 5.762256682e-03 6.584793329e-03 7.412249688e-03 8.244591765e-03
 9.090630338e-03 9.961795993e-03 1.086984575e-02 1.177772135e-02 1.267243084e-02
 1.353715081e-02 1.435181405e-02 1.509371307e-02 1.573793776e-02 1.625753753e-02
 1.662371121e-02 1.680608653e-02 1.677309535e-02 1.649233885e-02 1.593026333e-02
 1.504853088e-02 1.380590349e-02 1.216813643e-02 1.004195027e-02 7.719765883e-03
 5.141302012e-03 2.309300937e-03-7.913935115e-04-4.185758065e-03-7.794908714e-03
-1.126947068e-02-1.457222272e-02-1.798147149e-02-2.152323723e-02-2.516500652e-02
-2.886896208e-02-3.259000555e-02-3.627907485e-02-3.988654166e-02-4.337422922e-02
-4.669782892e-02-4.984093085e-02-5.282186717e-02-5.566368625e-02-5.840252712e-02
-6.105173379e-02-6.361608207e-02-6.609871238e-02-6.850019097e-02-7.081785053e-02
-7.304609567e-02-7.517718524e-02-7.720211893e-02-7.911155373e-02-8.089661598e-02
-8.254953474e-02-8.406414092e-02-8.543623239e-02-8.666372299e-02-8.774670959e-02
 2.164714169e-05 4.074845347e-04 1.270146808e-03 2.594302176e-03 3.872230882e-03
 4.611247685e-03 5.378928967e-03 6.215638015e-03 7.104411721e-03 8.043254726e-03
 9.033878334e-03 1.007827837e-02 1.117901225e-02 1.229501422e-02 1.340991631e-02
 1.450417191e-02 1.555554103e-02 1.653956436e-02 1.743001118e-02 1.819923893e-02
 1.881849207e-02 1.925813407e-02 1.948778331e-02 1.947630942e-02 1.919160038e-02
 1.860008575e-02 1.766671240e-02 1.635503396e-02 1.462518610e-02 1.244488638e-02
 9.712598287e-03 6.777167320e-03 3.579506883e-03 1.423552312e-04-3.516611876e-03
-7.359435316e-03-1.145024505e-02-1.469695102e-02-1.822038926e-02-2.188225649e-02
-2.562409267e-02-2.940681390e-02-3.319434077e-02-3.695300221e-02-4.065215588e-02
-4.426491633e-02-4.776723683e-02-5.112086609e-02-5.433781072e-02-5.773639679e-02
-6.105050445e-02-6.427109241e-02-6.738919020e-02-7.039604336e-02-7.328218222e-02
-7.603701949e-02-7.864898443e-02-8.110601455e-02-8.339641988e-02-8.550967276e-02
-8.743721247e-02-8.917306364e-02-9.071424603e-02-9.206092358e-02-9.321636707e-02
 2.087565917e-05 3.933678090e-04 1.228968962e-03 2.521299291e-03 3.766241716e-03
 4.483519122e-03 5.252784584e-03 6.113646086e-03 7.044713944e-03 8.063832298e-03
 9.167499840e-03 1.035637595e-02 1.160308532e-02 1.288748253e-02 1.418797113e-02
 1.548110321e-02 1.674162596e-02 1.794276573e-02 1.905660145e-02 2.005441673e-02
 2.090700157e-02 2.158485167e-02 2.205825225e-02 2.229726128e-02 2.227155305e-02
 2.195020020e-02 2.130142413e-02 2.029229514e-02 1.888832450e-02 1.705347374e-02
 1.474829018e-02 1.194456033e-02 8.540492505e-03 4.968918860e-03 1.224208390e-03
-2.685996005e-03-6.730370224e-03-1.090755686e-02-1.478872541e-02-1.867260039e-02
-2.260740846e-02-2.659632266e-02-3.061634116e-02-3.464302048e-02-3.865348548e-02
-4.262694716e-02-4.654426128e-02-5.038880929e-02-5.415219069e-02-5.782670528e-02
-6.172081828e-02-6.562000513e-02-6.939621270e-02-7.303371280e-02-7.651927322e-02
-7.983642817e-02-8.296691626e-02-8.589195460e-02-8.859370649e-02-9.105671942e-02
-9.326911718e-02-9.522356838e-02-9.691780806e-02-9.835475683e-02-9.954223037e-02
 2.063536340e-05 3.890653898e-04 1.217100071e-03 2.500965958e-03 3.745767986e-03
 4.470700864e-03 5.257376004e-03 6.134528201e-03 7.120379247e-03 8.213895373e-03
 9.413559921e-03 1.071894262e-02 1.209862251e-02 1.353206858e-02 1.499602664e-02
 1.646494865e-02 1.791146584e-02 1.930692047e-02 2.062186599e-02 2.182651497e-02
 2.289106511e-02 2.378591336e-02 2.448170446e-02 2.494928986e-02 2.515956201e-02
 2.508320659e-02 2.469036169e-02 2.395017259e-02 2.283010446e-02 2.129495330e-02
 1.930511929e-02 1.681408286e-02 1.376072410e-02 1.007384434e-02 6.214627065e-03
 2.135516610e-03-2.116397489e-03-6.511438172e-03-1.101367548e-02-1.548806299e-02
-1.977700554e-02-2.406411245e-02-2.841687202e-02-3.279923275e-02-3.719551116e-02
-4.159691185e-02-4.599488154e-02-5.037992448e-02-5.474171042e-02-5.906657875e-02
-6.333060563e-02-6.782180816e-02-7.228104025e-02-7.659119368e-02-8.073017746e-02
-8.467116207e-02-8.838317543e-02-9.183434397e-02-9.499464929e-02-9.783850610e-02
-1.003469229e-01-1.025091857e-01-1.043236703e-01-1.057977900e-01-1.069470793e-01
 2.065704939e-05 3.895905975e-04 1.219547354e-03 2.507088240e-03 3.761454020e-03
 4.500628915e-03 5.301754456e-03 6.224435288e-03 7.270488888e-03 8.438853547e-03
 9.728763252e-03 1.114012208e-02 1.264035702e-02 1.420798711e-02 1.581844687e-02
 1.744462922e-02 1.905755140e-02 2.062704414e-02 2.212240547e-02 2.351292409e-02
 2.476825938e-02 2.585864067e-02 2.675492130e-02 2.742847987e-02 2.785103209e-02
 2.799437754e-02 2.783006616e-02 2.732902952e-02 2.646112815e-02 2.519460209e-02
 2.349549532e-02 2.132730186e-02 1.865159534e-02 1.543257292e-02 1.164823305e-02
 7.186669391e-03 2.587132854e-03-2.148292027e-03-7.006596774e-03-1.194917317e-02
-1.689231209e-02-2.177512273e-02-2.656692080e-02-3.133172914e-02-3.613334149e-02
-4.098979384e-02-4.590055346e-02-5.085823312e-02-5.585144460e-02-6.086646020e-02
-6.589862704e-02-7.099707425e-02-7.613976300e-02-8.119353652e-02-8.608710021e-02
-9.076643735e-02-9.517603368e-02-9.925968945e-02-1.029644087e-01-1.062450558e-01
-1.090687811e-01-1.114184409e-01-1.132940575e-01-1.147123128e-01-1.157039627e-01
 2.080370905e-05 3.924091579e-04 1.228743931e-03 2.532841638e-03 3.798386781e-03
 4.563321825e-03 5.392900668e-03 6.362010259e-03 7.468127180e-03 8.709721267e-03
 1.008593012e-02 1.159577910e-02 1.320651080e-02 1.489611994e-02 1.663900726e-02
 1.840678416e-02 2.016912773e-02 2.189463004e-02 2.355156280e-02 2.510847151e-02
 2.653457969e-02 2.779998817e-02 2.887568437e-02 2.973341011e-02 3.034542501e-02
 3.068421409e-02 3.072215989e-02 3.043119796e-02 2.978243306e-02 2.874566056e-02
 2.728875168e-02 2.537678182e-02 2.297076769e-02 2.002566308e-02 1.648654230e-02
 1.228027791e-02 7.327046245e-03 2.209311817e-03-3.077957081e-03-8.553921245e-03
-1.430232823e-02-2.058904245e-02-2.508658171e-02-3.009648994e-02-3.527755663e-02
-4.059903324e-02-4.605199769e-02-5.162585154e-02-5.730733648e-02-6.307985634e-02
-6.892527640e-02-7.486598194e-02-8.089276403e-02-8.687157184e-02-9.271856397e-02
-9.835039079e-02-1.036741957e-01-1.085913628e-01-1.130052283e-01-1.168314293e-01
-1.200087517e-01-1.225077137e-01-1.243342012e-01-1.255271286e-01-1.261509657e-01
 2.101701284e-05 3.964446660e-04 1.241404214e-03 2.553026425e-03 3.839731216e-03
 4.628101364e-03 5.503611639e-03 6.524788681e-03 7.692435756e-03 9.007466957e-03
 1.047118660e-02 1.206850354e-02 1.377926301e-02 1.557966974e-02 1.744259521e-02
 1.933825575e-02 2.123505808e-02 2.310051583e-02 2.490205504e-02 2.660764568e-02
 2.818620950e-02 2.960779332e-02 3.084352426e-02 3.186542168e-02 3.264610097e-02
 3.315842897e-02 3.337516636e-02 3.326862305e-02 3.281027451e-02 3.197033331e-02
 3.071713075e-02 2.901621163e-02 2.682891861e-02 2.411032282e-02 2.080648951e-02
 1.685179956e-02 1.216940116e-02 6.676799618e-03 9.963803459e-04-4.873822909e-03
-1.095387898e-02-1.734919660e-02-2.370762639e-02-2.874039486e-02-3.432788700e-02
-4.015203938e-02-4.619196057e-02-5.243643373e-02-5.887304246e-02-6.548619270e-02
-7.225104421e-02-7.920376956e-02-8.637048304e-02-9.356126189e-02-1.006919369e-01
-1.076486260e-01-1.142837778e-01-1.204223484e-01-1.258769333e-01-1.304735839e-01
-1.340835690e-01-1.366501451e-01-1.381995231e-01-1.388314813e-01-1.386938989e-01
 2.127719927e-05 4.013952275e-04 1.257230877e-03 2.588616917e-03 3.901835764e-03
 4.724229220e-03 5.634248257e-03 6.701156963e-03 7.925854996e-03 9.308555163e-03
 1.085015852e-02 1.253366098e-02 1.433915738e-02 1.624234952e-02 1.821524091e-02
 2.022704296e-02 2.224519290e-02 2.423636615e-02 2.616736293e-02 2.800577506e-02
 2.972037904e-02 3.128127381e-02 3.265978768e-02 3.382821009e-02 3.475943580e-02
 3.542656824e-02 3.580251336e-02 3.585964069e-02 3.556941077e-02 3.490199894e-02
 3.382582963e-02 3.230681270e-02 3.030721657e-02 2.778400667e-02 2.468662523e-02
 2.095472068e-02 1.651733741e-02 1.129727066e-02 5.229985807e-03-9.576108423e-04
-7.317367010e-03-1.388647407e-02-2.082723379e-02-2.705202065e-02-3.297111765e-02
-3.934354335e-02-4.602834582e-02-5.299896002e-02-6.025115401e-02-6.778869778e-02
-7.562448829e-02-8.378928900e-02-9.227854759e-02-1.010135040e-01-1.098943874e-01
-1.187802851e-01-1.274544746e-01-1.356048584e-01-1.428345889e-01-1.487257332e-01
-1.529497951e-01-1.553731710e-01-1.560991406e-01-1.554238945e-01-1.537309289e-01
 2.154889989e-05 4.065290268e-04 1.273336587e-03 2.621917985e-03 3.956735600e-03
 4.808287602e-03 5.760724191e-03 6.875993218e-03 8.156424388e-03 9.603212588e-03
 1.121765003e-02 1.298189443e-02 1.487548091e-02 1.687338389e-02 1.894675568e-02
 2.106392570e-02 2.319152094e-02 2.529556863e-02 2.734243684e-02 2.929950692e-02
 3.113556840e-02 3.282089531e-02 3.432710469e-02 3.562681004e-02 3.669320419e-02
 3.749960288e-02 3.801901639e-02 3.822378069e-02 3.808522597e-02 3.757337481e-02
 3.665656596e-02 3.530086949e-02 3.346910700e-02 3.111916594e-02 2.820126526e-02
 2.465374395e-02 2.039687894e-02 1.532438025e-02 9.292488918e-03 3.008609870e-03
-3.493312979e-03-1.018517651e-02-1.701140963e-02-2.388090827e-02-3.079953231e-02
-3.791518882e-02-4.530785233e-02-5.301730707e-02-6.107796729e-02-6.952499598e-02
-7.838074118e-02-8.774166554e-02-9.786077589e-02-1.084700078e-01-1.196338311e-01
-1.313059330e-01-1.433080584e-01-1.552026272e-01-1.661191434e-01-1.747968346e-01
-1.801441759e-01-1.817575097e-01-1.800578237e-01-1.761473566e-01-1.712078303e-01
 2.182079152e-05 4.116611381e-04 1.289403648e-03 2.652900061e-03 4.011168145e-03
 4.893608857e-03 5.884678569e-03 7.045568433e-03 8.378519677e-03 9.885251522e-03
 1.156739518e-02 1.340627577e-02 1.538081374e-02 1.746522076e-02 1.962982118e-02
 2.184214257e-02 2.406812087e-02 2.627327852e-02 2.842369676e-02 3.048670664e-02
 3.243123740e-02 3.422787040e-02 3.584859520e-02 3.726644441e-02 3.845496848e-02
 3.938776627e-02 4.003800452e-02 4.037804902e-02 4.037918150e-02 4.001138359e-02
 3.924311325e-02 3.804100305e-02 3.636924922e-02 3.418856487e-02 3.145433962e-02
 2.811390720e-02 2.410312556e-02 1.934351400e-02 1.374419965e-02 7.219749968e-03
 4.840782203e-04-6.435865536e-03-1.352982782e-02-2.080081590e-02-2.826607041e-02
-3.595375642e-02-4.393260553e-02-5.225891247e-02-6.099122018e-02-7.019901276e-02
-7.998026162e-02-9.050313383e-02-1.019245833e-01-1.143347695e-01-1.279128492e-01
-1.429260224e-01-1.597162932e-01-1.786804795e-01-2.000132203e-01-2.166810483e-01
-2.252772003e-01-2.239663899e-01-2.128546983e-01-1.997762471e-01-1.886965483e-01
 2.208803380e-05 4.167275911e-04 1.305475831e-03 2.692305017e-03 4.073789809e-03
 4.996909294e-03 6.008934695e-03 7.208326831e-03 8.588816039e-03 1.015060116e-02
 1.189473458e-02 1.380166970e-02 1.584971510e-02 1.801234111e-02 2.025908604e-02
 2.255675010e-02 2.487068623e-02 2.716602758e-02 2.940869518e-02 3.156608716e-02
 3.360738978e-02 3.550358117e-02 3.722713515e-02 3.875157237e-02 4.005089775e-02
 4.109906405e-02 4.186948761e-02 4.233466461e-02 4.246592522e-02 4.223328829e-02
 4.160538688e-02 4.054938629e-02 3.903073072e-02 3.701256216e-02 3.445451334e-02
 3.131068125e-02 2.752675675e-02 2.303679846e-02 1.776176691e-02 1.161508076e-02
 4.527226556e-03-2.678892342e-03-1.005156897e-02-1.762348600e-02-2.542418614e-02
-3.348105401e-02-4.183758423e-02-5.055914074e-02-5.970972776e-02-6.936516613e-02
-7.962070405e-02-9.073309600e-02-1.029875651e-01-1.164140403e-01-1.313589215e-01
-1.483619213e-01-1.682696640e-01-1.924554259e-01-2.229226828e-01-2.464977205e-01
-2.590890527e-01-2.549017668e-01-2.343609482e-01-2.135967314e-01-1.981618404e-01
 2.233446503e-05 4.213635111e-04 1.319831004e-03 2.715886105e-03 4.118997138e-03
 5.056069233e-03 6.115301978e-03 7.356784306e-03 8.783203550e-03 1.039694902e-02
 1.219628565e-02 1.416412648e-02 1.627798378e-02 1.851051860e-02 2.083049715e-02
 2.320405468e-02 2.559604123e-02 2.797130123e-02 3.029570356e-02 3.253680095e-02
 3.466412798e-02 3.664914146e-02 3.846486285e-02 4.008536786e-02 4.148519039e-02
 4.263871908e-02 4.351969808e-02 4.410083964e-02 4.435358196e-02 4.424800351e-02
 4.375283793e-02 4.283551499e-02 4.146211594e-02 3.959701583e-02 3.720190004e-02
 3.423368931e-02 3.064091690e-02 2.635796182e-02 2.129684389e-02 1.533694286e-02
 8.315052837e-03 1.026367885e-03-6.489891559e-03-1.423105877e-02-2.221138030e-02
-3.045227006e-02-3.898688406e-02-4.786477983e-02-5.714184046e-02-6.688481569e-02
-7.717962563e-02-8.825733513e-02-1.003548950e-01-1.134651676e-01-1.278249323e-01
-1.437839717e-01-1.618331224e-01-1.827074736e-01-2.079255879e-01-2.273167223e-01
-2.402749360e-01-2.370173484e-01-2.208528668e-01-2.052742094e-01-1.930635720e-01
 2.256691732e-05 4.257741675e-04 1.333839027e-03 2.746555954e-03 4.173300229e-03
 5.135400221e-03 6.220666692e-03 7.494076155e-03 8.959246799e-03 1.061784849e-02
 1.246708259e-02 1.448942535e-02 1.666180789e-02 1.895623654e-02 2.134083584e-02
 2.378118783e-02 2.624175325e-02 2.868718840e-02 3.108338639e-02 3.339814022e-02
 3.560138866e-02 3.766511008e-02 3.956292197e-02 4.126950726e-02 4.275996983e-02
 4.400919750e-02 4.499133304e-02 4.567938298e-02 4.604496807e-02 4.605828598e-02
 4.568816721e-02 4.490223154e-02 4.366703331e-02 4.194794595e-02 3.970859200e-02
 3.690937907e-02 3.350473568e-02 2.943890169e-02 2.464073338e-02 1.902027801e-02
 1.247532759e-02 4.929568619e-03-2.747630002e-03-1.060130261e-02-1.865930855e-02
-2.694565989e-02-3.548635542e-02-4.431192949e-02-5.345877260e-02-6.297229975e-02
-7.292269915e-02-8.344671130e-02-9.463859349e-02-1.064656004e-01-1.189290583e-01
-1.320161223e-01-1.455997974e-01-1.592703015e-01-1.720405966e-01-1.822734773e-01
-1.885409057e-01-1.903417557e-01-1.882138401e-01-1.836435050e-01-1.781507432e-01
 2.276786654e-05 4.295696854e-04 1.345747965e-03 2.772522159e-03 4.215531982e-03
 5.199696869e-03 6.310017314e-03 7.613455411e-03 9.113514796e-03 1.081178058e-02
 1.270496473e-02 1.477511413e-02 1.699863747e-02 1.934697852e-02 2.178771980e-02
 2.428599074e-02 2.680595592e-02 2.931216732e-02 3.177060932e-02 3.414935619e-02
 3.641877696e-02 3.855140135e-02 4.052145034e-02 4.230423644e-02 4.387544841e-02
 4.521051422e-02 4.628403485e-02 4.706937075e-02 4.753841832e-02 4.766156897e-02
 4.740782082e-02 4.674501717e-02 4.564011469e-02 4.405931756e-02 4.196777567e-02
 3.932853416e-02 3.610009328e-02 3.223209083e-02 2.765852027e-02 2.228838205e-02
 1.599474438e-02 8.605496958e-03 9.601677302e-04-6.889744662e-03-1.492889877e-02
-2.315731160e-02-3.158219531e-02-4.021437839e-02-4.906573147e-02-5.814355612e-02
-6.741701066e-02-7.700727135e-02-8.730821311e-02-9.769918025e-02-1.082179770e-01
-1.187433898e-01-1.290523410e-01-1.387995183e-01-1.475209743e-01-1.547085345e-01
-1.599555910e-01-1.630990952e-01-1.642753184e-01-1.638601422e-01-1.623250991e-01
 2.293501529e-05 4.327053612e-04 1.355390181e-03 2.788818907e-03 4.244478419e-03
 5.244832020e-03 6.381473504e-03 7.713783067e-03 9.244923480e-03 1.097758021e-02
 1.290851831e-02 1.501956210e-02 1.728671603e-02 1.968094893e-02 2.216939628e-02
 2.471682616e-02 2.728718705e-02 2.984497696e-02 3.235631436e-02 3.478956968e-02
 3.711555153e-02 3.930731863e-02 4.133968428e-02 4.318856075e-02 4.483022913e-02
 4.624066874e-02 4.739494994e-02 4.826685414e-02 4.882860929e-02 4.905089363e-02
 4.890296981e-02 4.835299030e-02 4.736840725e-02 4.591628164e-02 4.396337271e-02
 4.147555679e-02 3.841622174e-02 3.474308550e-02 3.040326387e-02 2.532725409e-02
 1.942492090e-02 1.259277575e-02 4.756649956e-03-3.155744867e-03-1.117636543e-02
-1.931657270e-02-2.757992409e-02-3.596633300e-02-4.447317123e-02-5.309766904e-02
-6.185255945e-02-7.079432905e-02-7.991497964e-02-8.907266706e-02-9.813333303e-02
-1.069638878e-01-1.154007763e-01-1.232464015e-01-1.302841306e-01-1.363092959e-01
-1.411691457e-01-1.447974443e-01-1.472285539e-01-1.485847980e-01-1.490436345e-01
 2.308037074e-05 4.354777921e-04 1.364343218e-03 2.812973224e-03 4.283920862e-03
 5.313199945e-03 6.451280322e-03 7.800287101e-03 9.354710579e-03 1.111502573e-02
 1.307692286e-02 1.522166282e-02 1.752478443e-02 1.995682903e-02 2.248454839e-02
 2.507242933e-02 2.768425271e-02 3.028451465e-02 3.283947706e-02 3.531779721e-02
 3.769068792e-02 3.993169591e-02 4.201617837e-02 4.392059892e-02 4.562179372e-02
 4.709624872e-02 4.831951112e-02 4.926577210e-02 4.990764707e-02 5.021613836e-02
 5.016082525e-02 4.971022531e-02 4.883227497e-02 4.749481753e-02 4.566591606e-02
 4.331364855e-02 4.040493816e-02 3.690275550e-02 3.276117891e-02 2.791772597e-02
 2.228325233e-02 1.573091000e-02 8.088981733e-03 2.588982752e-04-7.687652484e-03
-1.571772620e-02-2.381316014e-02-3.195981681e-02-4.014188051e-02-4.833604023e-02
-5.649706349e-02-6.474969536e-02-7.323998958e-02-8.156191558e-02-8.965913951e-02
-9.744922072e-02-1.048294678e-01-1.116873547e-01-1.179108396e-01-1.234012172e-01
-1.280865967e-01-1.319326609e-01-1.349470913e-01-1.371766925e-01-1.386979520e-01
 2.318621955e-05 4.374533892e-04 1.370314858e-03 2.820381429e-03 4.297271371e-03
 5.325281993e-03 6.494136062e-03 7.864422165e-03 9.439708665e-03 1.122260932e-02
 1.320912689e-02 1.538044680e-02 1.771185920e-02 2.017360367e-02 2.273215353e-02
 2.535178326e-02 2.799616754e-02 3.062981181e-02 3.321911767e-02 3.573299572e-02
 3.814300522e-02 4.042311013e-02 4.254912958e-02 4.449799657e-02 4.624702036e-02
 4.777313024e-02 4.905229807e-02 5.005909875e-02 5.076649413e-02 5.114580691e-02
 5.116693303e-02 5.079872906e-02 5.000956357e-02 4.876792058e-02 4.704292491e-02
 4.480446130e-02 4.202252999e-02 3.866526112e-02 3.469515964e-02 3.006351180e-02
 2.470406890e-02 1.853003167e-02 1.144545991e-02 3.398330184e-03-4.604598042e-03
-1.259006746e-02-2.056434005e-02-2.852202207e-02-3.644967824e-02-4.432771727e-02
-5.214089528e-02-5.997653678e-02-6.786695123e-02-7.559693605e-02-8.307503909e-02
-9.023474902e-02-9.700724483e-02-1.033231467e-01-1.091172472e-01-1.143339947e-01
-1.189329401e-01-1.228927523e-01-1.262131035e-01-1.289138347e-01-1.310318857e-01
 2.326579306e-05 4.389621608e-04 1.375100925e-03 2.830840647e-03 4.314953927e-03
 5.352386273e-03 6.530709565e-03 7.912494242e-03 9.501637891e-03 1.130050980e-02
 1.330475416e-02 1.549531240e-02 1.784723066e-02 2.033051103e-02 2.291142195e-02
 2.555408888e-02 2.822211385e-02 3.088002466e-02 3.349433839e-02 3.603416309e-02
 3.847132623e-02 4.078011215e-02 4.293668270e-02 4.491834715e-02 4.670276493e-02
 4.826721922e-02 4.958800599e-02 5.064000189e-02 5.139644071e-02 5.182890967e-02
 5.190753564e-02 5.160142481e-02 5.087921023e-02 4.970975220e-02 4.806274548e-02
 4.590902478e-02 4.322013259e-02 3.996663168e-02 3.611454368e-02 3.161957115e-02
 2.641928568e-02 2.042515017e-02 1.351954881e-02 5.570668727e-03-2.354157623e-03
-1.024943404e-02-1.810694858e-02-2.591418847e-02-3.365415335e-02-4.130720347e-02
-4.886600375e-02-5.640445650e-02-6.393899024e-02-7.130109519e-02-7.840342820e-02
-8.519223332e-02-9.161792696e-02-9.763310850e-02-1.031946093e-01-1.082662493e-01
-1.128213108e-01-1.168444678e-01-1.203327030e-01-1.232951209e-01-1.257517636e-01
 2.331437281e-05 4.398938036e-04 1.378160086e-03 2.840385539e-03 4.328795709e-03
 5.377973430e-03 6.555737462e-03 7.942456752e-03 9.539562277e-03 1.134813391e-02
 1.336329430e-02 1.556574460e-02 1.793035492e-02 2.042697743e-02 2.302175574e-02
 2.567872219e-02 2.836144716e-02 3.103447333e-02 3.366439417e-02 3.622044623e-02
 3.867463395e-02 4.100143909e-02 4.317725077e-02 4.517960548e-02 4.698639363e-02
 4.857511073e-02 4.992226139e-02 5.100291595e-02 5.179046839e-02 5.225666240e-02
 5.237175524e-02 5.210496858e-02 5.142504722e-02 5.030098185e-02 4.870263860e-02
 4.660114646e-02 4.396852851e-02 4.077611491e-02 3.699099272e-02 3.257007897e-02
 2.745178342e-02 2.154686488e-02 1.473342441e-02 6.869826000e-03-9.795028018e-04
-8.798913099e-03-1.657228544e-02-2.428149804e-02-3.190480918e-02-3.941243514e-02
-4.674095288e-02-5.401862785e-02-6.151350960e-02-6.869962066e-02-7.560306042e-02
-8.219599724e-02-8.844155818e-02-9.430322051e-02-9.974788129e-02-1.047478542e-01
-1.092823893e-01-1.133388504e-01-1.169132665e-01-1.200103611e-01-1.226429716e-01
 2.332266922e-05 4.400229955e-04 1.378317364e-03 2.836027648e-03 4.322207998e-03
 5.367614329e-03 6.556245498e-03 7.949998602e-03 9.551933035e-03 1.136480924e-02
 1.338433288e-02 1.559138484e-02 1.796086878e-02 2.046261542e-02 2.306273766e-02
 2.572524548e-02 2.841369994e-02 3.109265678e-02 3.372873738e-02 3.629122674e-02
 3.875219822e-02 4.108621180e-02 4.326973483e-02 4.528038576e-02 4.709613696e-02
 4.869456217e-02 5.005223304e-02 5.114427209e-02 5.194412917e-02 5.242357031e-02
 5.255288258e-02 5.230128393e-02 5.163753033e-02 5.053059012e-02 4.895032942e-02
 4.686789215e-02 4.425537586e-02 4.108425602e-02 3.732187673e-02 3.292551637e-02
 2.783399820e-02 2.195833623e-02 1.517639682e-02 7.344931830e-03-4.751758534e-04
-8.266281337e-03-1.601046510e-02-2.368863486e-02-3.128033131e-02-3.876681626e-02
-4.614806175e-02-5.346893892e-02-6.072486192e-02-6.780746579e-02-7.463617623e-02
-8.116355538e-02-8.735138178e-02-9.316510707e-02-9.857409447e-02-1.035528481e-01
-1.080821827e-01-1.121501103e-01-1.157523692e-01-1.188924238e-01-1.215810403e-01
 2.330814277e-05 4.397693847e-04 1.377725159e-03 2.839308232e-03 4.326405004e-03
 5.374611355e-03 6.554319058e-03 7.942719385e-03 9.541311301e-03 1.135135908e-02
 1.336807199e-02 1.557219494e-02 1.793862134e-02 2.043721266e-02 2.303412184e-02
 2.569338679e-02 2.837858349e-02 3.105426580e-02 3.368704021e-02 3.624615818e-02
 3.870364651e-02 4.103400931e-02 4.321365431e-02 4.522013664e-02 4.703134671e-02
 4.862479493e-02 4.997697100e-02 5.106292292e-02 5.185601488e-02 5.232792720e-02
 5.244886503e-02 5.218795687e-02 5.151385814e-02 5.039545149e-02 4.880250990e-02
 4.670606926e-02 4.407811537e-02 4.088999331e-02 3.710890189e-02 3.269196302e-02
 2.757788077e-02 2.167769149e-02 1.486955117e-02 7.011161651e-03-8.348225965e-04
-8.653168567e-03-1.642835140e-02-2.414314449e-02-3.177732974e-02-3.930426016e-02
-4.667054117e-02-5.397378653e-02-6.142004952e-02-6.858342886e-02-7.547422498e-02
-8.206011355e-02-8.830228448e-02-9.416309744e-02-9.960870445e-02-1.046108827e-01
-1.091485173e-01-1.132086590e-01-1.167871505e-01-1.198885441e-01-1.225255579e-01
 2.325846253e-05 4.388199595e-04 1.374645974e-03 2.829890233e-03 4.313443787e-03
 5.350930151e-03 6.530548912e-03 7.914300077e-03 9.505740367e-03 1.130720042e-02
 1.331433095e-02 1.550808828e-02 1.786353253e-02 2.035067603e-02 2.293579280e-02
 2.558301389e-02 2.825595625e-02 3.091916814e-02 3.353918716e-02 3.608516231e-02
 3.852896020e-02 4.084490612e-02 4.300919920e-02 4.499918595e-02 4.679254070e-02
 4.836655036e-02 4.969749600e-02 5.076021329e-02 5.152786523e-02 5.197192729e-02
 5.206240714e-02 5.176823586e-02 5.105786398e-02 4.989994317e-02 4.826397821e-02
 4.612063989e-02 4.344141111e-02 4.019691423e-02 3.635343164e-02 3.186712041e-02
 2.667616867e-02 2.069260180e-02 1.379883755e-02 5.861463491e-03-2.055217046e-03
-9.946289472e-03-1.780431345e-02-2.561776713e-02-3.337079287e-02-4.104454070e-02
-4.862882197e-02-5.617639050e-02-6.369280815e-02-7.103535533e-02-7.812433690e-02
-8.490586281e-02-9.132916480e-02-9.734568745e-02-1.029112712e-01-1.079889536e-01
-1.125514135e-01-1.165828481e-01-1.200798899e-01-1.230513901e-01-1.255171895e-01
 2.317986764e-05 4.373308038e-04 1.369939419e-03 2.819663845e-03 4.296324216e-03
 5.324777681e-03 6.495202892e-03 7.867923006e-03 9.446233511e-03 1.123267598e-02
 1.322324015e-02 1.539912261e-02 1.773562655e-02 2.020299993e-02 2.276773006e-02
 2.539409697e-02 2.804579586e-02 3.068736196e-02 3.328523785e-02 3.580838069e-02
 3.822841868e-02 4.051937163e-02 4.265711457e-02 4.461863637e-02 4.638126865e-02
 4.792195931e-02 4.921664670e-02 5.023984611e-02 5.096440762e-02 5.136150867e-02
 5.140084401e-02 5.105102435e-02 5.028012767e-02 4.905635118e-02 4.734852910e-02
 4.512635618e-02 4.235976562e-02 3.901705891e-02 3.506120294e-02 3.044427559e-02
 2.510101348e-02 1.894544996e-02 1.188139617e-02 3.853519447e-03-4.134441260e-03
-1.210976765e-02-2.007950656e-02-2.803932875e-02-3.597713634e-02-4.387471452e-02
-5.171583220e-02-5.956360325e-02-6.743512303e-02-7.514876872e-02-8.261867613e-02
-8.977711201e-02-9.655363113e-02-1.028774530e-01-1.086822003e-01-1.139114425e-01
-1.185240522e-01-1.224982068e-01-1.258331835e-01-1.285485774e-01-1.306811124e-01
 2.307498835e-05 4.353692348e-04 1.363980933e-03 2.812106395e-03 4.281814676e-03
 5.309743807e-03 6.452368107e-03 7.804979570e-03 9.363260120e-03 1.112797298e-02
 1.309490856e-02 1.524538547e-02 1.755497791e-02 1.999425143e-02 2.252998017e-02
 2.512667142e-02 2.774813771e-02 3.035891242e-02 3.292531148e-02 3.541606665e-02
 3.780246153e-02 4.005813226e-02 4.215850681e-02 4.408012331e-02 4.579985514e-02
 4.729420319e-02 4.853868112e-02 4.950740933e-02 5.017285049e-02 5.050581321e-02
 5.047560856e-02 5.005043373e-02 4.919784516e-02 4.788530245e-02 4.608052596e-02
 4.375136644e-02 4.086473212e-02 3.738393635e-02 3.326380998e-02 2.844306082e-02
 2.283395268e-02 1.631063223e-02 8.700329810e-03 8.980314597e-04-7.025013212e-03
-1.503629517e-02-2.311825939e-02-3.125778213e-02-3.944087401e-02-4.764779285e-02
-5.584105104e-02-6.411568820e-02-7.257871330e-02-8.089350909e-02-8.899599314e-02
-9.679855406e-02-1.041956544e-01-1.110730469e-01-1.173175573e-01-1.228297204e-01
-1.275371462e-01-1.314051151e-01-1.344411075e-01-1.366917193e-01-1.382333189e-01
 2.293211219e-05 4.326469207e-04 1.355227549e-03 2.788584679e-03 4.244447686e-03
 5.245759152e-03 6.384487264e-03 7.719939109e-03 9.255103767e-03 1.099262759e-02
 1.292929053e-02 1.504696719e-02 1.732171513e-02 1.972454786e-02 2.222264186e-02
 2.478080615e-02 2.736303024e-02 2.993387356e-02 3.245952353e-02 3.490843251e-02
 3.725150973e-02 3.946191445e-02 4.151456058e-02 4.338544607e-02 4.505091161e-02
 4.648694769e-02 4.766860604e-02 4.856956378e-02 4.916189238e-02 4.941602796e-02
 4.930089787e-02 4.878426716e-02 4.783312231e-02 4.641406238e-02 4.449344426e-02
 4.203691706e-02 3.900794685e-02 3.536479175e-02 3.105566092e-02 2.601263113e-02
 2.014722116e-02 1.335643325e-02 5.562557839e-03-2.312215744e-03-1.029959414e-02
-1.841063052e-02-2.664846927e-02-3.501257673e-02-4.350011051e-02-5.210920423e-02
-6.085672975e-02-6.980565190e-02-7.894928008e-02-8.813998848e-02-9.723711759e-02
-1.061046720e-01-1.145780534e-01-1.224592254e-01-1.295313537e-01-1.355896592e-01
-1.404813379e-01-1.441401094e-01-1.466003507e-01-1.479844004e-01-1.484696865e-01
 2.276622217e-05 4.295299004e-04 1.345609548e-03 2.772184322e-03 4.214876331e-03
 5.199611653e-03 6.312741432e-03 7.619835436e-03 9.124198928e-03 1.082759071e-02
 1.272686571e-02 1.480419468e-02 1.703609712e-02 1.939409971e-02 2.184586227e-02
 2.435658127e-02 2.689049020e-02 2.941221558e-02 3.188783303e-02 3.428551182e-02
 3.657574952e-02 3.873118386e-02 4.072616249e-02 4.253609851e-02 4.413676262e-02
 4.550361633e-02 4.661123455e-02 4.743289202e-02 4.794031009e-02 4.810360447e-02
 4.789141193e-02 4.727111384e-02 4.620915651e-02 4.467120394e-02 4.262196645e-02
 4.002425447e-02 3.683673963e-02 3.300980479e-02 2.847885527e-02 2.315481566e-02
 1.691241935e-02 9.578824975e-03 1.984390663e-03-5.819587037e-03-1.381752174e-02
-2.200864255e-02-3.039860353e-02-3.899565712e-02-4.780755192e-02-5.683328211e-02
-6.601063162e-02-7.552534342e-02-8.601243049e-02-9.649856389e-02-1.070917621e-01
-1.176813543e-01-1.280476898e-01-1.378470808e-01-1.466165781e-01-1.538486779e-01
-1.591372788e-01-1.623197198e-01-1.635325104e-01-1.631517559e-01-1.616490930e-01
 2.256808511e-05 4.257856635e-04 1.333856024e-03 2.746517770e-03 4.173117224e-03
 5.135835614e-03 6.223560777e-03 7.500218693e-03 8.969285525e-03 1.063267980e-02
 1.248782221e-02 1.451738458e-02 1.669846289e-02 1.900320314e-02 2.139985003e-02
 2.385408618e-02 2.633047290e-02 2.879376896e-02 3.120997176e-02 3.354699537e-02
 3.577490523e-02 3.786582872e-02 3.979350999e-02 4.153276980e-02 4.305880144e-02
 4.434655234e-02 4.537017271e-02 4.610259831e-02 4.651528969e-02 4.657819122e-02
 4.625977203e-02 4.552718997e-02 4.434646294e-02 4.268241674e-02 4.049819335e-02
 3.775393590e-02 3.440424427e-02 3.039412200e-02 2.565386519e-02 2.009531669e-02
 1.361697540e-02 6.138288416e-03-1.478903694e-03-9.279480204e-03-1.729156822e-02
-2.553912811e-02-3.404613212e-02-4.283879325e-02-5.194870383e-02-6.141884997e-02
-7.132898271e-02-8.186300844e-02-9.313560277e-02-1.050599739e-01-1.176141351e-01
-1.307822317e-01-1.444381475e-01-1.581734419e-01-1.710023582e-01-1.812888384e-01
-1.876057684e-01-1.894527227e-01-1.873679012e-01-1.828378886e-01-1.773827970e-01
 2.234013846e-05 4.214668879e-04 1.320194453e-03 2.716747811e-03 4.120636266e-03
 5.058652721e-03 6.118968129e-03 7.362030912e-03 8.790912107e-03 1.040827949e-02
 1.221262291e-02 1.418707892e-02 1.630936936e-02 1.855234802e-02 2.088495716e-02
 2.327347919e-02 2.568290383e-02 2.807820402e-02 3.042537905e-02 3.269211575e-02
 3.484809771e-02 3.686492518e-02 3.871577606e-02 4.037487134e-02 4.181686789e-02
 4.301624745e-02 4.394679889e-02 4.458120838e-02 4.489082843e-02 4.484556615e-02
 4.441388696e-02 4.356287792e-02 4.225822166e-02 4.046385735e-02 3.814105317e-02
 3.524643555e-02 3.172844276e-02 2.752166055e-02 2.253870107e-02 1.665967703e-02
 9.720677510e-03 2.506535267e-03-4.942460451e-03-1.262240019e-02-2.054849453e-02
-2.875673026e-02-3.728369251e-02-4.615411535e-02-5.541418865e-02-6.512659788e-02
-7.537508756e-02-8.646251261e-02-9.868228436e-02-1.119094566e-01-1.263717413e-01
-1.424213052e-01-1.605507433e-01-1.814965606e-01-2.067784071e-01-2.262278795e-01
-2.392400056e-01-2.360338271e-01-2.199184299e-01-2.043852508e-01-1.922165751e-01
 2.209191007e-05 4.168029118e-04 1.305809012e-03 2.693367191e-03 4.076952580e-03
 5.003528669e-03 6.011432502e-03 7.209859323e-03 8.590792306e-03 1.015441399e-02
 1.190199610e-02 1.381426584e-02 1.586982049e-02 1.804241166e-02 2.030183002e-02
 2.261509374e-02 2.494774759e-02 2.726509236e-02 2.953320555e-02 3.171963245e-02
 3.379371017e-02 3.572657332e-02 3.749085218e-02 3.906021640e-02 4.040881619e-02
 4.151073098e-02 4.233946279e-02 4.286757484e-02 4.306641966e-02 4.290601611e-02
 4.235499352e-02 4.138052091e-02 3.994809836e-02 3.802098334e-02 3.555894271e-02
 3.251609206e-02 2.883757651e-02 2.445561811e-02 1.928706095e-02 1.323909312e-02
 6.240744144e-03-8.886943688e-04-8.193294518e-03-1.570332423e-02-2.345413528e-02
-3.150586039e-02-3.990087658e-02-4.865271226e-02-5.781816691e-02-6.746996194e-02
-7.769814879e-02-8.883324265e-02-1.012252644e-01-1.147746891e-01-1.298246831e-01
-1.469196528e-01-1.669088751e-01-1.911672503e-01-2.216992974e-01-2.453340143e-01
-2.579812407e-01-2.538474202e-01-2.333581746e-01-2.126419842e-01-1.972512752e-01
 2.181059426e-05 4.114647745e-04 1.288834959e-03 2.651836025e-03 4.009422846e-03
 4.890605807e-03 5.879642442e-03 7.038357202e-03 8.369726129e-03 9.876016527e-03
 1.155932900e-02 1.340146735e-02 1.538179256e-02 1.747493260e-02 1.965158060e-02
 2.187957987e-02 2.412513457e-02 2.635398321e-02 2.853239141e-02 3.062784858e-02
 3.260943294e-02 3.444786370e-02 3.611527756e-02 3.758484125e-02 3.883024678e-02
 3.982521966e-02 4.054304957e-02 4.095624015e-02 4.103622586e-02 4.075322673e-02
 4.007608443e-02 3.897205740e-02 3.740639612e-02 3.534140438e-02 3.273470327e-02
 2.953625470e-02 2.568366192e-02 2.109538019e-02 1.566175558e-02 9.234646335e-03
 2.569299424e-03-4.289905541e-03-1.133019850e-02-1.855884120e-02-2.601536550e-02
-3.377373517e-02-4.182753339e-02-5.022002384e-02-5.900795385e-02-6.825950742e-02
-7.807716727e-02-8.865949512e-02-1.001780257e-01-1.126881614e-01-1.263575405e-01
-1.414535493e-01-1.583192796e-01-1.773523688e-01-1.987481564e-01-2.154746354e-01
-2.241260260e-01-2.228676826e-01-2.118061036e-01-1.987747252e-01-1.877388954e-01
 2.151559784e-05 4.058990162e-04 1.271432033e-03 2.618198982e-03 3.950732760e-03
 4.798863083e-03 5.746164825e-03 6.855895277e-03 8.131313138e-03 9.574194439e-03
 1.118638832e-02 1.295071095e-02 1.484731492e-02 1.685175672e-02 1.893571019e-02
 2.106794715e-02 2.321545780e-02 2.534455247e-02 2.742180973e-02 2.941478044e-02
 3.129238263e-02 3.302499652e-02 3.458433598e-02 3.594310954e-02 3.707458451e-02
 3.795216978e-02 3.854896128e-02 3.883741051e-02 3.878904507e-02 3.837423399e-02
 3.756196424e-02 3.631950170e-02 3.461177275e-02 3.240033984e-02 2.964171581e-02
 2.628503554e-02 2.226944081e-02 1.752281375e-02 1.196627319e-02 5.535447970e-03
-9.909919463e-04-7.647828199e-03-1.442531776e-02-2.127862163e-02-2.831087261e-02
-3.556159511e-02-4.307677224e-02-5.089733005e-02-5.906002596e-02-6.760487705e-02
-7.656650245e-02-8.603180200e-02-9.619084001e-02-1.068660095e-01-1.180993617e-01
-1.298398823e-01-1.419075429e-01-1.538641751e-01-1.648392379e-01-1.735721529e-01
-1.789717227e-01-1.806345433e-01-1.789817661e-01-1.751157194e-01-1.702181399e-01
 2.120986937e-05 4.001273483e-04 1.253360417e-03 2.580994740e-03 3.889774205e-03
 4.706002772e-03 5.605974700e-03 6.662544794e-03 7.877385244e-03 9.251261130e-03
 1.078574173e-02 1.246471424e-02 1.426911447e-02 1.617544144e-02 1.815641485e-02
 2.018184215e-02 2.221964300e-02 2.423684672e-02 2.620050870e-02 2.807838283e-02
 2.983934432e-02 3.145354614e-02 3.289233521e-02 3.412799910e-02 3.513341397e-02
 3.588164225e-02 3.634555265e-02 3.649746999e-02 3.630886599e-02 3.575005382e-02
 3.478979319e-02 3.339474648e-02 3.152858466e-02 2.915059216e-02 2.621366642e-02
 2.266175486e-02 1.842729002e-02 1.343038306e-02 7.584258914e-03 1.550220186e-03
-4.664121196e-03-1.107007265e-02-1.776787639e-02-2.409350313e-02-3.030765615e-02
-3.688258305e-02-4.373406991e-02-5.084980279e-02-5.823259428e-02-6.589054316e-02
-7.383686304e-02-8.209414780e-02-9.065528959e-02-9.945348650e-02-1.083950028e-01
-1.173397824e-01-1.260708869e-01-1.342759579e-01-1.415580511e-01-1.474992037e-01
-1.517710090e-01-1.542399377e-01-1.550093293e-01-1.543754786e-01-1.527219266e-01
 2.090149428e-05 3.942680487e-04 1.234667259e-03 2.539349953e-03 3.816758748e-03
 4.593338352e-03 5.454684142e-03 6.460118107e-03 7.611559704e-03 8.911023848e-03
 1.036085468e-02 1.194719411e-02 1.365105901e-02 1.544972882e-02 1.731701754e-02
 1.922392100e-02 2.113945596e-02 2.303157747e-02 2.486799844e-02 2.661685273e-02
 2.824712172e-02 2.972883172e-02 3.103303537e-02 3.213162720e-02 3.299706057e-02
 3.360199928e-02 3.391896933e-02 3.392000496e-02 3.357630596e-02 3.285780549e-02
 3.173261881e-02 3.016620129e-02 2.812008560e-02 2.555006184e-02 2.240386605e-02
 1.861872897e-02 1.411977317e-02 8.822071366e-03 3.338210052e-03-2.334515564e-03
-8.203374222e-03-1.432901341e-02-2.049224265e-02-2.589840442e-02-3.170682490e-02
-3.772206977e-02-4.393155128e-02-5.032823607e-02-5.690358207e-02-6.364560872e-02
-7.053378224e-02-7.758633047e-02-8.480976522e-02-9.205532819e-02-9.923899174e-02
-1.062466800e-01-1.129310057e-01-1.191170588e-01-1.246174797e-01-1.292583644e-01
-1.329109818e-01-1.355185807e-01-1.371074617e-01-1.377773434e-01-1.376761794e-01
 2.062402018e-05 3.890418448e-04 1.218407648e-03 2.512226580e-03 3.765012138e-03
 4.513696767e-03 5.319569726e-03 6.263427436e-03 7.343685720e-03 8.560058661e-03
 9.913049638e-03 1.140301954e-02 1.299900468e-02 1.468033809e-02 1.642257161e-02
 1.819825731e-02 1.997780800e-02 2.173034102e-02 2.342445590e-02 2.502886206e-02
 2.651280537e-02 2.784629725e-02 2.900015190e-02 2.994585782e-02 3.065536916e-02
 3.110080026e-02 3.125412390e-02 3.108682111e-02 3.056949377e-02 2.967139520e-02
 2.835970744e-02 2.659849077e-02 2.434702404e-02 2.155748941e-02 1.817235537e-02
 1.412367541e-02 9.334768169e-03 4.384540487e-03-7.289376808e-04-6.016379222e-03
-1.152729895e-02-1.742265373e-02-2.226495743e-02-2.746984549e-02-3.282463551e-02
-3.830807656e-02-4.391211644e-02-4.962705821e-02-5.544055998e-02-6.133668497e-02
-6.729657203e-02-7.332672924e-02-7.940866798e-02-8.543398976e-02-9.132457525e-02
-9.699833393e-02-1.023629457e-01-1.073200181e-01-1.117729545e-01-1.156373546e-01
-1.188519672e-01-1.213872582e-01-1.232490540e-01-1.244762242e-01-1.251332164e-01
 2.037913691e-05 3.844002204e-04 1.203689491e-03 2.475674497e-03 3.710740246e-03
 4.427324049e-03 5.195599515e-03 6.080009043e-03 7.086485159e-03 8.216110989e-03
 9.470022283e-03 1.084987354e-02 1.232544798e-02 1.387675293e-02 1.548045687e-02
 1.711049117e-02 1.873869635e-02 2.033551410e-02 2.187063172e-02 2.331352606e-02
 2.463387139e-02 2.580176480e-02 2.678779699e-02 2.756299078e-02 2.809862234e-02
 2.836598270e-02 2.833608352e-02 2.797933482e-02 2.726517618e-02 2.616164275e-02
 2.463481575e-02 2.264795080e-02 2.016000077e-02 1.712226868e-02 1.347033400e-02
 9.133180603e-03 4.659949336e-03 5.573589078e-05-4.670189228e-03-9.494931437e-03
-1.436946262e-02-1.925062761e-02-2.411163971e-02-2.898753248e-02-3.391401842e-02
-3.889845684e-02-4.393641278e-02-4.901871830e-02-5.413298309e-02-5.926439911e-02
-6.440317631e-02-6.957500428e-02-7.475455850e-02-7.983785123e-02-8.476135880e-02
-8.947161585e-02-9.391288459e-02-9.802867472e-02-1.017657295e-01-1.050786823e-01
-1.079345047e-01-1.103158742e-01-1.122227013e-01-1.136715338e-01-1.146930680e-01
 2.019500971e-05 3.808459151e-04 1.191988471e-03 2.451274078e-03 3.666054457e-03
 4.358503502e-03 5.106346682e-03 5.925564561e-03 6.852257531e-03 7.888772525e-03
 9.035645053e-03 1.029457059e-02 1.163850725e-02 1.304703858e-02 1.449781656e-02
 1.596633904e-02 1.742618531e-02 1.884943619e-02 2.020716481e-02 2.146987244e-02
 2.260783873e-02 2.359133586e-02 2.439072169e-02 2.497640625e-02 2.531871572e-02
 2.538766712e-02 2.515264973e-02 2.458202653e-02 2.364271134e-02 2.229984105e-02
 2.051680163e-02 1.825622283e-02 1.548462547e-02 1.218301617e-02 8.248919621e-03
 4.190483131e-03 1.226975473e-05-4.277524538e-03-8.662827313e-03-1.307327952e-02
-1.742388494e-02-2.180498466e-02-2.624549158e-02-3.072066605e-02-3.521671891e-02
-3.972335160e-02-4.423012584e-02-4.872603342e-02-5.319955945e-02-5.763675645e-02
-6.201602146e-02-6.652976573e-02-7.099216431e-02-7.531403750e-02-7.947058231e-02
-8.343285322e-02-8.716864139e-02-9.064525366e-02-9.383209050e-02-9.670313448e-02
-9.923906624e-02-1.014289185e-01-1.032708660e-01-1.047721654e-01-1.059482396e-01
 2.017084807e-05 3.802069987e-04 1.188695431e-03 2.441287274e-03 3.636682406e-03
 4.297733773e-03 5.006873515e-03 5.801101681e-03 6.651404779e-03 7.593235001e-03
 8.623071015e-03 9.740917012e-03 1.094749942e-02 1.220082026e-02 1.348260231e-02
 1.477145497e-02 1.604356430e-02 1.727322489e-02 1.843330450e-02 1.949561574e-02
 2.043122984e-02 2.121065743e-02 2.180395089e-02 2.218070440e-02 2.230996266e-02
 2.216002345e-02 2.169804275e-02 2.088928409e-02 1.969586872e-02 1.807572506e-02
 1.598065719e-02 1.334946789e-02 1.011223439e-02 6.698213518e-03 3.062780481e-03
-7.429677644e-04-4.668563139e-03-8.690365590e-03-1.259095501e-02-1.653384417e-02
-2.054027095e-02-2.460289933e-02-2.869941108e-02-3.280666098e-02-3.690269962e-02
-4.096713290e-02-4.498087987e-02-4.892736301e-02-5.279774219e-02-5.658528954e-02
-6.050071865e-02-6.439305842e-02-6.816976517e-02-7.181476057e-02-7.531297207e-02
-7.864657044e-02-8.179623634e-02-8.474240452e-02-8.746665716e-02-8.995306492e-02
-9.218942374e-02-9.416811168e-02-9.588667005e-02-9.734784812e-02-9.855932742e-02
 2.051735646e-05 3.864085884e-04 1.205804874e-03 2.466964303e-03 3.667161800e-03
 4.319379106e-03 4.996744916e-03 5.743329879e-03 6.534719374e-03 7.377908099e-03
 8.280928247e-03 9.247655049e-03 1.028491370e-02 1.135651954e-02 1.244480815e-02
 1.353018638e-02 1.459111832e-02 1.560418680e-02 1.654425077e-02 1.738464274e-02
 1.809733547e-02 1.865306497e-02 1.902137510e-02 1.917064562e-02 1.906815358e-02
 1.868025400e-02 1.797255501e-02 1.690930501e-02 1.544858143e-02 1.354522817e-02
 1.116501912e-02 8.204917423e-03 5.059584044e-03 1.713384292e-03-1.838234020e-03
-5.566840060e-03-9.527322836e-03-1.280434802e-02-1.635418832e-02-2.005360089e-02
-2.384111471e-02-2.767597884e-02-3.152175620e-02-3.534481674e-02-3.911453113e-02
-4.280432314e-02-4.639285803e-02-4.983154312e-02-5.312983692e-02-5.652903393e-02
-5.984565243e-02-6.307122856e-02-6.619727612e-02-6.921511889e-02-7.211501151e-02
-7.488592714e-02-7.751581073e-02-7.999217510e-02-8.230292797e-02-8.443723619e-02
-8.638627827e-02-8.814387769e-02-8.970688283e-02-9.107532352e-02-9.225236624e-02
 2.161806879e-05 4.065982648e-04 1.264996943e-03 2.580613596e-03 3.822473576e-03
 4.503204022e-03 5.175386090e-03 5.874530412e-03 6.585144438e-03 7.308378350e-03
 8.053568192e-03 8.830087259e-03 9.647139348e-03 1.051314175e-02 1.138184033e-02
 1.223673578e-02 1.305973344e-02 1.383050159e-02 1.452641375e-02 1.512266323e-02
 1.559234690e-02 1.590642706e-02 1.603355259e-02 1.593980007e-02 1.558862161e-02
 1.494180877e-02 1.396374777e-02 1.263492834e-02 1.089411788e-02 8.633001707e-03
 6.167967338e-03 3.435872030e-03 4.417447781e-04-2.831223654e-03-6.316436920e-03
-9.719084948e-03-1.300749276e-02-1.641593501e-02-1.996453479e-02-2.362176962e-02
-2.734943852e-02-3.110235184e-02-3.483156860e-02-3.848473355e-02-4.203531146e-02
-4.540309310e-02-4.856627807e-02-5.157430097e-02-5.443295836e-02-5.718743056e-02
-5.985143781e-02-6.243057922e-02-6.492860615e-02-6.734634191e-02-6.968116015e-02
-7.192739099e-02-7.407713681e-02-7.612126321e-02-7.805026323e-02-7.985512912e-02
-8.152795583e-02-8.306248486e-02-8.445441723e-02-8.570162207e-02-8.680409938e-02
 2.409240369e-05 4.526784760e-04 1.404554001e-03 2.845324576e-03 4.229209386e-03
 5.012379494e-03 5.714549683e-03 6.355951540e-03 6.934771780e-03 7.473907433e-03
 8.000209928e-03 8.533402346e-03 9.086527862e-03 9.668071754e-03 1.028437819e-02
 1.087429561e-02 1.142679807e-02 1.192570571e-02 1.235122140e-02 1.268068515e-02
 1.288882084e-02 1.294754911e-02 1.282522269e-02 1.248490252e-02 1.188080385e-02
 1.095090434e-02 9.601197205e-03 8.069479838e-03 6.291451864e-03 4.237879068e-03
 1.928639365e-03-6.324128481e-04-3.440607805e-03-6.481585559e-03-9.678700939e-03
-1.293466892e-02-1.630696468e-02-1.982890442e-02-2.349350788e-02-2.727850713e-02
-3.114494681e-02-3.500653431e-02-3.880313411e-02-4.242562130e-02-4.577835649e-02
-4.885525256e-02-5.162740871e-02-5.411653593e-02-5.637288839e-02-5.845919251e-02
-6.043279544e-02-6.233515218e-02-6.419076771e-02-6.601057202e-02-6.779605150e-02
-6.954259425e-02-7.124209404e-02-7.288470864e-02-7.446009666e-02-7.595831156e-02
-7.737036794e-02-7.868865132e-02-7.990716398e-02-8.102164418e-02-8.202956617e-02
 2.841344940e-05 5.352726439e-04 1.670046244e-03 3.406914417e-03 5.171800964e-03
 6.277330685e-03 7.027032319e-03 7.453863043e-03 7.703687996e-03 7.907303981e-03
 8.115415461e-03 8.342610672e-03 8.592261933e-03 8.860845119e-03 9.138419293e-03
 9.406152181e-03 9.645993821e-03 9.839208797e-03 9.965819307e-03 1.000443380e-02
 9.932235815e-03 9.725027718e-03 9.357343428e-03 8.802785538e-03 8.035015315e-03
 7.030562963e-03 5.776278209e-03 4.288629163e-03 2.566803712e-03 6.081356551e-04
-1.585947233e-03-4.012394231e-03-6.663873792e-03-9.533198550e-03-1.261552144e-02
-1.587994397e-02-1.934078336e-02-2.301650681e-02-2.691937238e-02-3.094765171e-02
-3.516898677e-02-3.946819156e-02-4.368650541e-02-4.761413485e-02-5.106166005e-02
-5.392286181e-02-5.617322773e-02-5.787663534e-02-5.919940397e-02-6.034231931e-02
-6.144231185e-02-6.256552041e-02-6.373509020e-02-6.495208293e-02-6.620700657e-02
-6.748574227e-02-6.877264380e-02-7.005219162e-02-7.130979002e-02-7.253225148e-02
-7.370803505e-02-7.482731342e-02-7.588204741e-02-7.686594129e-02-7.777433842e-02
 3.323779310e-05 6.296496722e-04 1.992090140e-03 4.179347772e-03 6.882902235e-03
 1.036648918e-02 9.985345416e-03 9.024239145e-03 8.619056083e-03 8.372905664e-03
 8.221347816e-03 8.137594908e-03 8.102767169e-03 8.100187406e-03 8.113442920e-03
 8.125323802e-03 8.118067868e-03 8.073213510e-03 7.971533574e-03 7.793128956e-03
 7.517585531e-03 7.124198135e-03 6.592403632e-03 5.902432371e-03 5.036002956e-03
 3.977800719e-03 2.717952477e-03 1.250552712e-03-4.318544525e-04-2.324959263e-03
-4.431338049e-03-6.763936486e-03-9.310465306e-03-1.207864098e-02-1.509170048e-02
-1.837825775e-02-2.188159712e-02-2.563564852e-02-2.972527221e-02-3.417846560e-02
-3.905730322e-02-4.443277419e-02-5.032216385e-02-5.536639690e-02-5.928835273e-02
-6.187827885e-02-6.353162229e-02-6.339419633e-02-6.268920004e-02-6.236068532e-02
-6.237212941e-02-6.265784800e-02-6.315870583e-02-6.382480264e-02-6.461463124e-02
-6.549372524e-02-6.643334031e-02-6.740936637e-02-6.840150803e-02-6.939268112e-02
-7.036855817e-02-7.131718844e-02-7.222877443e-02-7.309540361e-02-7.391089201e-02
 3.539315730e-05 6.715875352e-04 2.131675137e-03 4.482269753e-03 7.387478370e-03
 1.049512532e-02 1.055051573e-02 9.558587335e-03 8.904669434e-03 8.398362435e-03
 8.012361825e-03 7.715339772e-03 7.478348911e-03 7.279198617e-03 7.100848481e-03
 6.927677896e-03 6.743485574e-03 6.530652754e-03 6.270326208e-03 5.943658296e-03
 5.532398354e-03 5.018033553e-03 4.381054547e-03 3.606617916e-03 2.683356404e-03
 1.589759835e-03 3.224102838e-04-1.119518303e-03-2.764464589e-03-4.603112116e-03
-6.637554150e-03-8.878799155e-03-1.133385208e-02-1.400973182e-02-1.692396402e-02
-2.009306289e-02-2.354089916e-02-2.730935812e-02-3.146490455e-02-3.610530496e-02
-4.138043895e-02-4.752237350e-02-5.483553931e-02-6.077313796e-02-6.507413089e-02
-6.730768085e-02-6.876684725e-02-6.679404527e-02-6.438004971e-02-6.293483078e-02
-6.217680871e-02-6.189493835e-02-6.194979697e-02-6.224753708e-02-6.272219867e-02
-6.332538277e-02-6.402021646e-02-6.477780640e-02-6.557498872e-02-6.639289111e-02
-6.721603870e-02-6.803164631e-02-6.882921606e-02-6.960017234e-02-7.033762336e-02
 3.335425936e-05 6.324720453e-04 2.005144721e-03 4.215428140e-03 6.882844027e-03
 9.301757440e-03 9.606429376e-03 8.828791790e-03 8.238284849e-03 7.722265553e-03
 7.313955575e-03 6.966650486e-03 6.637034938e-03 6.316041574e-03 6.016097032e-03
 5.730079487e-03 5.437590647e-03 5.134819075e-03 4.784688819e-03 4.374341108e-03
 3.885889892e-03 3.320004791e-03 2.635630080e-03 1.824714709e-03 8.748735418e-04
-2.265559015e-04-1.492651063e-03-2.927484224e-03-4.535390064e-03-6.320336834e-03
-8.283410221e-03-1.043013297e-02-1.276832912e-02-1.530801691e-02-1.806279086e-02
-2.105090953e-02-2.429741435e-02-2.783745155e-02-3.172071651e-02-3.601815924e-02
-4.083481058e-02-4.634393752e-02-5.294245481e-02-5.824171007e-02-6.213629246e-02
-6.412097812e-02-6.570820510e-02-6.393374503e-02-6.190658733e-02-6.072390452e-02
-6.006730348e-02-5.978537723e-02-5.978145450e-02-5.998705700e-02-6.035131589e-02
-6.083520502e-02-6.140802428e-02-6.204511970e-02-6.272635609e-02-6.343508512e-02
-6.415744871e-02-6.488187611e-02-6.559868157e-02-6.629981846e-02-6.697864830e-02
 2.794822285e-05 5.273875431e-04 1.652320730e-03 3.395598847e-03 5.212774966e-03
 6.338951644e-03 6.841401570e-03 6.816471461e-03 6.617759354e-03 6.374815013e-03
 6.120156497e-03 5.865269806e-03 5.593460053e-03 5.246521905e-03 4.893822130e-03
 4.562357906e-03 4.213277716e-03 3.847799962e-03 3.456168575e-03 3.029124346e-03
 2.542013070e-03 1.967957243e-03 1.291506225e-03 4.892433644e-04-4.580928653e-04
-1.561996411e-03-2.827555174e-03-4.252669867e-03-5.832169205e-03-7.562748622e-03
-9.444504045e-03-1.148060337e-02-1.367658470e-02-1.603982225e-02-1.857930049e-02
-2.130554803e-02-2.423049882e-02-2.736686543e-02-3.072618693e-02-3.431369364e-02
-3.811536729e-02-4.206506908e-02-4.597167671e-02-4.948692396e-02-5.235354230e-02
-5.444982275e-02-5.574943870e-02-5.631843582e-02-5.642521381e-02-5.640371144e-02
-5.642315000e-02-5.654147267e-02-5.677011982e-02-5.710233748e-02-5.752469972e-02
-5.802193284e-02-5.857897550e-02-5.918179452e-02-5.981770158e-02-6.047537550e-02
-6.114483625e-02-6.181735545e-02-6.248534843e-02-6.314229220e-02-6.378262490e-02
 2.216654866e-05 4.163925187e-04 1.291124849e-03 2.610484604e-03 3.820841201e-03
 4.351476207e-03 4.706326406e-03 4.901883658e-03 4.955123644e-03 4.904293455e-03
 4.783226643e-03 4.616278224e-03 4.398889374e-03 4.081904888e-03 3.743157024e-03
 3.404204967e-03 3.038494615e-03 2.646355657e-03 2.240441740e-03 1.836673706e-03
 1.403350965e-03 9.201255743e-04 3.438357962e-04-3.862321610e-04-1.295138267e-03
-2.399547724e-03-3.703090595e-03-5.166347604e-03-6.746144500e-03-8.433608338e-03
-1.023123320e-02-1.214438491e-02-1.417891122e-02-1.634025946e-02-1.863291860e-02
-2.105977573e-02-2.362109348e-02-2.631274052e-02-2.912319824e-02-3.202882037e-02
-3.498709947e-02-3.792946786e-02-4.075967893e-02-4.336706549e-02-4.565348476e-02
-4.755673558e-02-4.906208813e-02-5.020509660e-02-5.106341466e-02-5.173255131e-02
-5.229752138e-02-5.281915516e-02-5.333495885e-02-5.386528373e-02-5.441926792e-02
-5.499917641e-02-5.560326576e-02-5.622754991e-02-5.686693266e-02-5.751588196e-02
-5.816882476e-02-5.882041156e-02-5.946566910e-02-6.010005623e-02-6.071952358e-02
 1.803961641e-05 3.389913763e-04 1.052871812e-03 2.141429111e-03 3.074917244e-03
 3.354170127e-03 3.534050193e-03 3.648892278e-03 3.689499805e-03 3.657704219e-03
 3.561035264e-03 3.408185206e-03 3.199743107e-03 2.918980317e-03 2.597349230e-03
 2.261462389e-03 1.895754947e-03 1.504173968e-03 1.101569971e-03 7.165461429e-04
 3.634746827e-04 4.082005762e-05-1.964900439e-04-9.295507334e-04-1.748580369e-03
-2.805320779e-03-4.294710234e-03-5.875088274e-03-7.462682668e-03-9.093952365e-03
-1.078904234e-02-1.256091986e-02-1.441810839e-02-1.636574231e-02-1.840587519e-02
-2.053729445e-02-2.275490388e-02-2.504869923e-02-2.740236931e-02-2.979173139e-02
-3.218350932e-02-3.453538194e-02-3.679851443e-02-3.892315179e-02-4.086627439e-02
-4.259895533e-02-4.411114007e-02-4.541247711e-02-4.652896896e-02-4.749631882e-02
-4.835235700e-02-4.913115129e-02-4.986001179e-02-5.055892840e-02-5.124141276e-02
-5.191581696e-02-5.258662999e-02-5.325562879e-02-5.392271653e-02-5.458657444e-02
-5.524514616e-02-5.589596555e-02-5.653639138e-02-5.716377497e-02-5.777557939e-02
 1.528136818e-05 2.877667430e-04 8.983145235e-04 1.838166500e-03 2.608913230e-03
 2.725091297e-03 2.763359575e-03 2.769462531e-03 2.733901143e-03 2.650666749e-03
 2.516658045e-03 2.330254763e-03 2.089171205e-03 1.809663721e-03 1.493665040e-03
 1.141932211e-03 7.629827014e-04 3.649524297e-04-3.994934377e-05-4.387092486e-04
-8.134730160e-04-1.139358385e-03-1.407089061e-03-2.063053427e-03-2.838198561e-03
-3.844778286e-03-5.246223416e-03-6.734561175e-03-8.211372420e-03-9.711913764e-03
-1.125600748e-02-1.285584830e-02-1.451867633e-02-1.624794304e-02-1.804378442e-02
-1.990309916e-02-2.181937359e-02-2.378237247e-02-2.577779815e-02-2.778710984e-02
-2.978773415e-02-3.175393865e-02-3.365851939e-02-3.547528759e-02-3.718192503e-02
-3.876261413e-02-4.020979255e-02-4.152453691e-02-4.271555319e-02-4.379705340e-02
-4.478613660e-02-4.570036009e-02-4.655589163e-02-4.736647755e-02-4.814305529e-02
-4.889381304e-02-4.962450266e-02-5.033887550e-02-5.103908107e-02-5.172606930e-02
-5.239990354e-02-5.306003243e-02-5.370550603e-02-5.433511734e-02-5.494755134e-02
 1.299758878e-05 2.454708447e-04 7.715226966e-04 1.598071191e-03 2.235719003e-03
 2.225019271e-03 2.151771449e-03 2.065087436e-03 1.954343403e-03 1.810287358e-03
 1.626107958e-03 1.397555228e-03 1.123439753e-03 8.063360001e-04 4.493520246e-04
 5.604566468e-05-3.680056543e-04-8.153988747e-04-1.277967007e-03-1.749409479e-03
-2.224490512e-03-2.706554951e-03-3.232772928e-03-3.870023647e-03-4.639000166e-03
-5.557345692e-03-6.631605793e-03-7.814971730e-03-9.057860821e-03-1.035162248e-02
-1.169754285e-02-1.309808623e-02-1.455472130e-02-1.606720127e-02-1.763326302e-02
-1.924846694e-02-2.090608142e-02-2.259700559e-02-2.430979908e-02-2.603084221e-02
-2.774473466e-02-2.943496220e-02-3.108486347e-02-3.267879784e-02-3.420336917e-02
-3.564850986e-02-3.700820357e-02-3.828069195e-02-3.946817294e-02-4.057605192e-02
-4.161192104e-02-4.258448631e-02-4.350264370e-02-4.437475652e-02-4.520819336e-02
-4.600910842e-02-4.678240418e-02-4.753177986e-02-4.825988784e-02-4.896847159e-02
-4.965856671e-02-5.033062398e-02-5.098468810e-02-5.162047967e-02-5.223752558e-02
 1.029753548e-05 1.951019221e-04 6.185033126e-04 1.299929223e-03 1.790323411e-03
 1.680791494e-03 1.547913766e-03 1.413155231e-03 1.257806318e-03 1.070333878e-03
 8.429454756e-04 5.704892683e-04 2.500500123e-04-1.192436903e-04-5.363372620e-04
-9.981739568e-04-1.499487436e-03-2.032845048e-03-2.589371288e-03-3.160478314e-03
-3.740808694e-03-4.331958480e-03-4.944686778e-03-5.596415140e-03-6.305405870e-03
-7.085888181e-03-7.944752462e-03-8.880754933e-03-9.888207540e-03-1.096172165e-02
-1.209762041e-02-1.329320204e-02-1.454578061e-02-1.585204527e-02-1.720768772e-02
-1.860719919e-02-2.004377730e-02-2.150931023e-02-2.299446426e-02-2.448886447e-02
-2.598138712e-02-2.746059373e-02-2.891524509e-02-3.033489175e-02-3.171045333e-02
-3.303471208e-02-3.430265561e-02-3.551158682e-02-3.666105494e-02-3.775253892e-02
-3.878904134e-02-3.977458924e-02-4.071375355e-02-4.161123186e-02-4.247152805e-02
-4.329871014e-02-4.409630224e-02-4.486722127e-02-4.561377689e-02-4.633772373e-02
-4.704031348e-02-4.772238806e-02-4.838442430e-02-4.902664572e-02-4.964905977e-02
 6.674583801e-06 1.258035772e-04 3.949789098e-04 8.196303388e-04 1.002150704e-03
 9.760413668e-04 8.994793170e-04 7.806237554e-04 6.188596599e-04 4.107494315e-04
 1.520998776e-04-1.612120395e-04-5.327999243e-04-9.653753950e-04-1.460201689e-03
-2.016216516e-03-2.628706861e-03-3.287656698e-03-3.976470325e-03-4.672654439e-03
-5.352308042e-03-5.998255219e-03-6.607821211e-03-7.194784004e-03-7.783848327e-03
-8.401560597e-03-9.069170803e-03-9.799920954e-03-1.059985533e-02-1.147004403e-02
-1.240863465e-02-1.341216452e-02-1.447622571e-02-1.559572481e-02-1.676496118e-02
-1.797762699e-02-1.922680624e-02-2.050499804e-02-2.180417255e-02-2.311591245e-02
-2.443157881e-02-2.574256249e-02-2.704056539e-02-2.831789479e-02-2.956775948e-02
-3.078450821e-02-3.196380287e-02-3.310269490e-02-3.419959173e-02-3.525413945e-02
-3.626703098e-02-3.723977506e-02-3.817442805e-02-3.907337040e-02-3.993909061e-02
-4.077403247e-02-4.158044979e-02-4.236035049e-02-4.311545193e-02-4.384715855e-02
-4.455658421e-02-4.524457455e-02-4.591172189e-02-4.655842856e-02-4.718492553e-02
 3.098535444e-06 5.669653910e-05 1.654114749e-04 2.930910850e-04 3.783886204e-04
 3.958994348e-04 3.496348509e-04 2.440897370e-04 8.096466627e-05-1.407154487e-04
-4.239374830e-04-7.731450023e-04-1.193871489e-03-1.692449674e-03-2.275576815e-03
-2.949319547e-03-3.716712585e-03-4.572389182e-03-5.492447875e-03-6.421973463e-03
-7.276346907e-03-7.976383902e-03-8.498080075e-03-8.888328448e-03-9.230179712e-03
-9.595084004e-03-1.002458483e-02-1.053647138e-02-1.113503985e-02-1.181797963e-02
-1.258001663e-02-1.341468468e-02-1.431510597e-02-1.527430024e-02-1.628526673e-02
-1.734097674e-02-1.843434572e-02-1.955821365e-02-2.070536278e-02-2.186856791e-02
-2.304068767e-02-2.421477810e-02-2.538424358e-02-2.654298767e-02-2.768554911e-02
-2.880723774e-02-2.990421280e-02-3.097352572e-02-3.201311827e-02-3.302176669e-02
-3.399897367e-02-3.494487330e-02-3.586006910e-02-3.674551845e-02-3.760238737e-02
-3.843194619e-02-3.923547268e-02-4.001418501e-02-4.076920450e-02-4.150150344e-02
-4.221190885e-02-4.290109873e-02-4.356960580e-02-4.421782866e-02-4.484605417e-02
 2.978592873e+00 3.115850687e+00 3.126207590e+00 3.164622545e+00 3.209746838e+00
 3.265025139e+00 3.313589096e+00 3.371030331e+00 3.422247410e+00 3.477230310e+00
 3.530955553e+00 3.584281921e+00 3.639423847e+00 3.692386866e+00 3.746726751e+00
 3.801731348e+00 3.855479956e+00 3.910294294e+00 3.966235876e+00 4.021649837e+00
 4.077689648e+00 4.135688782e+00 4.194115162e+00 4.252072334e+00 4.313044071e+00
 4.375689030e+00 4.438864708e+00 4.503942490e+00 4.572252750e+00 4.642829418e+00
 4.714690208e+00 4.790071487e+00 4.869201183e+00 4.952533722e+00 5.038240433e+00
 5.128222942e+00 5.224195957e+00 5.325245857e+00 5.431708336e+00 5.544047356e+00
 5.663653851e+00 5.792103767e+00 5.928012371e+00 6.073383808e+00 6.228773594e+00
 6.397034168e+00 6.578186989e+00 6.773509026e+00 6.984677315e+00 7.213997841e+00
 7.466291904e+00 7.740332603e+00 8.040694237e+00 8.371778488e+00 8.740571976e+00
 9.150729179e+00 9.608012199e+00 1.012975121e+01 1.072481441e+01 1.140598965e+01
 1.220655441e+01 1.316934967e+01 1.440127563e+01 1.614006424e+01 2.050529099e+01
   79   38
 2.898368239e-01 0.000000000e+00 2.907724082e-01 1.375000030e-01 2.937484980e-01
 2.750000060e-01 2.990261912e-01 4.124999940e-01 3.070614934e-01 5.500000119e-01
 3.122076690e-01 6.187499762e-01 3.243483007e-01 7.562500238e-01 3.411448598e-01
 8.937500119e-01 3.512814045e-01 9.624999762e-01 3.758530617e-01 1.100000024e+00
 3.911112249e-01 1.168750048e+00 4.112499952e-01 1.244411469e+00 4.446874857e-01
 1.330033422e+00 4.781250060e-01 1.378814459e+00 5.450000167e-01 1.421558976e+00
 6.118749976e-01 1.436401248e+00 6.787499785e-01 1.437039971e+00 7.456250191e-01
 1.426632166e+00 8.125000000e-01 1.404675484e+00 8.640250564e-01 1.375000000e+00
 9.128124714e-01 1.342603803e+00 9.562070966e-01 1.306249976e+00 1.013124943e+00
 1.250490665e+00 1.046562552e+00 1.210560441e+00 1.080000043e+00 1.167360663e+00
 1.130115151e+00 1.100000024e+00 1.171927452e+00 1.031250000e+00 1.207563519e+00
 9.624999762e-01 1.238359213e+00 8.937500119e-01 1.265545011e+00 8.249999881e-01
 1.289700747e+00 7.562500238e-01 1.314062476e+00 6.705693603e-01 1.345090032e+00
 5.500000119e-01 1.362684488e+00 4.812499881e-01 1.380937457e+00 4.008165300e-01
 1.407694459e+00 2.750000060e-01 1.421291709e+00 2.062499970e-01 1.434155464e+00
 6.875000149e-02 1.433563590e+00-6.875000149e-02 1.419463754e+00-2.062499970e-01
 1.405047178e+00-2.750000060e-01 1.380937457e+00-3.846484423e-01 1.357490540e+00
-4.812499881e-01 1.338425040e+00-5.500000119e-01 1.314062476e+00-6.405588388e-01
 1.280624986e+00-7.419136763e-01 1.253120065e+00-8.249999881e-01 1.225612521e+00
-8.937500119e-01 1.194215298e+00-9.624999762e-01 1.157572985e+00-1.031250000e+00
 1.113437533e+00-1.098114610e+00 1.080000043e+00-1.146620512e+00 1.046562552e+00
-1.191683888e+00 1.006905675e+00-1.237499952e+00 9.462500215e-01-1.303567171e+00
 9.128124714e-01-1.338050485e+00 8.691388369e-01-1.375000000e+00 8.125000000e-01
-1.418692350e+00 7.704774141e-01-1.443750024e+00 7.121875286e-01-1.475421786e+00
 6.453124881e-01-1.496761799e+00 5.784375072e-01-1.510894656e+00 5.450000167e-01
-1.517742276e+00 4.781250060e-01-1.520153880e+00 4.096891582e-01-1.508968115e+00
 3.746908307e-01-1.500725150e+00 3.883233368e-01-1.375000000e+00 3.821418881e-01
-1.237499952e+00 3.739993274e-01-1.168750048e+00 3.560321331e-01-1.031250000e+00
 3.443750143e-01-9.384324551e-01 3.307241201e-01-8.249999881e-01 3.176074624e-01
-6.875000000e-01 3.109374940e-01-5.991597176e-01 3.029329479e-01-4.812499881e-01
 2.963328063e-01-3.437500000e-01 2.921489775e-01-2.062499970e-01 2.900949121e-01
-6.875000149e-02 2.898368239e-01 0.000000000e+00
 1.851000041e-01 0.000000000e+00 1.851000041e-01 1.008100033e+00 2.793999910e-01
 1.171399951e+00 2.793999910e-01 1.577999949e+00 2.978999913e-01 1.603399992e+00
 5.712000132e-01 1.603399992e+00 5.712000132e-01 1.628000021e+00 6.169999838e-01
 1.628000021e+00 1.194000006e+00 1.401000023e+00 1.043300033e+00 1.429999948e+00
 1.319200039e+00 1.039700031e+00 1.335800052e+00 9.976000190e-01 1.485100031e+00
 5.450000167e-01 1.479099989e+00 4.995000064e-01 1.517400026e+00 3.059999943e-01
 1.531299949e+00 2.354999930e-01 1.546399951e+00 1.586000025e-01 1.560799956e+00
 8.009999990e-02 1.567000031e+00 0.000000000e+00 1.565700054e+00-1.769999973e-02
 1.554299951e+00-1.123000011e-01 1.534100056e+00-2.210000008e-01 1.518100023e+00
-3.025999963e-01 1.481799960e+00-4.860000014e-01 1.485100031e+00-5.450000167e-01
 1.335800052e+00-9.976000190e-01 1.319200039e+00-1.039700031e+00 1.043300033e+00
-1.429999948e+00 1.194000006e+00-1.401000023e+00 6.169999838e-01-1.628000021e+00
 5.712000132e-01-1.628000021e+00 5.712000132e-01-1.603399992e+00 2.978999913e-01
-1.603399992e+00 2.793999910e-01-1.577999949e+00 2.793999910e-01-1.171399951e+00
 1.851000041e-01-1.008100033e+00 1.851000041e-01 0.000000000e+00 1.851000041e-01
 0.000000000e+00
    0 0.000000000e+00    0
 0.000000000e+00 8.483949304e-02 1.230441630e-01 1.523878574e-01 1.775082946e-01
 1.996374577e-01 2.200862914e-01 2.389200330e-01 2.567059398e-01 2.736534476e-01
 2.897944748e-01 3.052856326e-01 3.203381896e-01 3.348641992e-01 3.490152061e-01
 3.627924621e-01 3.762556314e-01 3.894303143e-01 4.024286270e-01 4.150958955e-01
 4.275768101e-01 4.398946464e-01 4.520719349e-01 4.640332162e-01 4.759045243e-01
 4.876414537e-01 4.992531240e-01 5.107472539e-01 5.221837163e-01 5.335836411e-01
 5.448426604e-01 5.560836792e-01 5.672625303e-01 5.784428716e-01 5.895568728e-01
 6.006395221e-01 6.117859483e-01 6.229128838e-01 6.340698004e-01 6.452116966e-01
 6.564165354e-01 6.677014828e-01 6.790182590e-01 6.904360056e-01 7.019075751e-01
 7.135519385e-01 7.253097296e-01 7.372082472e-01 7.492476702e-01 7.614483237e-01
 7.739420533e-01 7.866246700e-01 7.995548844e-01 8.127822280e-01 8.264269829e-01
 8.404146433e-01 8.547676802e-01 8.697183728e-01 8.852285743e-01 9.013153911e-01
 9.182643890e-01 9.361730218e-01 9.551656842e-01 9.757360220e-01 1.000000000e+00
    1
 0.000000000e+00 0.000000000e+00 0.000000000e+00 0.000000000e+00 0.000000000e+00
 0.000000000e+00 0.000000000e+00 0.000000000e+00 0.000000000e+00 0.000000000e+00
 0.000000000e+00 0.000000000e+00 0.000000000e+00 0.000000000e+00 0.000000000e+00
 0.000000000e+00 0.000000000e+00 0.000000000e+00 0.000000000e+00 0.000000000e+00
 0.000000000e+00 0.000000000e+00 0.000000000e+00 0.000000000e+00 0.000000000e+00
 0.000000000e+00 0.000000000e+00 0.000000000e+00 0.000000000e+00 0.000000000e+00
 0.000000000e+00 0.000000000e+00 0.000000000e+00 0.000000000e+00 0.000000000e+00
 0.000000000e+00 0.000000000e+00 0.000000000e+00 0.000000000e+00 0.000000000e+00
 0.000000000e+00 0.000000000e+00 0.000000000e+00 0.000000000e+00 0.000000000e+00
 0.000000000e+00 0.000000000e+00 0.000000000e+00 0.000000000e+00 0.000000000e+00
 0.000000000e+00 0.000000000e+00 0.000000000e+00 0.000000000e+00 0.000000000e+00
 0.000000000e+00 0.000000000e+00 0.000000000e+00 0.000000000e+00 0.000000000e+00
 0.000000000e+00 0.000000000e+00 0.000000000e+00 0.000000000e+00 0.000000000e+00
