  EFITD    01/23/2002    #125328 00718ms           3  65  65
 2.140000105e+00 4.400000095e+00 8.500000238e-01 9.999999776e-03 0.000000000e+00
 1.039756656e+00-2.195362560e-02-3.750022873e-02 1.411050465e-02-4.399690032e-01
 9.100990000e+05-3.750022873e-02 0.000000000e+00 1.039756656e+00 0.000000000e+00
-2.195362560e-02 0.000000000e+00 1.411050465e-02 0.000000000e+00 0.000000000e+00
-3.749120235e-01-3.747628331e-01-3.746308088e-01-3.745155334e-01-3.744164109e-01
-3.743329346e-01-3.742645383e-01-3.742107153e-01-3.741708696e-01-3.741444349e-01
-3.741308153e-01-3.741294146e-01-3.741396964e-01-3.741610050e-01-3.741928041e-01
-3.742344081e-01-3.742853105e-01-3.743448257e-01-3.744124174e-01-3.744874895e-01
-3.745694160e-01-3.746576011e-01-3.747515082e-01-3.748505414e-01-3.749541640e-01
-3.750617802e-01-3.751728535e-01-3.752868474e-01-3.754032552e-01-3.755215406e-01
-3.756412566e-01-3.757618666e-01-3.758829236e-01-3.760039806e-01-3.761246204e-01
-3.762443960e-01-3.763629496e-01-3.764798939e-01-3.765949011e-01-3.767075837e-01
-3.768176734e-01-3.769248724e-01-3.770289719e-01-3.771296740e-01-3.772267699e-01
-3.773201406e-01-3.774096072e-01-3.774950206e-01-3.775763512e-01-3.776534796e-01
-3.777264059e-01-3.777951300e-01-3.778596818e-01-3.779201508e-01-3.779766262e-01
-3.780292571e-01-3.780782521e-01-3.781237900e-01-3.781661689e-01-3.782056570e-01
-3.782426119e-01-3.782773912e-01-3.783104718e-01-3.783422709e-01-3.783733547e-01
 2.801721875e+04 2.781002539e+04 2.759011914e+04 2.735767383e+04 2.711288477e+04
 2.685595508e+04 2.658710352e+04 2.630655859e+04 2.601456250e+04 2.571136719e+04
 2.539723633e+04 2.507244531e+04 2.473727930e+04 2.439203125e+04 2.403700781e+04
 2.367252344e+04 2.329889648e+04 2.291646094e+04 2.252555664e+04 2.212652734e+04
 2.171973047e+04 2.130552344e+04 2.088427734e+04 2.045636523e+04 2.002216602e+04
 1.958206641e+04 1.913645703e+04 1.868573047e+04 1.823028906e+04 1.777053711e+04
 1.730687891e+04 1.683972656e+04 1.636949414e+04 1.589659766e+04 1.542145410e+04
 1.494448438e+04 1.446610938e+04 1.398675195e+04 1.350683496e+04 1.302678223e+04
 1.254701758e+04 1.206796191e+04 1.159003906e+04 1.111366992e+04 1.063927344e+04
 1.016726660e+04 9.698065430e+03 9.232083008e+03 8.769726562e+03 8.311405273e+03
 7.857518555e+03 7.408466309e+03 6.964641602e+03 6.526433105e+03 6.094225098e+03
 5.668394531e+03 5.249313477e+03 4.837347656e+03 4.432855957e+03 4.036189697e+03
 3.647692871e+03 3.267702393e+03 2.896545898e+03 2.534542725e+03 2.182003662e+03
-7.342384756e-02-6.528320909e-02-5.738328025e-02-4.972949997e-02-4.232686758e-02
-3.517995030e-02-2.829286829e-02-2.166930959e-02-1.531252079e-02-9.225307964e-03
-3.410040168e-03 2.131352201e-03 7.397377864e-03 1.238698605e-02 1.709956117e-02
 2.153493091e-02 2.569335885e-02 2.957554720e-02 3.318263963e-02 3.651621565e-02
 3.957829624e-02 4.237133637e-02 4.489824176e-02 4.716233909e-02 4.916740954e-02
 5.091766641e-02 5.241775885e-02 5.367278308e-02 5.468826741e-02 5.547018349e-02
 5.602493510e-02 5.635937303e-02 5.648078024e-02 5.639688671e-02 5.611585081e-02
 5.564627796e-02 5.499720573e-02 5.417811871e-02 5.319893360e-02 5.207001045e-02
 5.080214515e-02 4.940656945e-02 4.789496213e-02 4.627943411e-02 4.457253963e-02
 4.278726876e-02 4.093705118e-02 3.903575614e-02 3.709768876e-02 3.513759747e-02
 3.317067027e-02 3.121252358e-02 2.927922830e-02 2.738728002e-02 2.555362321e-02
 2.379563637e-02 2.213113755e-02 2.057838440e-02 1.915607043e-02 1.788333431e-02
 1.677974686e-02 1.586532220e-02 1.516051125e-02 1.468620449e-02 1.446373016e-02
-2.489919062e+05-2.648661875e+05-2.805273438e+05-2.959586562e+05-3.111438750e+05
-3.260671875e+05-3.407132812e+05-3.550672500e+05-3.691146875e+05-3.828416875e+05
-3.962346875e+05-4.092806875e+05-4.219671250e+05-4.342818438e+05-4.462132500e+05
-4.577500938e+05-4.688816562e+05-4.795976875e+05-4.898883438e+05-4.997442812e+05
-5.091566250e+05-5.181169062e+05-5.266171875e+05-5.346499375e+05-5.422081250e+05
-5.492851250e+05-5.558748125e+05-5.619715625e+05-5.675700625e+05-5.726656875e+05
-5.772540625e+05-5.813313750e+05-5.848942500e+05-5.879397500e+05-5.904654375e+05
-5.924693750e+05-5.939500000e+05-5.949062500e+05-5.953375000e+05-5.952435625e+05
-5.946248125e+05-5.934820000e+05-5.918163125e+05-5.896295000e+05-5.869236875e+05
-5.837015000e+05-5.799660000e+05-5.757206875e+05-5.709695625e+05-5.657171250e+05
-5.599682500e+05-5.537283125e+05-5.470031250e+05-5.397990000e+05-5.321227500e+05
-5.239814688e+05-5.153828750e+05-5.063351562e+05-4.968468438e+05-4.869270000e+05
-4.765851250e+05-4.658312500e+05-4.546757500e+05-4.431295312e+05-4.312039688e+05
 3.766061127e-05 6.958449376e-04 2.072528470e-03 3.843047423e-03 5.452550948e-03
 6.697075907e-03 7.659887895e-03 8.434425108e-03 9.091841057e-03 9.681288153e-03
 1.023582648e-02 1.077768765e-02 1.132186875e-02 1.187846810e-02 1.245430484e-02
 1.305437088e-02 1.368370559e-02 1.435059868e-02 1.507204957e-02 1.588028856e-02
 1.682226360e-02 1.794201694e-02 1.925557479e-02 2.074275166e-02 2.236416936e-02
 2.408485301e-02 2.588319033e-02 2.774785459e-02 2.967277914e-02 3.165394440e-02
 3.368771076e-02 3.577006608e-02 3.789624199e-02 4.006051645e-02 4.225612432e-02
 4.447522759e-02 4.670893028e-02 4.894739389e-02 5.117996782e-02 5.339545384e-02
 5.558237061e-02 5.772932246e-02 5.982539058e-02 6.186050922e-02 6.382585317e-02
 6.571415067e-02 6.751988083e-02 6.923943013e-02 7.087104023e-02 7.241473347e-02
 7.387211174e-02 7.524605840e-02 7.654044777e-02 7.775983959e-02 7.890919596e-02
 7.999359816e-02 8.101806790e-02 8.198739588e-02 8.290601522e-02 8.377796412e-02
 8.460683376e-02 8.539574593e-02 8.614742011e-02 8.686414361e-02 8.754786104e-02
 6.774567009e-05 1.279257704e-03 4.028672818e-03 8.395250887e-03 1.063167956e-02
 1.110728737e-02 1.138566434e-02 1.160462759e-02 1.181870885e-02 1.205335744e-02
 1.232266985e-02 1.263561659e-02 1.299850270e-02 1.341618598e-02 1.389291044e-02
 1.443316322e-02 1.504273526e-02 1.572997496e-02 1.650683396e-02 1.738887466e-02
 1.839327998e-02 1.953479089e-02 2.082138509e-02 2.225236595e-02 2.381992526e-02
 2.551269345e-02 2.731883526e-02 2.922760695e-02 3.122970834e-02 3.331705183e-02
 3.548230976e-02 3.771838546e-02 4.001789168e-02 4.237272963e-02 4.477372766e-02
 4.721044004e-02 4.967101663e-02 5.214219913e-02 5.460947379e-02 5.705733970e-02
 5.946972221e-02 6.183051690e-02 6.412424892e-02 6.633673608e-02 6.845576316e-02
 7.047164440e-02 7.237757742e-02 7.416984439e-02 7.584773749e-02 7.741327584e-02
 7.887080312e-02 8.022639900e-02 8.148734272e-02 8.266154677e-02 8.375709504e-02
 8.478186280e-02 8.574322611e-02 8.664787561e-02 8.750176430e-02 8.831000328e-02
 8.907695115e-02 8.980621397e-02 9.050074220e-02 9.116289765e-02 9.179455042e-02
 9.620385390e-05 1.826022984e-03 5.810028408e-03 1.227595098e-02 1.700721309e-02
 1.618239097e-02 1.537357550e-02 1.486429945e-02 1.454940531e-02 1.438209414e-02
 1.433852408e-02 1.440561749e-02 1.457616594e-02 1.484657079e-02 1.521527208e-02
 1.568187773e-02 1.624746248e-02 1.691522263e-02 1.769052446e-02 1.858046465e-02
 1.959326863e-02 2.073775604e-02 2.202237211e-02 2.345335484e-02 2.503288537e-02
 2.675862797e-02 2.862410247e-02 3.061965294e-02 3.273460269e-02 3.495926037e-02
 3.728521615e-02 3.970465437e-02 4.220946133e-02 4.479052126e-02 4.743717983e-02
 5.013679713e-02 5.287448317e-02 5.563296750e-02 5.839266255e-02 6.113197654e-02
 6.382793188e-02 6.645701081e-02 6.899634004e-02 7.142491639e-02 7.372494042e-02
 7.588287443e-02 7.789019495e-02 7.974366099e-02 8.144509047e-02 8.300068974e-02
 8.442004770e-02 8.571507037e-02 8.689881861e-02 8.798458427e-02 8.898513019e-02
 8.991219848e-02 9.077614546e-02 9.158588201e-02 9.234884381e-02 9.307105094e-02
 9.375729412e-02 9.441128373e-02 9.503579140e-02 9.563284367e-02 9.620384872e-02
 1.125817143e-04 2.131506568e-03 6.735921837e-03 1.406469382e-02 1.955866627e-02
 1.896147430e-02 1.797730662e-02 1.718872413e-02 1.659101807e-02 1.616957970e-02
 1.590886526e-02 1.579426043e-02 1.581420377e-02 1.596665196e-02 1.625161432e-02
 1.666027121e-02 1.718499511e-02 1.782543398e-02 1.858376339e-02 1.946197636e-02
 2.046089806e-02 2.158561349e-02 2.285356261e-02 2.429242060e-02 2.590941451e-02
 2.770910412e-02 2.969053574e-02 3.183053061e-02 3.410445899e-02 3.650406003e-02
 3.902479634e-02 4.166207090e-02 4.441000521e-02 4.726070538e-02 5.020365492e-02
 5.322512239e-02 5.630763993e-02 5.942954868e-02 6.256482750e-02 6.568324566e-02
 6.875112653e-02 7.173270732e-02 7.459221780e-02 7.729645818e-02 7.981754094e-02
 8.213525265e-02 8.423866332e-02 8.612659574e-02 8.780686557e-02 8.929460496e-02
 9.060990065e-02 9.177535772e-02 9.281398356e-02 9.374751151e-02 9.459538013e-02
 9.537420422e-02 9.609764069e-02 9.677653760e-02 9.741923958e-02 9.803193063e-02
 9.861900657e-02 9.918342531e-02 9.972704947e-02 1.002508551e-01 1.007551998e-01
 1.192803029e-04 2.254323103e-03 7.094746456e-03 1.469138265e-02 2.048524842e-02
 2.006835118e-02 1.914509572e-02 1.832724921e-02 1.765093766e-02 1.713992655e-02
 1.680007018e-02 1.661764458e-02 1.656989381e-02 1.666630805e-02 1.692535356e-02
 1.730121672e-02 1.780284569e-02 1.842586137e-02 1.917205751e-02 2.004344948e-02
 2.102963999e-02 2.212160267e-02 2.331613377e-02 2.479556389e-02 2.645227872e-02
 2.833258547e-02 3.050284646e-02 3.283782676e-02 3.529666364e-02 3.789214417e-02
 4.063021764e-02 4.351292923e-02 4.653913528e-02 4.970444739e-02 5.300074071e-02
 5.641531572e-02 5.992980674e-02 6.351899356e-02 6.714965403e-02 7.077984512e-02
 7.435923070e-02 7.783080637e-02 8.113468438e-02 8.421357721e-02 8.701925725e-02
 8.951840550e-02 9.169659019e-02 9.355908632e-02 9.512854367e-02 9.644016623e-02
 9.753575176e-02 9.845810384e-02 9.924691170e-02 9.993632883e-02 1.005540714e-01
 1.011215597e-01 1.016546264e-01 1.021644026e-01 1.026583165e-01 1.031408980e-01
 1.036145166e-01 1.040799841e-01 1.045370027e-01 1.049845368e-01 1.054210886e-01
 1.201110790e-04 2.269047778e-03 7.134548854e-03 1.479434501e-02 2.057426609e-02
 2.015709132e-02 1.923669875e-02 1.842355169e-02 1.775700413e-02 1.727026142e-02
 1.697107032e-02 1.683632098e-02 1.683679223e-02 1.696524583e-02 1.721831597e-02
 1.759092510e-02 1.809120178e-02 1.870902069e-02 1.945844106e-02 2.033409290e-02
 2.135529742e-02 2.248679288e-02 2.370690368e-02 2.525784820e-02 2.697898634e-02
 2.893605642e-02 3.121144325e-02 3.366953135e-02 3.627878800e-02 3.905611485e-02
 4.201148823e-02 4.515146464e-02 4.847993702e-02 5.199797079e-02 5.570307001e-02
 5.958785489e-02 6.363801658e-02 6.782954186e-02 7.212518901e-02 7.647066563e-02
 8.079163730e-02 8.499374986e-02 8.896822482e-02 9.260448813e-02 9.580746293e-02
 9.851425886e-02 1.007049084e-01 1.024042740e-01 1.036744267e-01 1.045994908e-01
 1.052684858e-01 1.057619154e-01 1.061449647e-01 1.064662114e-01 1.067595109e-01
 1.070469022e-01 1.073416397e-01 1.076506525e-01 1.079764888e-01 1.083187908e-01
 1.086753160e-01 1.090426743e-01 1.094168872e-01 1.097937226e-01 1.101689562e-01
 1.163838097e-04 2.198550850e-03 6.913919467e-03 1.431965176e-02 1.988333277e-02
 1.924072765e-02 1.822905801e-02 1.746471040e-02 1.693824492e-02 1.662278175e-02
 1.648623869e-02 1.648753695e-02 1.659249328e-02 1.679602638e-02 1.710090600e-02
 1.751245931e-02 1.803697087e-02 1.868038438e-02 1.945066079e-02 2.037473582e-02
 2.144466527e-02 2.266048081e-02 2.404290438e-02 2.562537789e-02 2.742608264e-02
 2.945856191e-02 3.172978386e-02 3.422874585e-02 3.694323450e-02 3.987558186e-02
 4.303333536e-02 4.642562941e-02 5.006199703e-02 5.395168066e-02 5.810286477e-02
 6.252127141e-02 6.720770150e-02 7.215374708e-02 7.733478397e-02 8.269901574e-02
 8.815211803e-02 9.354086220e-02 9.864944220e-02 1.032295078e-01 1.070612893e-01
 1.100066751e-01 1.120353714e-01 1.132312566e-01 1.137737781e-01 1.138830036e-01
 1.137552634e-01 1.135320663e-01 1.133020893e-01 1.131150648e-01 1.129952818e-01
 1.129513904e-01 1.129828319e-01 1.130838469e-01 1.132459864e-01 1.134595945e-01
 1.137147322e-01 1.140016988e-01 1.143113524e-01 1.146352887e-01 1.149659008e-01
 1.088170829e-04 2.052301541e-03 6.430922542e-03 1.324987691e-02 1.795183867e-02
 1.648663357e-02 1.539750304e-02 1.516686194e-02 1.522385329e-02 1.536224410e-02
 1.554293092e-02 1.575482637e-02 1.599619351e-02 1.628402434e-02 1.664155163e-02
 1.708603464e-02 1.763333008e-02 1.829863340e-02 1.909835078e-02 2.006650902e-02
 2.120802924e-02 2.243632078e-02 2.385917678e-02 2.548762597e-02 2.733227238e-02
 2.941568568e-02 3.173863888e-02 3.430311009e-02 3.711535037e-02 4.018385708e-02
 4.352113232e-02 4.714219645e-02 5.106399953e-02 5.530643836e-02 5.989320949e-02
 6.485217810e-02 7.021491975e-02 7.601475716e-02 8.228188753e-02 8.903167397e-02
 9.623546153e-02 1.037462577e-01 1.111335829e-01 1.176106334e-01 1.225970984e-01
 1.258202493e-01 1.272237897e-01 1.269610673e-01 1.256445050e-01 1.240352765e-01
 1.225210652e-01 1.212372407e-01 1.202137917e-01 1.194394752e-01 1.188878939e-01
 1.185284257e-01 1.183308065e-01 1.182669774e-01 1.183117032e-01 1.184426397e-01
 1.186401621e-01 1.188871711e-01 1.191688329e-01 1.194723397e-01 1.197867244e-01
 1.012294961e-04 1.903951867e-03 5.926263053e-03 1.208752953e-02 1.543829776e-02
 1.199300401e-02 1.135866158e-02 1.251934469e-02 1.339932717e-02 1.404133998e-02
 1.454287302e-02 1.494360715e-02 1.526893582e-02 1.558686420e-02 1.595085301e-02
 1.638354361e-02 1.690452546e-02 1.754491217e-02 1.831222326e-02 1.922877505e-02
 2.030595019e-02 2.158091590e-02 2.300704643e-02 2.465479262e-02 2.654705010e-02
 2.871417627e-02 3.110716492e-02 3.375245258e-02 3.665552288e-02 3.981991857e-02
 4.329698533e-02 4.710181430e-02 5.125070363e-02 5.577239767e-02 6.070383266e-02
 6.609626114e-02 7.201903313e-02 7.856214792e-02 8.584455401e-02 9.403099120e-02
 1.033628061e-01 1.142361164e-01 1.275544167e-01 1.379034966e-01 1.450478137e-01
 1.478451490e-01 1.497295797e-01 1.439818740e-01 1.376574486e-01 1.332488954e-01
 1.300383955e-01 1.276869774e-01 1.259800345e-01 1.247669309e-01 1.239370406e-01
 1.234065741e-01 1.231105253e-01 1.229973957e-01 1.230257004e-01 1.231615469e-01
 1.233769879e-01 1.236488223e-01 1.239577010e-01 1.242875084e-01 1.246248409e-01
 9.874367242e-05 1.855901442e-03 5.768283736e-03 1.170651242e-02 1.475852635e-02
 1.027131081e-02 1.011634804e-02 1.168789249e-02 1.267162990e-02 1.338810008e-02
 1.391127426e-02 1.429936197e-02 1.460485533e-02 1.487640291e-02 1.515781507e-02
 1.548689604e-02 1.589666307e-02 1.641643979e-02 1.707230695e-02 1.788749546e-02
 1.888222992e-02 2.007196657e-02 2.147006989e-02 2.310215682e-02 2.499826811e-02
 2.715241350e-02 2.960246429e-02 3.236682341e-02 3.530624509e-02 3.856834024e-02
 4.219268635e-02 4.614158347e-02 5.043496564e-02 5.513508618e-02 6.023027003e-02
 6.580366939e-02 7.196696848e-02 7.883558422e-02 8.655019850e-02 9.532913566e-02
 1.055147424e-01 1.176363304e-01 1.323879659e-01 1.439972818e-01 1.518763006e-01
 1.550518572e-01 1.564607322e-01 1.500793248e-01 1.426951587e-01 1.375105828e-01
 1.338916719e-01 1.313648075e-01 1.296191365e-01 1.284473985e-01 1.277057379e-01
 1.272900850e-01 1.271225065e-01 1.271428168e-01 1.273035407e-01 1.275665164e-01
 1.279006898e-01 1.282806396e-01 1.286854446e-01 1.290979385e-01 1.295041144e-01
 1.028617480e-04 1.935607404e-03 6.030655466e-03 1.230495609e-02 1.569419540e-02
 1.063594688e-02 1.123468671e-02 1.278038230e-02 1.341279875e-02 1.378131099e-02
 1.399644930e-02 1.410884131e-02 1.415847428e-02 1.418880280e-02 1.423811261e-02
 1.434221305e-02 1.453570928e-02 1.485260762e-02 1.532622706e-02 1.598771662e-02
 1.686128043e-02 1.795138791e-02 1.927542314e-02 2.085364051e-02 2.270290814e-02
 2.483429573e-02 2.725840919e-02 2.997941151e-02 3.299610689e-02 3.634397686e-02
 4.003849998e-02 4.406390339e-02 4.847906902e-02 5.330200121e-02 5.842461437e-02
 6.373234838e-02 6.974915415e-02 7.649897039e-02 8.385180682e-02 9.200872481e-02
 1.011013314e-01 1.112825423e-01 1.226015612e-01 1.319821030e-01 1.387999654e-01
 1.425836086e-01 1.442338675e-01 1.418171674e-01 1.381117553e-01 1.352632195e-01
 1.331937313e-01 1.317601055e-01 1.308346689e-01 1.303111762e-01 1.301027536e-01
 1.301385313e-01 1.303604692e-01 1.307206452e-01 1.311793327e-01 1.317034364e-01
 1.322653741e-01 1.328421533e-01 1.334148198e-01 1.339678466e-01 1.344887316e-01
 1.112034297e-04 2.098447410e-03 6.583491806e-03 1.359811798e-02 1.859057881e-02
 1.744890027e-02 1.624738611e-02 1.558558457e-02 1.519021764e-02 1.486981846e-02
 1.454769075e-02 1.419406850e-02 1.379382238e-02 1.342308428e-02 1.310117450e-02
 1.285433397e-02 1.271448936e-02 1.271946821e-02 1.291478798e-02 1.335809287e-02
 1.412909850e-02 1.508251205e-02 1.627985574e-02 1.776512526e-02 1.956383884e-02
 2.166782692e-02 2.408285253e-02 2.681551687e-02 2.987458743e-02 3.326989710e-02
 3.700938448e-02 4.109791294e-02 4.553647712e-02 5.029933527e-02 5.533263087e-02
 6.068963185e-02 6.637691706e-02 7.239741087e-02 7.873773575e-02 8.580768108e-02
 9.309198707e-02 1.005677804e-01 1.078900322e-01 1.145184711e-01 1.200431362e-01
 1.242293045e-01 1.270227879e-01 1.285707355e-01 1.292528063e-01 1.295278221e-01
 1.297113895e-01 1.299603283e-01 1.303355247e-01 1.308487505e-01 1.314882636e-01
 1.322318017e-01 1.330533177e-01 1.339263767e-01 1.348259002e-01 1.357289851e-01
 1.366154402e-01 1.374678314e-01 1.382715553e-01 1.390147656e-01 1.396882087e-01
 1.186532754e-04 2.240759321e-03 7.040120661e-03 1.455525216e-02 2.020615153e-02
 1.962929033e-02 1.854504086e-02 1.756879687e-02 1.669823937e-02 1.589705609e-02
 1.512481458e-02 1.434946805e-02 1.354754530e-02 1.279256586e-02 1.209910121e-02
 1.148859039e-02 1.098852325e-02 1.063174009e-02 1.045561954e-02 1.050043106e-02
 1.080504898e-02 1.139557175e-02 1.232091244e-02 1.364891324e-02 1.547321118e-02
 1.756345667e-02 1.997948252e-02 2.272376977e-02 2.580931410e-02 2.924759127e-02
 3.305130079e-02 3.723387048e-02 4.180627689e-02 4.675020278e-02 5.188572407e-02
 5.698215961e-02 6.220700219e-02 6.766495109e-02 7.336164266e-02 7.924872637e-02
 8.522547781e-02 9.126445651e-02 9.710118920e-02 1.026405469e-01 1.077925414e-01
 1.122397780e-01 1.160012260e-01 1.191163957e-01 1.216950417e-01 1.238794550e-01
 1.258036047e-01 1.275712997e-01 1.292514056e-01 1.308830678e-01 1.324838251e-01
 1.340568066e-01 1.355962455e-01 1.370912790e-01 1.385287046e-01 1.398947686e-01
 1.411763728e-01 1.423618942e-01 1.434417516e-01 1.444085538e-01 1.452573091e-01
 1.230532071e-04 2.322817920e-03 7.289245259e-03 1.507818326e-02 2.093545534e-02
 2.057009190e-02 1.957798004e-02 1.855706610e-02 1.752583310e-02 1.648568921e-02
 1.542823669e-02 1.434273366e-02 1.322106831e-02 1.213855576e-02 1.111052744e-02
 1.015806384e-02 9.307352826e-03 8.589149453e-03 8.038209751e-03 7.692616899e-03
 7.593073417e-03 7.782823872e-03 8.310873993e-03 9.231355041e-03 1.059934311e-02
 1.245927624e-02 1.490457263e-02 1.764264703e-02 2.074232139e-02 2.420536429e-02
 2.804920636e-02 3.229606524e-02 3.698502854e-02 4.218445346e-02 4.773744568e-02
 5.289802700e-02 5.760497972e-02 6.248870492e-02 6.762538850e-02 7.295339555e-02
 7.839116454e-02 8.383662999e-02 8.918082714e-02 9.433710575e-02 9.914582968e-02
 1.037629768e-01 1.081867889e-01 1.122187078e-01 1.159753352e-01 1.194316372e-01
 1.226360425e-01 1.256349385e-01 1.284645051e-01 1.311496198e-01 1.337044537e-01
 1.361341625e-01 1.384372264e-01 1.406076252e-01 1.426367760e-01 1.445152164e-01
 1.462339014e-01 1.477852315e-01 1.491636634e-01 1.503661871e-01 1.513924450e-01
 1.251935028e-04 2.362296218e-03 7.406302728e-03 1.525323652e-02 2.126565762e-02
 2.097840048e-02 2.002253383e-02 1.897730865e-02 1.786037534e-02 1.667504758e-02
 1.541869715e-02 1.408487465e-02 1.273486950e-02 1.139197592e-02 1.007961854e-02
 8.823134936e-03 7.650657091e-03 6.593477912e-03 5.686149001e-03 4.966442008e-03
 4.475297872e-03 4.256909713e-03 4.358955659e-03 4.832247272e-03 5.729642231e-03
 7.104504388e-03 9.010522626e-03 1.148812380e-02 1.463520899e-02 1.809174567e-02
 2.193183824e-02 2.614776790e-02 3.074318357e-02 3.571104631e-02 4.102907702e-02
 4.662222415e-02 5.265015364e-02 5.679581687e-02 6.160158664e-02 6.675097346e-02
 7.206659764e-02 7.744546980e-02 8.280603588e-02 8.807937056e-02 9.321025759e-02
 9.815625101e-02 1.028774381e-01 1.074385270e-01 1.118391007e-01 1.163151488e-01
 1.205746159e-01 1.246295497e-01 1.284886152e-01 1.321568340e-01 1.356349289e-01
 1.389192641e-01 1.420024484e-01 1.448746026e-01 1.475246698e-01 1.499419808e-01
 1.521175057e-01 1.540449411e-01 1.557214111e-01 1.571477950e-01 1.583288759e-01
 1.260851277e-04 2.378622536e-03 7.453801110e-03 1.536276750e-02 2.140437439e-02
 2.112170681e-02 2.015979588e-02 1.907858625e-02 1.789908484e-02 1.660672203e-02
 1.520486176e-02 1.369255502e-02 1.214084402e-02 1.057246793e-02 9.012009948e-03
 7.486158982e-03 6.024023052e-03 4.657350481e-03 3.420650726e-03 2.351237228e-03
 1.489227405e-03 8.775340975e-04 5.618355353e-04 5.904383142e-04 1.013980363e-03
 1.884951140e-03 3.256924916e-03 5.182826892e-03 7.714197971e-03 1.088362560e-02
 1.478538103e-02 1.897898130e-02 2.352715656e-02 2.838846855e-02 3.352131695e-02
 3.885221854e-02 4.425339028e-02 4.961729050e-02 5.500368774e-02 6.048992649e-02
 6.607042253e-02 7.170704752e-02 7.735580951e-02 8.297614008e-02 8.853386343e-02
 9.400171041e-02 9.935902804e-02 1.045894623e-01 1.096789166e-01 1.146079674e-01
 1.197193265e-01 1.247689575e-01 1.296145320e-01 1.342420876e-01 1.386402398e-01
 1.427930295e-01 1.466813833e-01 1.502848417e-01 1.535834074e-01 1.565595567e-01
 1.591998935e-01 1.614965647e-01 1.634480357e-01 1.650593579e-01 1.663418263e-01
 1.263348095e-04 2.383085666e-03 7.465869188e-03 1.537329704e-02 2.143719420e-02
 2.112740092e-02 2.013947628e-02 1.902676746e-02 1.777434908e-02 1.638393849e-02
 1.485730056e-02 1.319468394e-02 1.146973670e-02 9.706054814e-03 7.928952575e-03
 6.165772211e-03 4.446097184e-03 2.801871160e-03 1.267451909e-03-1.204062501e-04
-1.322608558e-03-2.297791652e-03-3.002387937e-03-3.390676109e-03-3.414816456e-03
-3.024911042e-03-2.169182990e-03-7.944987738e-04 1.152466517e-03 3.722433466e-03
 6.961279083e-03 1.088736206e-02 1.558066811e-02 2.051597089e-02 2.574051358e-02
 3.118752316e-02 3.680489585e-02 4.255652800e-02 4.842259735e-02 5.438669398e-02
 6.042397395e-02 6.650578231e-02 7.260338217e-02 7.869715989e-02 8.477626741e-02
 9.083154052e-02 9.685209394e-02 1.028249040e-01 1.087348312e-01 1.145621762e-01
 1.202756539e-01 1.261984557e-01 1.320340037e-01 1.376470625e-01 1.430100799e-01
 1.480896622e-01 1.528473943e-01 1.572435647e-01 1.612408012e-01 1.648072749e-01
 1.679197103e-01 1.705655456e-01 1.727441102e-01 1.744665802e-01 1.757547408e-01
 1.262656733e-04 2.381654456e-03 7.460349705e-03 1.534652803e-02 2.139446698e-02
 2.107500285e-02 2.006086335e-02 1.888949238e-02 1.755911484e-02 1.607120410e-02
 1.442777645e-02 1.263247337e-02 1.075681485e-02 8.823365904e-03 6.857318338e-03
 4.886208102e-03 2.939837752e-03 1.050240011e-03-7.483785157e-04-2.419738099e-03
-3.925619647e-03-5.226003937e-03-6.279176101e-03-7.041762583e-03-7.468661759e-03
-7.512873970e-03-7.125264499e-03-6.254367996e-03-4.846452270e-03-2.846217947e-03
-1.986431598e-04 3.146620933e-03 7.230496965e-03 1.205480937e-02 1.767350174e-02
 2.348541096e-02 2.948846482e-02 3.567698970e-02 4.204339907e-02 4.857238382e-02
 5.522236228e-02 6.189246476e-02 6.849320978e-02 7.507333905e-02 8.169312030e-02
 8.836723119e-02 9.509113431e-02 1.018528417e-01 1.086356714e-01 1.154199392e-01
 1.221958473e-01 1.290140748e-01 1.358439177e-01 1.425278038e-01 1.489772946e-01
 1.551225483e-01 1.608912945e-01 1.662102640e-01 1.710104048e-01 1.752330661e-01
 1.788358986e-01 1.817974150e-01 1.841189861e-01 1.858241111e-01 1.869550049e-01
 1.260523568e-04 2.377574565e-03 7.447041105e-03 1.536977012e-02 2.132346667e-02
 2.098348550e-02 1.993232407e-02 1.870084368e-02 1.729103178e-02 1.570275798e-02
 1.393320877e-02 1.203476451e-02 1.003303006e-02 7.953723893e-03 5.823671352e-03
 3.671304090e-03 1.526924083e-03-5.772078875e-04-2.606904134e-03-4.526179284e-03
-6.297437940e-03-7.881676778e-03-9.238644503e-03-1.032689773e-02-1.110369898e-02
-1.152472571e-02-1.154355519e-02-1.111097541e-02-1.017418224e-02-8.676042780e-03
-6.554698572e-03-3.743991489e-03-1.752446406e-04 4.218223970e-03 9.497237392e-03
 1.568915881e-02 2.210407704e-02 2.875496633e-02 3.566019237e-02 4.284105822e-02
 5.037991703e-02 5.854085088e-02 6.490815431e-02 7.184500992e-02 7.899044454e-02
 8.630625904e-02 9.377802908e-02 1.013900116e-01 1.091235876e-01 1.169560552e-01
 1.248621941e-01 1.328614801e-01 1.409357488e-01 1.489229947e-01 1.567154974e-01
 1.642034352e-01 1.712638438e-01 1.777659208e-01 1.835814565e-01 1.885986179e-01
 1.927365810e-01 1.959570199e-01 1.982689053e-01 1.997254044e-01 2.004138529e-01
 1.257750118e-04 2.372353338e-03 7.430701517e-03 1.528304350e-02 2.126638219e-02
 2.090215124e-02 1.979252882e-02 1.849643886e-02 1.701173373e-02 1.533609256e-02
 1.346683316e-02 1.146075316e-02 9.339937940e-03 7.128656842e-03 4.853176419e-03
 2.541760448e-03 2.246904187e-04-2.065770095e-03-4.295495804e-03-6.428709719e-03
-8.428250439e-03-1.025585365e-02-1.187238935e-02-1.323796995e-02-1.431187242e-02
-1.505222078e-02-1.541535836e-02-1.535492856e-02-1.482066326e-02-1.375696901e-02
-1.210149750e-02-9.784057736e-03-6.726531312e-03-2.844929928e-03 1.944624586e-03
 7.712455932e-03 1.449463516e-02 2.154752985e-02 2.894510701e-02 3.664237633e-02
 4.463697597e-02 5.302519351e-02 6.143603474e-02 6.853447855e-02 7.625737041e-02
 8.427296579e-02 9.255620837e-02 1.010923386e-01 1.098655835e-01 1.188564971e-01
 1.280342340e-01 1.374352723e-01 1.470816433e-01 1.567460895e-01 1.663158983e-01
 1.756383926e-01 1.845160872e-01 1.927148551e-01 1.999841034e-01 2.060914338e-01
 2.108650953e-01 2.142299265e-01 2.162219733e-01 2.169758379e-01 2.166905999e-01
 1.254563540e-04 2.366313711e-03 7.411392871e-03 1.525784563e-02 2.119718306e-02
 2.078457549e-02 1.963501796e-02 1.828577183e-02 1.673500426e-02 1.498181932e-02
 1.302431151e-02 1.092062704e-02 8.692487143e-03 6.363686174e-03 3.960127011e-03
 1.509854570e-03-9.569517570e-04-3.408069955e-03-5.809420720e-03-8.125350811e-03
-1.031898614e-02-1.235259790e-02-1.418792177e-02-1.578634791e-02-1.710890979e-02
-1.811599173e-02-1.876672357e-02-1.901799627e-02-1.882315427e-02-1.813034527e-02
-1.688074321e-02-1.500688773e-02-1.243179012e-02-9.069958702e-03-4.832434002e-03
 3.605742240e-04 6.553949788e-03 1.371031534e-02 2.180101909e-02 3.003779426e-02
 3.849154338e-02 4.720961303e-02 5.636643991e-02 6.484850496e-02 7.308739424e-02
 8.186593652e-02 9.103392065e-02 1.005624011e-01 1.104489937e-01 1.207015812e-01
 1.313384622e-01 1.423963010e-01 1.538675129e-01 1.656537354e-01 1.776239425e-01
 1.895885170e-01 2.012559325e-01 2.122072726e-01 2.219106555e-01 2.298061997e-01
 2.354542464e-01 2.386765033e-01 2.396121919e-01 2.386591583e-01 2.363321930e-01
 1.251385402e-04 2.360333223e-03 7.392664440e-03 1.522165444e-02 2.113214508e-02
 2.068839967e-02 1.948930323e-02 1.808467135e-02 1.647114567e-02 1.464706380e-02
 1.261057984e-02 1.042032428e-02 8.097652346e-03 5.666023586e-03 3.151105251e-03
 5.808148417e-04-2.014705446e-03-4.603213165e-03-7.150603924e-03-9.621256962e-03
-1.197846420e-02-1.418487821e-02-1.620292105e-02-1.799505949e-02-1.952386461e-02
-2.075180039e-02-2.164065093e-02-2.215058170e-02-2.223879844e-02-2.185779996e-02
-2.095333114e-02-1.946212165e-02-1.730973832e-02-1.440908760e-02-1.066048909e-02
-5.954740569e-03-1.808267407e-04 6.760972086e-03 1.494450402e-02 2.341796458e-02
 3.215307742e-02 4.112486541e-02 5.027261004e-02 5.949278921e-02 6.897924840e-02
 7.875474542e-02 8.887601644e-02 9.940005839e-02 1.103751585e-01 1.218543425e-01
 1.338812858e-01 1.465852261e-01 1.602653861e-01 1.746181399e-01 1.897089630e-01
 2.054684162e-01 2.216542959e-01 2.376790196e-01 2.523759007e-01 2.640556991e-01
 2.712564468e-01 2.734379768e-01 2.711655498e-01 2.659173012e-01 2.592779100e-01
 1.248322806e-04 2.354568336e-03 7.374631707e-03 1.516580116e-02 2.105889283e-02
 2.059298195e-02 1.935002021e-02 1.789383218e-02 1.622166112e-02 1.433235127e-02
 1.222694386e-02 9.962155484e-03 7.558298763e-03 5.038433708e-03 2.428111155e-03
-2.447295701e-04-2.949850634e-03-5.654881708e-03-8.325599134e-03-1.092632581e-02
-1.342042442e-02-1.577082276e-02-1.794049703e-02-1.989283413e-02-2.159177326e-02
-2.300165780e-02-2.408674732e-02-2.481032722e-02-2.513340674e-02-2.501298487e-02
-2.439989708e-02-2.323632501e-02-2.145309001e-02-1.896711439e-02-1.567979157e-02
-1.147768181e-02-6.238254718e-03 1.545934792e-04 7.777502295e-03 1.660516299e-02
 2.569498308e-02 3.502917662e-02 4.459450021e-02 5.439705029e-02 6.450095028e-02
 7.503762841e-02 8.595374972e-02 9.730221331e-02 1.091599762e-01 1.216192171e-01
 1.348248422e-01 1.490771919e-01 1.646216512e-01 1.814947873e-01 1.999063790e-01
 2.202134728e-01 2.428765893e-01 2.684294581e-01 2.971346676e-01 3.195677400e-01
 3.311645985e-01 3.294669390e-01 3.146183193e-01 2.971189320e-01 2.822844386e-01
 1.245427993e-04 2.349079819e-03 7.357145194e-03 1.517872699e-02 2.098753676e-02
 2.047432400e-02 1.921192370e-02 1.771244220e-02 1.598362066e-02 1.402317174e-02
 1.187027339e-02 9.547004476e-03 7.076184731e-03 4.482137971e-03 1.791104674e-03
-9.685469558e-04-3.766266396e-03-6.569429301e-03-9.343613870e-03-1.205302496e-02
-1.466103643e-02-1.713077724e-02-1.942569017e-02-2.150996774e-02-2.334875800e-02
-2.490810491e-02-2.615452744e-02-2.705419809e-02-2.757171914e-02-2.766845189e-02
-2.730041370e-02-2.641574480e-02-2.495186403e-02-2.283250540e-02-1.996518113e-02
-1.624017395e-02-1.153311599e-02-5.714813713e-03 1.326248166e-03 9.642668068e-03
 1.916707307e-02 2.894163691e-02 3.895736486e-02 4.923021793e-02 5.980445072e-02
 7.078158855e-02 8.221967518e-02 9.410562366e-02 1.065133214e-01 1.195400581e-01
 1.333043426e-01 1.483204365e-01 1.651193947e-01 1.834469289e-01 2.037596405e-01
 2.267913371e-01 2.536826432e-01 2.862780392e-01 3.272656202e-01 3.589929938e-01
 3.759789765e-01 3.704592586e-01 3.430052102e-01 3.152352571e-01 2.945923209e-01
 1.242935250e-04 2.344409935e-03 7.342760917e-03 1.510244794e-02 2.095808275e-02
 2.042126097e-02 1.910448261e-02 1.755988598e-02 1.578355394e-02 1.377192233e-02
 1.156709436e-02 9.188548662e-03 6.658111699e-03 3.999786917e-03 1.239783363e-03
-1.593432156e-03-4.469148349e-03-7.354558911e-03-1.021507382e-02-1.301478967e-02
-1.571707986e-02-1.828524657e-02-2.068314143e-02-2.287566289e-02-2.482904308e-02
-2.651084028e-02-2.788959257e-02-2.893407457e-02-2.961214818e-02-2.988917939e-02
-2.972601354e-02-2.907650732e-02-2.788462862e-02-2.608128265e-02-2.358112484e-02
-2.028012462e-02-1.605533808e-02-1.076971367e-02-4.286701791e-03 3.498162376e-03
 1.260031573e-02 2.285879664e-02 3.327090666e-02 4.390380532e-02 5.481020361e-02
 6.606288254e-02 7.772128284e-02 8.980754763e-02 1.023810506e-01 1.155260280e-01
 1.293559521e-01 1.443465203e-01 1.609457433e-01 1.788771898e-01 1.984383166e-01
 2.201038152e-01 2.445359081e-01 2.727234066e-01 3.067046702e-01 3.328518271e-01
 3.503552377e-01 3.461062014e-01 3.245409429e-01 3.037434816e-01 2.874438167e-01
 1.240712299e-04 2.340212232e-03 7.329478860e-03 1.508407481e-02 2.092583850e-02
 2.034602687e-02 1.900357008e-02 1.742766984e-02 1.561426371e-02 1.356102992e-02
 1.131131500e-02 8.884649724e-03 6.302731577e-03 3.589465050e-03 7.710323553e-04
-2.124052495e-03-5.064976402e-03-8.018801920e-03-1.095080841e-02-1.382501051e-02
-1.660479046e-02-1.925360970e-02-2.173568308e-02-2.401654236e-02-2.606336959e-02
-2.784506232e-02-2.933193184e-02-3.049504012e-02-3.130511940e-02-3.173107654e-02
-3.173805401e-02-3.128504381e-02-3.032200225e-02-2.878655493e-02-2.660034411e-02
-2.366549708e-02-1.986203901e-02-1.504812296e-02-9.066371247e-03-1.761594554e-03
 6.983677391e-03 1.719292440e-02 2.771400847e-02 3.850323334e-02 4.956078157e-02
 6.090645120e-02 7.256848365e-02 8.458031714e-02 9.698371589e-02 1.098381877e-01
 1.232634857e-01 1.375535280e-01 1.528835297e-01 1.690880358e-01 1.861164868e-01
 2.039452046e-01 2.224062085e-01 2.409535646e-01 2.582674921e-01 2.721564472e-01
 2.807087600e-01 2.832548022e-01 2.805168927e-01 2.744885087e-01 2.672078907e-01
 1.238852856e-04 2.336712088e-03 7.318507414e-03 1.507419720e-02 2.088683285e-02
 2.028685994e-02 1.892145537e-02 1.731830463e-02 1.547374018e-02 1.338584255e-02
 1.109853014e-02 8.631454781e-03 6.006363314e-03 3.247186542e-03 3.801469284e-04
-2.566172509e-03-5.560861435e-03-8.570868522e-03-1.156136859e-02-1.449631061e-02
-1.733909734e-02-2.005333640e-02-2.260356955e-02-2.495587990e-02-2.707828209e-02
-2.894083038e-02-3.051537089e-02-3.177494183e-02-3.269274905e-02-3.324077651e-02
-3.338792548e-02-3.309774026e-02-3.232564032e-02-3.101564758e-02-2.909667231e-02
-2.647862770e-02-2.304901369e-02-1.867152378e-02-1.318983268e-02-6.442362908e-03
 1.702276873e-03 1.127605326e-02 2.209632099e-02 3.304250538e-02 4.416323826e-02
 5.548545346e-02 6.702864915e-02 7.880932838e-02 9.084003419e-02 1.031174585e-01
 1.155349985e-01 1.284077466e-01 1.428156942e-01 1.571242064e-01 1.715425849e-01
 1.859315336e-01 1.999996752e-01 2.132881731e-01 2.251779288e-01 2.349899262e-01
 2.421809584e-01 2.465339750e-01 2.482328713e-01 2.477825731e-01 2.458160371e-01
 1.237360702e-04 2.333923243e-03 7.309952751e-03 1.503161527e-02 2.085360140e-02
 2.024745382e-02 1.885891519e-02 1.723077893e-02 1.535987575e-02 1.324347034e-02
 1.092544105e-02 8.425400592e-03 5.765125621e-03 2.968599088e-03 6.210893480e-05
-2.925680950e-03-5.963764153e-03-9.018988349e-03-1.205643918e-02-1.504001580e-02
-1.793314330e-02-2.069956250e-02-2.330409922e-02-2.571331337e-02-2.789592370e-02
-2.982296422e-02-3.146758303e-02-3.280447423e-02-3.380894288e-02-3.445557132e-02
-3.471647948e-02-3.455914930e-02-3.394379839e-02-3.282023221e-02-3.112419695e-02
-2.877335064e-02-2.566330694e-02-2.166473120e-02-1.662370749e-02-1.036934927e-02
-2.735142130e-03 6.398261525e-03 1.703611575e-02 2.792237513e-02 3.898473084e-02
 5.019561946e-02 6.154528633e-02 7.302987576e-02 8.464654535e-02 9.639680386e-02
 1.083159670e-01 1.205195412e-01 1.330111772e-01 1.455658078e-01 1.579788178e-01
 1.700647920e-01 1.816033870e-01 1.923300177e-01 2.019550055e-01 2.102047950e-01
 2.168754488e-01 2.218789607e-01 2.252621651e-01 2.271897644e-01 2.279003114e-01
 1.236109674e-04 2.331542317e-03 7.302258164e-03 1.505574025e-02 2.081404254e-02
 2.018760145e-02 1.879970543e-02 1.715855859e-02 1.526922267e-02 1.313117705e-02
 1.078926586e-02 8.263407275e-03 5.575526040e-03 2.749698702e-03-1.877087634e-04
-3.207950387e-03-6.279933266e-03-9.370417334e-03-1.244441792e-02-1.546579413e-02
-1.839799434e-02-2.120487392e-02-2.385149896e-02-2.630481496e-02-2.853412740e-02
-3.051126562e-02-3.221042827e-02-3.360766545e-02-3.467999026e-02-3.540409729e-02
-3.575474396e-02-3.570266441e-02-3.521209955e-02-3.423778340e-02-3.272147849e-02
-3.058802523e-02-2.774134092e-02-2.406113781e-02-1.940229349e-02-1.360069774e-02
-6.492475048e-03 2.042639069e-03 1.200063247e-02 2.312767692e-02 3.423831984e-02
 4.536763206e-02 5.652872473e-02 6.772202998e-02 7.893836498e-02 9.015642852e-02
 1.013257951e-01 1.126161963e-01 1.242198497e-01 1.356014013e-01 1.466791034e-01
 1.573373079e-01 1.674351096e-01 1.768198609e-01 1.853404939e-01 1.928643286e-01
 1.992949545e-01 2.045865059e-01 2.087496221e-01 2.118473351e-01 2.139825821e-01
 1.235248201e-04 2.329943469e-03 7.297467440e-03 1.501166634e-02 2.080759779e-02
 2.018091828e-02 1.876648515e-02 1.710825972e-02 1.520292833e-02 1.304808166e-02
 1.068820618e-02 8.143110201e-03 5.434718449e-03 2.587144729e-03-3.731913166e-04
-3.417482134e-03-6.514566951e-03-9.631139226e-03-1.273215935e-02-1.578145847e-02
-1.874250919e-02-2.157925442e-02-2.425694652e-02-2.674283832e-02-2.900667489e-02
-3.102090210e-02-3.276052326e-02-3.420262411e-02-3.532550856e-02-3.610749915e-02
-3.652535006e-02-3.655229136e-02-3.615562990e-02-3.529387340e-02-3.391337767e-02
-3.194445372e-02-2.929726616e-02-2.585805953e-02-2.148722671e-02-1.602223516e-02
-9.290894493e-03-1.143628848e-03 8.485265076e-03 1.948468573e-02 3.046987765e-02
 4.143983498e-02 5.238915607e-02 6.330646574e-02 7.417380065e-02 8.496677876e-02
 9.566702694e-02 1.063894853e-01 1.171758398e-01 1.277428120e-01 1.379674524e-01
 1.477588117e-01 1.570228487e-01 1.656651050e-01 1.735971272e-01 1.807437688e-01
 1.870503724e-01 1.924881786e-01 1.970566958e-01 2.007826418e-01 2.037156820e-01
 1.234632218e-04 2.328779548e-03 7.293781731e-03 1.500709262e-02 2.079203166e-02
 2.016020752e-02 1.873910800e-02 1.707288623e-02 1.515797805e-02 1.299227122e-02
 1.062051207e-02 8.062594570e-03 5.340496078e-03 2.478371141e-03-4.973190953e-04
-3.557723481e-03-6.671634968e-03-9.805701673e-03-1.292484719e-02-1.599288732e-02
-1.897330768e-02-2.183011919e-02-2.452870086e-02-2.703651600e-02-2.932361700e-02
-3.136286885e-02-3.312983364e-02-3.460229933e-02-3.575945646e-02-3.658073768e-02
-3.704426438e-02-3.712495416e-02-3.679218143e-02-3.600700200e-02-3.471881524e-02
-3.286151960e-02-3.034928255e-02-2.707238495e-02-2.289436944e-02-1.765307412e-02
-1.117047668e-02-3.279660130e-03 6.119982339e-03 1.697102748e-02 2.780845948e-02
 3.861599043e-02 4.937582463e-02 6.006707251e-02 7.066494226e-02 8.114240319e-02
 9.148905426e-02 1.018005908e-01 1.120971814e-01 1.221567616e-01 1.318627745e-01
 1.411422193e-01 1.499274671e-01 1.581539214e-01 1.657628715e-01 1.727051437e-01
 1.789444536e-01 1.844599843e-01 1.892474890e-01 1.933191717e-01 1.967019290e-01
 1.234283991e-04 2.328112489e-03 7.291574031e-03 1.502559613e-02 2.076512016e-02
 2.014031820e-02 1.872176118e-02 1.705347560e-02 1.513421629e-02 1.296308357e-02
 1.058523078e-02 8.020671085e-03 5.291429814e-03 2.421690151e-03-5.620667944e-04
-3.630967811e-03-6.753782276e-03-9.897137061e-03-1.302593667e-02-1.610398851e-02
-1.909478940e-02-2.196238376e-02-2.467221953e-02-2.719187550e-02-2.949156612e-02
-3.154438362e-02-3.332618624e-02-3.481514007e-02-3.599092737e-02-3.683356568e-02
-3.732192889e-02-3.743183613e-02-3.713379800e-02-3.639022633e-02-3.515216708e-02
-3.335545585e-02-3.091640584e-02-2.772749960e-02-2.365409397e-02-1.853458211e-02
-1.218870655e-02-4.442137200e-03 4.821227398e-03 1.556938794e-02 2.630120143e-02
 3.699433431e-02 4.762535542e-02 5.816844478e-02 6.859359890e-02 7.886091620e-02
 8.888706565e-02 9.883912653e-02 1.090659723e-01 1.188782454e-01 1.283072233e-01
 1.373138130e-01 1.458474249e-01 1.538581997e-01 1.613010913e-01 1.681384593e-01
 1.743420959e-01 1.798947752e-01 1.847910285e-01 1.890370995e-01 1.926502287e-01
 1.234272931e-04 2.328116912e-03 7.291814778e-03 1.499409322e-02 2.076545730e-02
 2.015265822e-02 1.872581802e-02 1.705342345e-02 1.513251942e-02 1.296054944e-02
 1.058206055e-02 8.016858250e-03 5.286898930e-03 2.416338772e-03-5.683497875e-04
-3.638298716e-03-6.762280129e-03-9.906921536e-03-1.303712837e-02-1.611670852e-02
-1.910916157e-02-2.197853290e-02-2.469028160e-02-2.721199393e-02-2.951390855e-02
-3.156914562e-02-3.335360438e-02-3.484551236e-02-3.602461144e-02-3.687102720e-02
-3.736375272e-02-3.747877479e-02-3.718680888e-02-3.645054251e-02-3.522136435e-02
-3.343553096e-02-3.100989573e-02-2.783755399e-02-2.378453873e-02-1.868984848e-02
-1.237351447e-02-4.660705570e-03 4.566713702e-03 1.528115384e-02 2.597488835e-02
 3.662472591e-02 4.720659927e-02 5.769460276e-02 6.806094944e-02 7.828045636e-02
 8.835440129e-02 9.834729135e-02 1.082544252e-01 1.179255843e-01 1.272496283e-01
 1.361619681e-01 1.446108073e-01 1.525494307e-01 1.599364281e-01 1.667372733e-01
 1.729260385e-01 1.784864515e-01 1.834127009e-01 1.877093911e-01 1.913909614e-01
 1.234458032e-04 2.328437520e-03 7.292552385e-03 1.502745785e-02 2.076782845e-02
 2.014453150e-02 1.872995682e-02 1.706579886e-02 1.515080500e-02 1.298415754e-02
 1.061098650e-02 8.051292039e-03 5.327078514e-03 2.462498378e-03-5.159956636e-04
-3.579560434e-03-6.696995348e-03-9.834952652e-03-1.295835711e-02-1.603102684e-02
-1.901645027e-02-2.187865227e-02-2.458303235e-02-2.709708735e-02-2.939093299e-02
-3.143751621e-02-3.321252018e-02-3.469388932e-02-3.586104140e-02-3.669368476e-02
-3.717030957e-02-3.726631030e-02-3.695167974e-02-3.618826345e-02-3.492646292e-02
-3.310145065e-02-3.062894009e-02-2.740103006e-02-2.328321710e-02-1.811508276e-02
-1.171936002e-02-3.927473444e-03 5.367453210e-03 1.612132974e-02 2.684789337e-02
 3.752816468e-02 4.814197868e-02 5.866634101e-02 6.907368451e-02 7.932674140e-02
 8.934763074e-02 9.928947687e-02 1.094722897e-01 1.192537770e-01 1.286578327e-01
 1.376432478e-01 1.461584419e-01 1.541530192e-01 1.615815014e-01 1.684059054e-01
 1.745978296e-01 1.801398396e-01 1.850262880e-01 1.892633140e-01 1.928680241e-01
 1.235027739e-04 2.329526469e-03 7.296099328e-03 1.501180883e-02 2.080001310e-02
 2.017274685e-02 1.875787228e-02 1.709903590e-02 1.519232709e-02 1.303549018e-02
 1.067310479e-02 8.124982938e-03 5.413029343e-03 2.561330330e-03-4.037203616e-04
-3.453335725e-03-6.556369830e-03-9.679526091e-03-1.278776675e-02-1.584492996e-02
-1.881449297e-02-2.166041918e-02-2.434798889e-02-2.684451453e-02-2.911983617e-02
-3.114653192e-02-3.289979696e-02-3.435697034e-02-3.549670801e-02-3.629777580e-02
-3.673752025e-02-3.678992391e-02-3.642327338e-02-3.559733182e-02-3.426004574e-02
-3.234373778e-02-2.976101078e-02-2.640095353e-02-2.212697826e-02-1.677912846e-02
-1.018607523e-02-2.195033478e-03 7.270458620e-03 1.812137850e-02 2.893329971e-02
 3.970082477e-02 5.041428283e-02 6.105825305e-02 7.161146402e-02 8.204895258e-02
 9.235986322e-02 1.026303768e-01 1.128757000e-01 1.228858680e-01 1.325478256e-01
 1.417883784e-01 1.505392194e-01 1.587350518e-01 1.663165540e-01 1.732340455e-01
 1.794508398e-01 1.849457324e-01 1.897142529e-01 1.937683225e-01 1.971346587e-01
 1.235901582e-04 2.331179334e-03 7.301321253e-03 1.501957141e-02 2.082105912e-02
 2.020174824e-02 1.879669912e-02 1.714954153e-02 1.525659487e-02 1.311522257e-02
 1.076963078e-02 8.239485323e-03 5.546591245e-03 2.714948496e-03-2.291281271e-04
-3.256932599e-03-6.337399594e-03-9.437306784e-03-1.252167765e-02-1.555437967e-02
-1.849887148e-02-2.131902985e-02-2.397996001e-02-2.644868754e-02-2.869463153e-02
-3.068980388e-02-3.240865096e-02-3.382756189e-02-3.492399678e-02-3.567524627e-02
-3.605682775e-02-3.604046255e-02-3.559164703e-02-3.466673568e-02-3.320950642e-02
-3.114734218e-02-2.838720195e-02-2.481226064e-02-2.028091438e-02-1.463172678e-02
-7.700877264e-03 6.373781944e-04 1.039365027e-02 2.133962139e-02 3.223117441e-02
 4.309875518e-02 5.394916236e-02 6.477568299e-02 7.556210458e-02 8.628467470e-02
 9.692415595e-02 1.075836122e-01 1.182970852e-01 1.287966371e-01 1.389615983e-01
 1.487001032e-01 1.579170823e-01 1.665171683e-01 1.744110882e-01 1.815230697e-01
 1.877979487e-01 1.932065040e-01 1.977478862e-01 2.014485449e-01 2.043579221e-01
 1.237053948e-04 2.333325334e-03 7.307794411e-03 1.506695617e-02 2.083241567e-02
 2.021492273e-02 1.884191670e-02 1.721647568e-02 1.534428261e-02 1.322476938e-02
 1.090246066e-02 8.397103287e-03 5.730458070e-03 2.926450688e-03 1.130448345e-05
-2.986372449e-03-6.035617087e-03-9.103305638e-03-1.215454284e-02-1.515323948e-02
-1.806283370e-02-2.084709331e-02-2.347089350e-02-2.590087987e-02-2.810591832e-02
-3.005725332e-02-3.172832727e-02-3.309424967e-02-3.413086385e-02-3.481344879e-02
-3.511501849e-02-3.500419483e-02-3.444264084e-02-3.338195756e-02-3.176011518e-02
-2.949747443e-02-2.649275772e-02-2.261994407e-02-1.772798412e-02-1.164705120e-02
-4.207251128e-03 4.722814541e-03 1.517462451e-02 2.585006505e-02 3.666386008e-02
 4.757681116e-02 5.856753886e-02 6.961996853e-02 8.071698248e-02 9.183401614e-02
 1.029212326e-01 1.141324565e-01 1.256402731e-01 1.369411051e-01 1.479490399e-01
 1.585455835e-01 1.685881168e-01 1.779228151e-01 1.863977313e-01 1.938794851e-01
 2.002711892e-01 2.055265158e-01 2.096557468e-01 2.127216458e-01 2.148269117e-01
 1.238652039e-04 2.336363541e-03 7.317570969e-03 1.504725404e-02 2.088014781e-02
 2.028796449e-02 1.891648397e-02 1.730816998e-02 1.545939967e-02 1.336704846e-02
 1.107446570e-02 8.601004258e-03 5.968227983e-03 3.199929604e-03 3.222214291e-04
-2.636403078e-03-5.645101890e-03-8.670872077e-03-1.167892199e-02-1.463322062e-02
-1.749718934e-02-2.023446932e-02-2.280965820e-02-2.518894523e-02-2.734050713e-02
-2.923464216e-02-3.084355034e-02-3.214073554e-02-3.310003504e-02-3.369421512e-02
-3.389317915e-02-3.366171569e-02-3.295675293e-02-3.172412142e-02-2.989484556e-02
-2.738119662e-02-2.407310531e-02-1.983633451e-02-1.451540180e-02-7.946758531e-03
 8.298516150e-06 9.397466667e-03 2.006367967e-02 3.082159720e-02 4.171002284e-02
 5.274291337e-02 6.392460316e-02 7.525487989e-02 8.673093468e-02 9.835356474e-02
 1.101582944e-01 1.222612336e-01 1.346652508e-01 1.471429020e-01 1.594866514e-01
 1.715093553e-01 1.829896420e-01 1.936622709e-01 2.032370120e-01 2.114398032e-01
 2.180663794e-01 2.230283767e-01 2.263723463e-01 2.282627672e-01 2.289379835e-01
 1.240537968e-04 2.339892089e-03 7.328412961e-03 1.509441994e-02 2.092080377e-02
 2.033852041e-02 1.899543032e-02 1.741784438e-02 1.560148690e-02 1.354404259e-02
 1.128876489e-02 8.855014108e-03 6.264313590e-03 3.540399717e-03 7.093045861e-04
-2.200584859e-03-5.158557557e-03-8.131750859e-03-1.108549815e-02-1.398384944e-02
-1.679021865e-02-1.946811005e-02-2.198180929e-02-2.429696359e-02-2.638095431e-02
-2.820296027e-02-2.973370813e-02-3.094481118e-02-3.180772439e-02-3.229226544e-02
-3.236470371e-02-3.198537230e-02-3.110578284e-02-2.966524474e-02-2.758710459e-02
-2.477490157e-02-2.110926621e-02-1.644725353e-02-1.062728837e-02-3.484896384e-03
 5.114242900e-03 1.522073615e-02 2.563492581e-02 3.629658744e-02 4.718880355e-02
 5.831252411e-02 6.967622042e-02 8.129088581e-02 9.316529334e-02 1.052915454e-01
 1.175496504e-01 1.302794069e-01 1.446555108e-01 1.589031219e-01 1.732587963e-01
 1.875869036e-01 2.015969157e-01 2.148301154e-01 2.266673297e-01 2.364293635e-01
 2.435727865e-01 2.478803843e-01 2.495358586e-01 2.490440160e-01 2.470376790e-01
 1.242863509e-04 2.344271634e-03 7.342135999e-03 1.510995533e-02 2.096941136e-02
 2.041217312e-02 1.909762621e-02 1.755372621e-02 1.577562653e-02 1.376030501e-02
 1.154998224e-02 9.163997136e-03 6.623958703e-03 3.953645471e-03 1.179057639e-03
-1.671517966e-03-4.567516968e-03-7.476246450e-03-1.036319975e-02-1.319253165e-02
-1.592766866e-02-1.853196882e-02-2.096937411e-02-2.320492826e-02-2.520509250e-02
-2.693777531e-02-2.837200463e-02-2.947722748e-02-3.022218309e-02-3.057334758e-02
-3.049291857e-02-2.993633039e-02-2.884929627e-02-2.716443315e-02-2.479771152e-02
-2.164530940e-02-1.758214459e-02-1.246476080e-02-6.143430248e-03 1.508258516e-03
 1.053445973e-02 2.079568245e-02 3.121514246e-02 4.185040295e-02 5.273944512e-02
 6.391539425e-02 7.541097701e-02 8.726114780e-02 9.950793535e-02 1.122109145e-01
 1.254938692e-01 1.396692544e-01 1.549199969e-01 1.710587889e-01 1.880253702e-01
 2.057943791e-01 2.241976857e-01 2.426893562e-01 2.599496245e-01 2.737867534e-01
 2.822890282e-01 2.847866416e-01 2.820018828e-01 2.759281993e-01 2.686039507e-01
 1.245626336e-04 2.349495888e-03 7.358666509e-03 1.513514016e-02 2.101349272e-02
 2.050527371e-02 1.922284812e-02 1.771800034e-02 1.598611847e-02 1.402214915e-02
 1.186413504e-02 9.533526376e-03 7.052700501e-03 4.445625003e-03 1.738240360e-03
-1.041335985e-03-3.862758633e-03-6.693566684e-03-9.499460459e-03-1.224473864e-02
-1.489285287e-02-1.740701869e-02-1.975079253e-02-2.188854478e-02-2.378570288e-02
-2.540872991e-02-2.672474086e-02-2.770073339e-02-2.830240130e-02-2.849250846e-02
-2.822880447e-02-2.746149525e-02-2.613030747e-02-2.416129410e-02-2.146374993e-02
-1.792803034e-02-1.342583355e-02-7.815699093e-03-9.579469915e-04 7.255916484e-03
 1.685733907e-02 2.676588111e-02 3.694230318e-02 4.738926515e-02 5.813233554e-02
 6.922630966e-02 8.072315902e-02 9.265168011e-02 1.050721556e-01 1.180672646e-01
 1.317493021e-01 1.466220617e-01 1.631554961e-01 1.810260713e-01 2.005271167e-01
 2.221337855e-01 2.465084940e-01 2.746402621e-01 3.085675538e-01 3.346619904e-01
 3.521137834e-01 3.478136063e-01 3.261978924e-01 3.053515553e-01 2.890047133e-01
 1.248696062e-04 2.355258679e-03 7.376481313e-03 1.521850005e-02 2.105500549e-02
 2.057675645e-02 1.935663074e-02 1.790720411e-02 1.623731852e-02 1.434752718e-02
 1.223895419e-02 9.967949241e-03 7.554396056e-03 5.020942539e-03 2.392768161e-03
-3.025073383e-04-3.034915775e-03-5.772307515e-03-8.480634540e-03-1.112436038e-02
-1.366696507e-02-1.607149653e-02-1.830108277e-02-2.031932771e-02-2.209049650e-02
-2.357941866e-02-2.475105412e-02-2.556965686e-02-2.599753626e-02-2.599338070e-02
-2.551016770e-02-2.449268661e-02-2.287483588e-02-2.057699114e-02-1.750412211e-02
-1.354600396e-02-8.581938222e-03-2.494045300e-03 4.804952536e-03 1.332250424e-02
 2.291129902e-02 3.263964877e-02 4.256686941e-02 5.273605138e-02 6.319898367e-02
 7.404638827e-02 8.533681929e-02 9.707780182e-02 1.093439907e-01 1.222305149e-01
 1.358534843e-01 1.507562846e-01 1.674953848e-01 1.857645512e-01 2.060182542e-01
 2.289914042e-01 2.558251321e-01 2.883642614e-01 3.292971551e-01 3.609705865e-01
 3.779031336e-01 3.723301291e-01 3.448230028e-01 3.170012832e-01 2.963082492e-01
 1.252196816e-04 2.361880848e-03 7.397501729e-03 1.521279290e-02 2.113845199e-02
 2.071336657e-02 1.951918751e-02 1.811925881e-02 1.650994644e-02 1.468833070e-02
 1.265149377e-02 1.045710128e-02 8.125838824e-03 5.680631381e-03 3.146697301e-03
 5.515650846e-04-2.074962948e-03-4.700936377e-03-7.292496972e-03-9.814229794e-03
-1.222960558e-02-1.450145151e-02-1.659238711e-02-1.846513897e-02-2.008264884e-02
-2.140790410e-02-2.240344509e-02-2.303046919e-02-2.324755676e-02-2.300898172e-02
-2.226267010e-02-2.094790153e-02-1.899298467e-02-1.631345227e-02-1.281169802e-02
-8.379920386e-03-2.909334144e-03 3.689941717e-03 1.145365369e-02 2.031054720e-02
 2.939484641e-02 3.868949786e-02 4.819366708e-02 5.792361498e-02 6.794038415e-02
 7.835675776e-02 8.914971352e-02 1.003759429e-01 1.121118888e-01 1.244499087e-01
 1.375384182e-01 1.516930163e-01 1.671658456e-01 1.839764714e-01 2.023274451e-01
 2.225748748e-01 2.451792210e-01 2.706743479e-01 2.993229330e-01 3.217000365e-01
 3.332414031e-01 3.314886689e-01 3.165854216e-01 2.990324199e-01 2.841456234e-01
 1.255904936e-04 2.368856920e-03 7.419327274e-03 1.527645253e-02 2.122493833e-02
 2.082880586e-02 1.968653686e-02 1.834731176e-02 1.680679806e-02 1.506192703e-02
 1.310910843e-02 1.100480091e-02 8.770076558e-03 6.428277586e-03 4.004876129e-03
 1.527483808e-03-9.741432732e-04-3.468174487e-03-5.920881871e-03-8.296922781e-03
-1.055969857e-02-1.267174166e-02-1.459506247e-02-1.629136875e-02-1.772209816e-02
-1.884817518e-02-1.962944679e-02-2.002377063e-02-1.998573542e-02-1.946504228e-02
-1.840464585e-02-1.673885807e-02-1.439174917e-02-1.127659623e-02-7.297581527e-03
-2.355861710e-03 3.636460518e-03 1.072860789e-02 1.888862066e-02 2.729820646e-02
 3.595105559e-02 4.483176023e-02 5.389086530e-02 6.304086745e-02 7.243458927e-02
 8.211415261e-02 9.213896096e-02 1.025639623e-01 1.134379432e-01 1.248146445e-01
 1.367356032e-01 1.493404955e-01 1.629663557e-01 1.772560477e-01 1.922845542e-01
 2.079827935e-01 2.241083831e-01 2.400736362e-01 2.547117174e-01 2.663334012e-01
 2.734766006e-01 2.756012678e-01 2.732726634e-01 2.679691315e-01 2.612753808e-01
 1.259761484e-04 2.376121469e-03 7.442110218e-03 1.532109547e-02 2.130457014e-02
 2.094761096e-02 1.986497641e-02 1.859351061e-02 1.713055372e-02 1.547373366e-02
 1.361837797e-02 1.161588915e-02 9.490551427e-03 7.266959641e-03 4.971007816e-03
 2.630372066e-03 2.747172839e-04-2.064271132e-03-4.352992401e-03-6.556143053e-03
-8.636996150e-03-1.055769995e-02-1.227953192e-02-1.376302913e-02-1.496793330e-02
-1.585288532e-02-1.637482457e-02-1.648807712e-02-1.614317298e-02-1.528544351e-02
-1.385364402e-02-1.177889574e-02-8.984620683e-03-5.388396326e-03-9.069939260e-04
 4.534687847e-03 1.099210326e-02 1.845811680e-02 2.617964707e-02 3.416467458e-02
 4.242191836e-02 5.096692592e-02 5.994227529e-02 6.834341586e-02 7.655325532e-02
 8.527255803e-02 9.436839819e-02 1.038170159e-01 1.136186868e-01 1.237834319e-01
 1.343329549e-01 1.453112960e-01 1.567140371e-01 1.684366316e-01 1.803446114e-01
 1.922475547e-01 2.038537413e-01 2.147442549e-01 2.243871838e-01 2.322227061e-01
 2.378112227e-01 2.409745306e-01 2.418519408e-01 2.408414036e-01 2.384578288e-01
 1.263613085e-04 2.383424668e-03 7.465433329e-03 1.535475347e-02 2.138862200e-02
 2.108878642e-02 2.005774528e-02 1.885471120e-02 1.747788116e-02 1.592568681e-02
 1.419733837e-02 1.229409967e-02 1.028617006e-02 8.194784634e-03 6.044192705e-03
 3.861218691e-03 1.675043954e-03-4.829406680e-04-2.579291584e-03-4.578707274e-03
-6.444252562e-03-8.137580939e-03-9.619100019e-03-1.084802113e-02-1.178223547e-02
-1.237795688e-02-1.258912776e-02-1.236658264e-02-1.165706199e-02-1.040223893e-02
-8.538098074e-03-5.995294079e-03-2.701744204e-03 1.410349854e-03 6.388103589e-03
 1.222789194e-02 1.897665672e-02 2.597115748e-02 3.322720528e-02 4.075793177e-02
 4.857876524e-02 5.677972361e-02 6.502755731e-02 7.212437689e-02 7.980265468e-02
 8.776372671e-02 9.598423541e-02 1.044504493e-01 1.131478101e-01 1.220578849e-01
 1.311499625e-01 1.404728740e-01 1.500614434e-01 1.596661359e-01 1.691749692e-01
 1.784358472e-01 1.872515529e-01 1.953881383e-01 2.025951594e-01 2.086404115e-01
 2.133522928e-01 2.166557908e-01 2.185871154e-01 2.192809582e-01 2.189365476e-01
 1.266973850e-04 2.389747184e-03 7.485226728e-03 1.544865593e-02 2.145825513e-02
 2.119040117e-02 2.022881247e-02 1.910498366e-02 1.782083325e-02 1.637634821e-02
 1.476984564e-02 1.299823727e-02 1.113300864e-02 9.196934290e-03 7.215048652e-03
 5.214517470e-03 3.224627580e-03 1.276783878e-03-5.955378292e-04-2.356888494e-03
-3.969982266e-03-5.395833403e-03-6.593848579e-03-7.521813270e-03-8.135731332e-03
-8.389480412e-03-8.234298788e-03-7.618145086e-03-6.485085003e-03-4.774986301e-03
-2.423727186e-03 6.358255050e-04 4.471268971e-03 9.150355123e-03 1.472194958e-02
 2.055737190e-02 2.672858164e-02 3.319315985e-02 3.993399814e-02 4.695722833e-02
 5.432980508e-02 6.228385121e-02 6.865260750e-02 7.554940134e-02 8.264788240e-02
 8.991108835e-02 9.732371569e-02 1.048697904e-01 1.125310883e-01 1.202858761e-01
 1.281109303e-01 1.360363513e-01 1.440507323e-01 1.519787610e-01 1.597104669e-01
 1.671361327e-01 1.741331220e-01 1.805710346e-01 1.863219440e-01 1.912743598e-01
 1.953477412e-01 1.985039711e-01 2.007522285e-01 2.021458298e-01 2.027722597e-01
 1.269645873e-04 2.394810785e-03 7.501436863e-03 1.543072332e-02 2.153647132e-02
 2.128967270e-02 2.037724480e-02 1.933122240e-02 1.814504527e-02 1.681751199e-02
 1.534627751e-02 1.372644491e-02 1.202303916e-02 1.026301552e-02 8.473054506e-03
 6.680885796e-03 4.915925674e-03 3.209585091e-03 1.595395734e-03 1.090280348e-04
-1.211767434e-03-2.327245660e-03-3.195737256e-03-3.773644799e-03-4.015331622e-03
-3.872902365e-03-3.295961069e-03-2.231400693e-03-6.234773318e-04 1.584323356e-03
 4.445564002e-03 8.007310331e-03 1.228472032e-02 1.734685339e-02 2.264562808e-02
 2.819037996e-02 3.398394585e-02 4.001293704e-02 4.625690728e-02 5.268502608e-02
 5.924011022e-02 6.582818180e-02 7.237043232e-02 7.890582830e-02 8.548272401e-02
 9.210947901e-02 9.877832979e-02 1.054758653e-01 1.121853814e-01 1.188885048e-01
 1.255797446e-01 1.323247850e-01 1.390964538e-01 1.457220018e-01 1.521097571e-01
 1.581904888e-01 1.638928056e-01 1.691441536e-01 1.738760322e-01 1.780302525e-01
 1.815648377e-01 1.844585538e-01 1.867130250e-01 1.883518994e-01 1.894175857e-01
 1.271048532e-04 2.397571923e-03 7.511031814e-03 1.546549797e-02 2.159151807e-02
 2.135688066e-02 2.046811394e-02 1.950603351e-02 1.842669956e-02 1.722926088e-02
 1.591547392e-02 1.448699925e-02 1.294626668e-02 1.137675624e-02 9.800678119e-03
 8.243564516e-03 6.733653136e-03 5.301733036e-03 3.981129732e-03 2.807696117e-03
 1.819744473e-03 1.057904330e-03 5.649313680e-04 3.855254909e-04 5.662568728e-04
 1.155599835e-03 2.203311073e-03 3.759947605e-03 5.880203564e-03 8.615879342e-03
 1.199595816e-02 1.610755548e-02 2.048861980e-02 2.519937605e-02 3.019699454e-02
 3.545009717e-02 4.093068838e-02 4.661103338e-02 5.245973542e-02 5.842169747e-02
 6.443165243e-02 7.048884779e-02 7.657372952e-02 8.265603334e-02 8.871709555e-02
 9.474206716e-02 1.007163525e-01 1.066254973e-01 1.124553457e-01 1.181887463e-01
 1.237963215e-01 1.296587437e-01 1.354400963e-01 1.409909576e-01 1.462865472e-01
 1.512955576e-01 1.559808403e-01 1.603036225e-01 1.642271727e-01 1.677201241e-01
 1.707595587e-01 1.733331978e-01 1.754405797e-01 1.770930141e-01 1.783124357e-01
 1.269544446e-04 2.395013347e-03 7.505107205e-03 1.546830405e-02 2.158346213e-02
 2.139405906e-02 2.054648101e-02 1.961163618e-02 1.862996817e-02 1.755876653e-02
 1.640393771e-02 1.516486797e-02 1.383564807e-02 1.249336917e-02 1.116420142e-02
 9.874808602e-03 8.653317578e-03 7.530104835e-03 6.538308691e-03 5.714083556e-03
 5.096602254e-03 4.727771040e-03 4.651589785e-03 4.913188983e-03 5.558151752e-03
 6.634781603e-03 8.187999018e-03 1.024109498e-02 1.285919081e-02 1.614273898e-02
 1.971438341e-02 2.363826148e-02 2.788899839e-02 3.245026618e-02 3.729592264e-02
 4.239101708e-02 4.768702015e-02 5.314244702e-02 5.865703151e-02 6.427258253e-02
 6.996514648e-02 7.569524646e-02 8.141808212e-02 8.709167689e-02 9.267904609e-02
 9.814857692e-02 1.034738272e-01 1.086341292e-01 1.136199087e-01 1.184228063e-01
 1.234513223e-01 1.284307986e-01 1.332012564e-01 1.377500743e-01 1.420674324e-01
 1.461384296e-01 1.499447972e-01 1.534665674e-01 1.566841900e-01 1.595803946e-01
 1.621420532e-01 1.643614322e-01 1.662371606e-01 1.677743345e-01 1.689843237e-01
 1.261721045e-04 2.380778780e-03 7.464267779e-03 1.537281740e-02 2.146934345e-02
 2.128936909e-02 2.046502940e-02 1.957882941e-02 1.866892166e-02 1.772981882e-02
 1.675451174e-02 1.574217156e-02 1.468959358e-02 1.359281410e-02 1.253766753e-02
 1.154784206e-02 1.064815838e-02 9.866514243e-03 9.234726429e-03 8.788921870e-03
 8.569657803e-03 8.621594869e-03 8.991982788e-03 9.725957178e-03 1.085354388e-02
 1.244036667e-02 1.458887570e-02 1.701033860e-02 1.978417486e-02 2.294339612e-02
 2.646249160e-02 3.033319302e-02 3.454480693e-02 3.908390552e-02 4.393061996e-02
 4.904805496e-02 5.445486680e-02 5.952029675e-02 6.486229599e-02 7.036390901e-02
 7.594225556e-02 8.152722567e-02 8.705171198e-02 9.245306253e-02 9.767668694e-02
 1.026781499e-01 1.074206680e-01 1.118847653e-01 1.160890162e-01 1.204276904e-01
 1.245658547e-01 1.285094768e-01 1.322632879e-01 1.358302683e-01 1.392100304e-01
 1.423984617e-01 1.453880221e-01 1.481687278e-01 1.507295370e-01 1.530597806e-01
 1.551504433e-01 1.569952220e-01 1.585912108e-01 1.599393040e-01 1.610442102e-01
 1.241378486e-04 2.343307948e-03 7.353444584e-03 1.521040592e-02 2.116016112e-02
 2.091226913e-02 2.006405219e-02 1.921781339e-02 1.840064675e-02 1.761530340e-02
 1.685280539e-02 1.610460132e-02 1.536334772e-02 1.462347712e-02 1.388030034e-02
 1.323236339e-02 1.269326545e-02 1.228509750e-02 1.203658711e-02 1.198268309e-02
 1.216528565e-02 1.263554674e-02 1.345912181e-02 1.472777128e-02 1.623434760e-02
 1.804736257e-02 2.020265348e-02 2.269148827e-02 2.552207746e-02 2.870288305e-02
 3.223675862e-02 3.612666205e-02 4.037804157e-02 4.500179365e-02 4.994744807e-02
 5.500783026e-02 6.014697999e-02 6.550040096e-02 7.105166465e-02 7.673896104e-02
 8.248458803e-02 8.819536865e-02 9.376958758e-02 9.911063313e-02 1.041180044e-01
 1.087746173e-01 1.130600274e-01 1.169476956e-01 1.205066890e-01 1.237878352e-01
 1.268399507e-01 1.297015399e-01 1.324038953e-01 1.349691898e-01 1.374100000e-01
 1.397305876e-01 1.419288218e-01 1.439982802e-01 1.459300816e-01 1.477145404e-01
 1.493424326e-01 1.508059949e-01 1.520995498e-01 1.532199532e-01 1.541667432e-01
 1.198497775e-04 2.263345988e-03 7.110715844e-03 1.469998155e-02 2.045028098e-02
 1.999718510e-02 1.906139031e-02 1.826237515e-02 1.760607958e-02 1.706068031e-02
 1.658941433e-02 1.616790332e-02 1.578447409e-02 1.543861628e-02 1.514105778e-02
 1.491713617e-02 1.479085907e-02 1.478741411e-02 1.493406668e-02 1.526029874e-02
 1.579742134e-02 1.657740586e-02 1.762999594e-02 1.897567324e-02 2.060851827e-02
 2.253893949e-02 2.477962896e-02 2.733987570e-02 3.022895567e-02 3.345570341e-02
 3.702794388e-02 4.095282778e-02 4.523628578e-02 4.987588897e-02 5.482479930e-02
 6.001808494e-02 6.548832357e-02 7.124397159e-02 7.725520432e-02 8.346061409e-02
 8.976039290e-02 9.603555501e-02 1.020889506e-01 1.077447981e-01 1.128470898e-01
 1.172426715e-01 1.209107414e-01 1.239032075e-01 1.263410598e-01 1.283765882e-01
 1.301517785e-01 1.317748427e-01 1.333163828e-01 1.348160207e-01 1.362911314e-01
 1.377445161e-01 1.391699016e-01 1.405560523e-01 1.418893337e-01 1.431556046e-01
 1.443414688e-01 1.454350352e-01 1.464264095e-01 1.473080367e-01 1.480747014e-01
 1.125352210e-04 2.123604761e-03 6.662291009e-03 1.375996880e-02 1.886271685e-02
 1.785171591e-02 1.679180004e-02 1.628175192e-02 1.608699188e-02 1.600602828e-02
 1.596337557e-02 1.593992673e-02 1.593446359e-02 1.595561206e-02 1.601871289e-02
 1.614408381e-02 1.635445841e-02 1.667399332e-02 1.712777279e-02 1.774137840e-02
 1.854027063e-02 1.954887807e-02 2.078932337e-02 2.227996476e-02 2.403479442e-02
 2.606747672e-02 2.839159220e-02 3.102017008e-02 3.396547586e-02 3.723886982e-02
 4.085139930e-02 4.481325299e-02 4.913230613e-02 5.382093787e-02 5.890081078e-02
 6.436534226e-02 7.023824751e-02 7.652750611e-02 8.322709799e-02 9.039880335e-02
 9.787720442e-02 1.055080071e-01 1.129309982e-01 1.196307391e-01 1.251801997e-01
 1.293398440e-01 1.320581287e-01 1.334896088e-01 1.340272576e-01 1.341448128e-01
 1.341685653e-01 1.342612952e-01 1.344866753e-01 1.348575503e-01 1.353622824e-01
 1.359782964e-01 1.366790235e-01 1.374374926e-01 1.382280439e-01 1.390273422e-01
 1.398147196e-01 1.405723393e-01 1.412852854e-01 1.419413984e-01 1.425311565e-01
 1.043175434e-04 1.963178860e-03 6.117777899e-03 1.248725131e-02 1.601451449e-02
 1.116436068e-02 1.185321156e-02 1.349352207e-02 1.427297946e-02 1.482975297e-02
 1.527104527e-02 1.564358547e-02 1.598075405e-02 1.631134003e-02 1.666197367e-02
 1.705821604e-02 1.752503030e-02 1.808703691e-02 1.876851358e-02 1.959324628e-02
 2.058420330e-02 2.176308259e-02 2.314977534e-02 2.476209961e-02 2.661639825e-02
 2.872851677e-02 3.111412749e-02 3.379151598e-02 3.678036854e-02 4.008590430e-02
 4.372078553e-02 4.771059379e-02 5.205539614e-02 5.676951632e-02 6.194784492e-02
 6.767480075e-02 7.392674685e-02 8.078902960e-02 8.831710368e-02 9.664577991e-02
 1.059169099e-01 1.162933335e-01 1.278221011e-01 1.373504251e-01 1.442394555e-01
 1.480073035e-01 1.495786756e-01 1.469745189e-01 1.430436522e-01 1.399866492e-01
 1.377256960e-01 1.361157149e-01 1.350271553e-01 1.343521476e-01 1.340024024e-01
 1.339058280e-01 1.340033114e-01 1.342460811e-01 1.345936656e-01 1.350123137e-01
 1.354738772e-01 1.359549463e-01 1.364361197e-01 1.369015425e-01 1.373384148e-01
 1.002263598e-04 1.883969293e-03 5.856956821e-03 1.189164445e-02 1.508038398e-02
 1.077246293e-02 1.069631428e-02 1.231387164e-02 1.340767834e-02 1.428717654e-02
 1.500350796e-02 1.561022736e-02 1.615636796e-02 1.668130979e-02 1.721642353e-02
 1.778870262e-02 1.842322014e-02 1.914424077e-02 1.997539029e-02 2.093934081e-02
 2.205773070e-02 2.335152030e-02 2.484036982e-02 2.653754316e-02 2.845313214e-02
 3.060852736e-02 3.300788254e-02 3.566842899e-02 3.869004175e-02 4.200887308e-02
 4.562870041e-02 4.960444197e-02 5.396366864e-02 5.871872604e-02 6.394640356e-02
 6.969449669e-02 7.603408396e-02 8.307059109e-02 9.095575660e-02 9.991791844e-02
 1.103091314e-01 1.226725280e-01 1.377197355e-01 1.495367587e-01 1.575217545e-01
 1.606784761e-01 1.620170623e-01 1.553669721e-01 1.476841271e-01 1.422510892e-01
 1.384196430e-01 1.357056946e-01 1.337917596e-01 1.324664056e-01 1.315828860e-01
 1.310352087e-01 1.307439506e-01 1.306478530e-01 1.306985468e-01 1.308571845e-01
 1.310921162e-01 1.313774586e-01 1.316918880e-01 1.320178807e-01 1.323411316e-01
 1.026260070e-04 1.930345199e-03 6.009398028e-03 1.226038951e-02 1.573628001e-02
 1.243917644e-02 1.188062411e-02 1.306835096e-02 1.398034114e-02 1.477436535e-02
 1.542800665e-02 1.600996405e-02 1.657853089e-02 1.716179773e-02 1.776907407e-02
 1.841635630e-02 1.912759803e-02 1.992087066e-02 2.082517743e-02 2.185729519e-02
 2.303683572e-02 2.438352630e-02 2.593595535e-02 2.768136561e-02 2.963279374e-02
 3.179280832e-02 3.421382234e-02 3.689996898e-02 3.986824304e-02 4.313893616e-02
 4.670620337e-02 5.059252679e-02 5.482739583e-02 5.944310501e-02 6.448129565e-02
 6.999398023e-02 7.604733109e-02 8.272906393e-02 9.015900642e-02 9.850560129e-02
 1.080163717e-01 1.190975979e-01 1.326754391e-01 1.432029605e-01 1.504393816e-01
 1.532150805e-01 1.550493985e-01 1.490586251e-01 1.424727291e-01 1.378465742e-01
 1.344455779e-01 1.319233328e-01 1.300606877e-01 1.287040263e-01 1.277406067e-01
 1.270851195e-01 1.266714036e-01 1.264470369e-01 1.263698488e-01 1.264053583e-01
 1.265251487e-01 1.267056167e-01 1.269270480e-01 1.271730363e-01 1.274299026e-01
 1.100628870e-04 2.075762255e-03 6.504158955e-03 1.339964010e-02 1.820191741e-02
 1.684904099e-02 1.586377062e-02 1.572969370e-02 1.589112543e-02 1.614715718e-02
 1.645261422e-02 1.679497212e-02 1.719383150e-02 1.771367341e-02 1.829776354e-02
 1.892761141e-02 1.962910965e-02 2.043206617e-02 2.135674655e-02 2.241768688e-02
 2.360657789e-02 2.499963529e-02 2.655813657e-02 2.830510028e-02 3.026139177e-02
 3.243514150e-02 3.484201059e-02 3.749180958e-02 4.039051384e-02 4.354603589e-02
 4.696896672e-02 5.067367479e-02 5.467859283e-02 5.900580436e-02 6.368090957e-02
 6.873288751e-02 7.419371605e-02 8.009678125e-02 8.647237718e-02 9.333591908e-02
 1.006580070e-01 1.082881764e-01 1.157856435e-01 1.223446056e-01 1.273709089e-01
 1.305856258e-01 1.319316328e-01 1.315666437e-01 1.301188171e-01 1.283686608e-01
 1.267140508e-01 1.252943277e-01 1.241407767e-01 1.232424155e-01 1.225726902e-01
 1.221006364e-01 1.217956319e-01 1.216292679e-01 1.215759516e-01 1.216130182e-01
 1.217205748e-01 1.218812689e-01 1.220800132e-01 1.223038062e-01 1.225414723e-01
 1.175045545e-04 2.219618764e-03 6.979382131e-03 1.445264742e-02 2.010471001e-02
 1.956832409e-02 1.867857948e-02 1.805263944e-02 1.767866313e-02 1.750702038e-02
 1.749198884e-02 1.760083251e-02 1.783361658e-02 1.823806018e-02 1.874102466e-02
 1.932353899e-02 1.999464817e-02 2.075965330e-02 2.165430039e-02 2.272509970e-02
 2.392661199e-02 2.525849454e-02 2.674538083e-02 2.843011357e-02 3.033397533e-02
 3.247340396e-02 3.485719115e-02 3.746712953e-02 4.028278589e-02 4.330574721e-02
 4.654503986e-02 5.001180992e-02 5.371769890e-02 5.767399818e-02 6.189062074e-02
 6.637457758e-02 7.112742960e-02 7.614100724e-02 8.139034361e-02 8.682257682e-02
 9.234124422e-02 9.778959304e-02 1.029467508e-01 1.075585410e-01 1.114001200e-01
 1.143303290e-01 1.163185239e-01 1.174510270e-01 1.179121509e-01 1.179277971e-01
 1.176995561e-01 1.173728555e-01 1.170389429e-01 1.167491674e-01 1.165287718e-01
 1.163869351e-01 1.163233817e-01 1.163324714e-01 1.164057702e-01 1.165335923e-01
 1.167059094e-01 1.169129312e-01 1.171454117e-01 1.173948273e-01 1.176534668e-01
 1.211767812e-04 2.289114287e-03 7.197109982e-03 1.492230035e-02 2.078974620e-02
 2.048161440e-02 1.969181374e-02 1.903172210e-02 1.853594556e-02 1.821347699e-02
 1.805813238e-02 1.805801876e-02 1.820877567e-02 1.852405816e-02 1.897507906e-02
 1.953298226e-02 2.019560337e-02 2.095457911e-02 2.182383649e-02 2.284066193e-02
 2.399854548e-02 2.522321604e-02 2.647415549e-02 2.812998369e-02 2.993483841e-02
 3.199027851e-02 3.442518413e-02 3.702598810e-02 3.974357620e-02 4.260534048e-02
 4.562789202e-02 4.882264510e-02 5.219724029e-02 5.575563014e-02 5.949751660e-02
 6.341706216e-02 6.750089675e-02 7.172536105e-02 7.605296373e-02 8.042856306e-02
 8.477637172e-02 8.899997175e-02 9.298817068e-02 9.662787616e-02 9.982190281e-02
 1.025060192e-01 1.046599895e-01 1.063095480e-01 1.075185090e-01 1.083733439e-01
 1.089655086e-01 1.093777567e-01 1.096771210e-01 1.099136472e-01 1.101222187e-01
 1.103256717e-01 1.105377749e-01 1.107658148e-01 1.110125706e-01 1.112778187e-01
 1.115593836e-01 1.118539348e-01 1.121574640e-01 1.124657169e-01 1.127744243e-01
 1.203372449e-04 2.274253638e-03 7.157046814e-03 1.481931191e-02 2.070176229e-02
 2.039610781e-02 1.960650086e-02 1.894423366e-02 1.844157651e-02 1.811063290e-02
 1.795050129e-02 1.795289852e-02 1.810331643e-02 1.842068136e-02 1.888543554e-02
 1.947266422e-02 2.017662488e-02 2.099109255e-02 2.191487141e-02 2.294108272e-02
 2.405865677e-02 2.523932047e-02 2.646901831e-02 2.803109027e-02 2.975480258e-02
 3.171361238e-02 3.401398286e-02 3.646165505e-02 3.899586946e-02 4.164073244e-02
 4.440978169e-02 4.731068015e-02 5.034652725e-02 5.351612344e-02 5.681366101e-02
 6.022803113e-02 6.374181807e-02 6.733019650e-02 7.095981389e-02 7.458820939e-02
 7.816407830e-02 8.162926137e-02 8.492249995e-02 8.798520267e-02 9.076799452e-02
 9.323682636e-02 9.537694603e-02 9.719384462e-02 9.871081263e-02 9.996401519e-02
 1.009963676e-01 1.018518582e-01 1.025712639e-01 1.031897143e-01 1.037357152e-01
 1.042313576e-01 1.046929508e-01 1.051320508e-01 1.055563390e-01 1.059705690e-01
 1.063772514e-01 1.067772955e-01 1.071704626e-01 1.075557470e-01 1.079316512e-01
 1.136499777e-04 2.151666908e-03 6.799029652e-03 1.419453323e-02 1.977889240e-02
 1.929549873e-02 1.844804734e-02 1.781810634e-02 1.739928685e-02 1.717492566e-02
 1.712804474e-02 1.724380814e-02 1.751096174e-02 1.792304218e-02 1.847133040e-02
 1.914490573e-02 1.993445680e-02 2.083232626e-02 2.183112316e-02 2.292034589e-02
 2.409354411e-02 2.535002120e-02 2.671078965e-02 2.821688354e-02 2.988111414e-02
 3.171525523e-02 3.372447938e-02 3.587994352e-02 3.815072030e-02 4.053138569e-02
 4.302195460e-02 4.562204331e-02 4.832918942e-02 5.113807321e-02 5.403998867e-02
 5.702235177e-02 6.006827205e-02 6.315622479e-02 6.625992060e-02 6.934856623e-02
 7.238770276e-02 7.534062862e-02 7.817059010e-02 8.084345609e-02 8.333047479e-02
 8.561082184e-02 8.767315745e-02 8.951617777e-02 9.114781767e-02 9.258350730e-02
 9.384379536e-02 9.495182335e-02 9.593116492e-02 9.680410475e-02 9.759058803e-02
 9.830765426e-02 9.896935523e-02 9.958685189e-02 1.001687273e-01 1.007213667e-01
 1.012493074e-01 1.017556563e-01 1.022423133e-01 1.027103364e-01 1.031601205e-01
 9.728788427e-05 1.846494968e-03 5.874204449e-03 1.240828168e-02 1.723233797e-02
 1.652517356e-02 1.585909165e-02 1.551778987e-02 1.539623085e-02 1.544773020e-02
 1.564857177e-02 1.598563790e-02 1.645104587e-02 1.703927666e-02 1.774528436e-02
 1.856334694e-02 1.948657073e-02 2.050663345e-02 2.161393873e-02 2.279869653e-02
 2.405331098e-02 2.537537739e-02 2.676958032e-02 2.824635059e-02 2.981798537e-02
 3.149501979e-02 3.328349441e-02 3.518391028e-02 3.719318286e-02 3.930745646e-02
 4.152285308e-02 4.383488372e-02 4.623772204e-02 4.872366413e-02 5.128275603e-02
 5.390252918e-02 5.656784773e-02 5.926090106e-02 6.196132675e-02 6.464663893e-02
 6.729283929e-02 6.987538189e-02 7.237036526e-02 7.475584745e-02 7.701317966e-02
 7.912811637e-02 8.109159768e-02 8.290001750e-02 8.455500007e-02 8.606268466e-02
 8.743274212e-02 8.867722005e-02 8.980939537e-02 9.084281325e-02 9.179048240e-02
 9.266439080e-02 9.347513318e-02 9.423182160e-02 9.494204819e-02 9.561201185e-02
 9.624661505e-02 9.684966505e-02 9.742401540e-02 9.797175229e-02 9.849433601e-02
 6.883518654e-05 1.299847383e-03 4.093327560e-03 8.528921753e-03 1.085992903e-02
 1.145651564e-02 1.188335381e-02 1.227960549e-02 1.270142384e-02 1.317616459e-02
 1.372006815e-02 1.434434205e-02 1.505731605e-02 1.586513035e-02 1.677168719e-02
 1.777807996e-02 1.888149977e-02 2.007379010e-02 2.134028636e-02 2.266039327e-02
 2.401161194e-02 2.537691593e-02 2.675192617e-02 2.814695612e-02 2.958237566e-02
 3.108066507e-02 3.266006336e-02 3.433196247e-02 3.610131517e-02 3.796824440e-02
 3.992959112e-02 4.197992384e-02 4.411203414e-02 4.631714150e-02 4.858491197e-02
 5.090349540e-02 5.325949565e-02 5.563809350e-02 5.802322179e-02 6.039785221e-02
 6.274447590e-02 6.504563242e-02 6.728460640e-02 6.944609433e-02 7.151688635e-02
 7.348644733e-02 7.534729689e-02 7.709515095e-02 7.872889191e-02 8.025027812e-02
 8.166344464e-02 8.297441155e-02 8.419042081e-02 8.531943709e-02 8.636961132e-02
 8.734890819e-02 8.826480061e-02 8.912409097e-02 8.993282169e-02 9.069620818e-02
 9.141869098e-02 9.210393578e-02 9.275496751e-02 9.337420017e-02 9.396354109e-02
 3.872875823e-05 7.160407840e-04 2.136055613e-03 3.974734340e-03 5.678227171e-03
 7.043985650e-03 8.157164790e-03 9.113634005e-03 9.987616912e-03 1.083207689e-02
 1.168473903e-02 1.257345080e-02 1.351981424e-02 1.454141364e-02 1.565294154e-02
 1.686624810e-02 1.818877272e-02 1.961907558e-02 2.113795094e-02 2.269735001e-02
 2.422169037e-02 2.563970163e-02 2.692941204e-02 2.813249640e-02 2.932307310e-02
 3.056472912e-02 3.189404309e-02 3.332610428e-02 3.486366197e-02 3.650320321e-02
 3.823812306e-02 4.006019980e-02 4.196022823e-02 4.392826185e-02 4.595366493e-02
 4.802510887e-02 5.013060570e-02 5.225754529e-02 5.439283326e-02 5.652307719e-02
 5.863486603e-02 6.071508676e-02 6.275130063e-02 6.473212689e-02 6.664758176e-02
 6.848940998e-02 7.025127858e-02 7.192886621e-02 7.351989299e-02 7.502394915e-02
 7.644230127e-02 7.777759433e-02 7.903356105e-02 8.021465689e-02 8.132577688e-02
 8.237200975e-02 8.335836232e-02 8.428966254e-02 8.517038077e-02 8.600459993e-02
 8.679594100e-02 8.754759282e-02 8.826229721e-02 8.894238621e-02 8.958984166e-02
 2.600332499e+00 2.668842077e+00 2.636658669e+00 2.627901077e+00 2.626228571e+00
 2.629807234e+00 2.630815983e+00 2.637410879e+00 2.639217377e+00 2.647723675e+00
 2.654162645e+00 2.663108826e+00 2.673507452e+00 2.683828354e+00 2.697147131e+00
 2.712244749e+00 2.727329493e+00 2.744247913e+00 2.764450788e+00 2.785701275e+00
 2.807930470e+00 2.832640409e+00 2.859952211e+00 2.889052391e+00 2.919628859e+00
 2.952584743e+00 2.988863230e+00 3.027512550e+00 3.068329811e+00 3.111412525e+00
 3.157931328e+00 3.207759380e+00 3.260968924e+00 3.317037582e+00 3.376690626e+00
 3.440806627e+00 3.509046555e+00 3.582330942e+00 3.659608603e+00 3.742003202e+00
 3.830854654e+00 3.925379992e+00 4.027751923e+00 4.136624813e+00 4.253392220e+00
 4.379700184e+00 4.515023232e+00 4.662923336e+00 4.821515560e+00 4.994184494e+00
 5.180793285e+00 5.385817528e+00 5.610129356e+00 5.856121063e+00 6.128749847e+00
 6.433217049e+00 6.773558617e+00 7.157867908e+00 7.597673416e+00 8.102736473e+00
 8.699884415e+00 9.415437698e+00 1.029102612e+01 1.147110176e+01 1.473209095e+01
   77   38
 2.931201756e-01 0.000000000e+00 2.941569686e-01 1.375000030e-01 2.968475521e-01
 2.750000060e-01 3.016113043e-01 4.124999940e-01 3.093073964e-01 5.500000119e-01
 3.145790100e-01 6.187499762e-01 3.271018863e-01 7.562500238e-01 3.443750143e-01
 8.843161464e-01 3.566800058e-01 9.624999762e-01 3.778125048e-01 1.066634893e+00
 4.041498899e-01 1.168750048e+00 4.286794066e-01 1.237499952e+00 4.674350321e-01
 1.306249976e+00 5.115625262e-01 1.342385530e+00 5.784375072e-01 1.356605172e+00
 6.453124881e-01 1.351037383e+00 7.121875286e-01 1.332103610e+00 7.629880905e-01
 1.306249976e+00 8.125000000e-01 1.279208302e+00 8.720450401e-01 1.237499952e+00
 9.128124714e-01 1.208123684e+00 9.590678215e-01 1.168750048e+00 1.013124943e+00
 1.118900657e+00 1.046562552e+00 1.083112955e+00 1.092108846e+00 1.031250000e+00
 1.143249750e+00 9.624999762e-01 1.180312514e+00 9.093497396e-01 1.213750005e+00
 8.519142270e-01 1.247187495e+00 7.863959670e-01 1.280624986e+00 7.121357918e-01
 1.314062476e+00 6.265752316e-01 1.337959766e+00 5.500000119e-01 1.359177113e+00
 4.812499881e-01 1.380937457e+00 3.994797468e-01 1.410994291e+00 2.750000060e-01
 1.425751686e+00 2.062499970e-01 1.441583157e+00 6.875000149e-02 1.443296909e+00
-6.875000149e-02 1.431497812e+00-2.062499970e-01 1.414374948e+00-3.039071858e-01
 1.389719486e+00-4.124999940e-01 1.370866060e+00-4.812499881e-01 1.347499967e+00
-5.658881068e-01 1.314062476e+00-6.629398465e-01 1.280624986e+00-7.483206987e-01
 1.248871922e+00-8.249999881e-01 1.213750005e+00-8.904882073e-01 1.180312514e+00
-9.489575028e-01 1.146875024e+00-1.001352668e+00 1.113437533e+00-1.048013330e+00
 1.069578409e+00-1.100000024e+00 1.013124943e+00-1.162884831e+00 9.796875119e-01
-1.199597955e+00 9.407535791e-01-1.237499952e+00 8.793749809e-01-1.297073960e+00
 8.459374905e-01-1.328590512e+00 7.876583934e-01-1.375000000e+00 7.456250191e-01
-1.406205893e+00 6.787499785e-01-1.443518281e+00 6.453124881e-01-1.463614583e+00
 5.784375072e-01-1.488820553e+00 5.115625262e-01-1.502134919e+00 4.290607572e-01
-1.503006935e+00 3.799965084e-01-1.500783443e+00 3.874683678e-01-1.375000000e+00
 3.778125048e-01-1.246303439e+00 3.684081435e-01-1.168750048e+00 3.501465619e-01
-1.031250000e+00 3.408851624e-01-9.624999762e-01 3.256947994e-01-8.249999881e-01
 3.143434525e-01-6.875000000e-01 3.093219101e-01-6.187499762e-01 3.018687963e-01
-4.812499881e-01 2.971223295e-01-3.437500000e-01 2.943368554e-01-2.062499970e-01
 2.931523323e-01-6.875000149e-02 2.931201756e-01 0.000000000e+00
 1.851000041e-01 0.000000000e+00 1.851000041e-01 1.008100033e+00 2.793999910e-01
 1.171399951e+00 2.793999910e-01 1.577999949e+00 2.978999913e-01 1.603399992e+00
 5.712000132e-01 1.603399992e+00 5.712000132e-01 1.628000021e+00 6.169999838e-01
 1.628000021e+00 1.194000006e+00 1.401000023e+00 1.043300033e+00 1.429999948e+00
 1.319200039e+00 1.039700031e+00 1.335800052e+00 9.976000190e-01 1.485100031e+00
 5.450000167e-01 1.479099989e+00 4.995000064e-01 1.517400026e+00 3.059999943e-01
 1.531299949e+00 2.354999930e-01 1.546399951e+00 1.586000025e-01 1.560799956e+00
 8.009999990e-02 1.567000031e+00 0.000000000e+00 1.565700054e+00-1.769999973e-02
 1.554299951e+00-1.123000011e-01 1.534100056e+00-2.210000008e-01 1.518100023e+00
-3.025999963e-01 1.481799960e+00-4.860000014e-01 1.485100031e+00-5.450000167e-01
 1.335800052e+00-9.976000190e-01 1.319200039e+00-1.039700031e+00 1.043300033e+00
-1.429999948e+00 1.194000006e+00-1.401000023e+00 6.169999838e-01-1.628000021e+00
 5.712000132e-01-1.628000021e+00 5.712000132e-01-1.603399992e+00 2.978999913e-01
-1.603399992e+00 2.793999910e-01-1.577999949e+00 2.793999910e-01-1.171399951e+00
 1.851000041e-01-1.008100033e+00 1.851000041e-01 0.000000000e+00 1.851000041e-01
 0.000000000e+00
    0 0.000000000e+00    0
 0.000000000e+00 9.467116743e-02 1.364053488e-01 1.680293530e-01 1.945489496e-01
 2.180489302e-01 2.391342819e-01 2.585941553e-01 2.768183351e-01 2.938304543e-01
 3.100245297e-01 3.254098892e-01 3.402099609e-01 3.544645309e-01 3.681463897e-01
 3.814304769e-01 3.944142759e-01 4.069973528e-01 4.193065166e-01 4.313508570e-01
 4.431317747e-01 4.547056258e-01 4.661276340e-01 4.774365425e-01 4.885002077e-01
 4.994639754e-01 5.103418827e-01 5.211185217e-01 5.318076015e-01 5.423901677e-01
 5.529860854e-01 5.635473132e-01 5.740888119e-01 5.845555067e-01 5.950067639e-01
 6.055073738e-01 6.160209775e-01 6.265999079e-01 6.371858716e-01 6.478189826e-01
 6.585487723e-01 6.693347096e-01 6.802684069e-01 6.912826300e-01 7.023887634e-01
 7.136619091e-01 7.250660062e-01 7.367269993e-01 7.485239506e-01 7.605532408e-01
 7.727761269e-01 7.853668332e-01 7.982341647e-01 8.113800287e-01 8.249362707e-01
 8.389419913e-01 8.533689380e-01 8.683266044e-01 8.839616179e-01 9.002166986e-01
 9.173171520e-01 9.354702234e-01 9.547645450e-01 9.756221771e-01 1.000000000e+00
    1
 0.000000000e+00 0.000000000e+00 0.000000000e+00 0.000000000e+00 0.000000000e+00
 0.000000000e+00 0.000000000e+00 0.000000000e+00 0.000000000e+00 0.000000000e+00
 0.000000000e+00 0.000000000e+00 0.000000000e+00 0.000000000e+00 0.000000000e+00
 0.000000000e+00 0.000000000e+00 0.000000000e+00 0.000000000e+00 0.000000000e+00
 0.000000000e+00 0.000000000e+00 0.000000000e+00 0.000000000e+00 0.000000000e+00
 0.000000000e+00 0.000000000e+00 0.000000000e+00 0.000000000e+00 0.000000000e+00
 0.000000000e+00 0.000000000e+00 0.000000000e+00 0.000000000e+00 0.000000000e+00
 0.000000000e+00 0.000000000e+00 0.000000000e+00 0.000000000e+00 0.000000000e+00
 0.000000000e+00 0.000000000e+00 0.000000000e+00 0.000000000e+00 0.000000000e+00
 0.000000000e+00 0.000000000e+00 0.000000000e+00 0.000000000e+00 0.000000000e+00
 0.000000000e+00 0.000000000e+00 0.000000000e+00 0.000000000e+00 0.000000000e+00
 0.000000000e+00 0.000000000e+00 0.000000000e+00 0.000000000e+00 0.000000000e+00
 0.000000000e+00 0.000000000e+00 0.000000000e+00 0.000000000e+00 0.000000000e+00
