LRDFITv2   06/14/2007    #125006 00340ms           3  41  41
 1.614899993e+00 3.480000019e+00 8.531312943e-01 1.851000041e-01 0.000000000e+00
 1.068114042e+00 3.236424178e-02 5.226113275e-02 1.060306188e-02-4.940906465e-01
 7.016065000e+05 5.226113275e-02 0.000000000e+00 1.068114042e+00 0.000000000e+00
 3.236424178e-02 0.000000000e+00 1.060306188e-02 0.000000000e+00 0.000000000e+00
-4.182138741e-01-4.184638858e-01-4.187098444e-01-4.189492464e-01-4.191823304e-01
-4.194116592e-01-4.196431935e-01-4.198874533e-01-4.201551378e-01-4.204553962e-01
-4.207950234e-01-4.211782217e-01-4.216060042e-01-4.220764637e-01-4.225846529e-01
-4.231230915e-01-4.236822128e-01-4.242509604e-01-4.248097837e-01-4.253210127e-01
-4.257457256e-01-4.260504246e-01-4.262104928e-01-4.262104928e-01-4.260458946e-01
-4.257235229e-01-4.252600670e-01-4.246826470e-01-4.240254164e-01-4.233286977e-01
-4.226436019e-01-4.220389426e-01-4.215733409e-01-4.212797582e-01-4.211586118e-01
-4.211774468e-01-4.212779701e-01-4.213922322e-01-4.214769006e-01-4.215165973e-01
-4.215241075e-01
 1.492824805e+04 1.449492676e+04 1.405346484e+04 1.359640820e+04 1.311789160e+04
 1.261421289e+04 1.208398340e+04 1.152858984e+04 1.095174023e+04 1.035931348e+04
 9.758703125e+03 9.158236328e+03 8.566761719e+03 7.992920898e+03 7.444661133e+03
 6.928795410e+03 6.451025391e+03 6.015266113e+03 5.623932129e+03 5.277579102e+03
 4.974845215e+03 4.712833496e+03 4.486734863e+03 4.290490723e+03 4.116746094e+03
 3.957234619e+03 3.803165527e+03 3.645672363e+03 3.476373779e+03 3.287676270e+03
 3.073390625e+03 2.828900391e+03 2.551829590e+03 2.241857666e+03 1.900942383e+03
 1.533197266e+03 1.144407104e+03 7.418814087e+02 3.413485718e+02 6.516982269e+01
 6.925445795e-01
-1.008611098e-01-9.999296814e-02-9.773553163e-02-9.498421848e-02-9.284038842e-02
-9.214734286e-02-9.501465410e-02-1.024660468e-01-1.139947325e-01-1.288162768e-01
-1.459172070e-01-1.641364247e-01-1.822297126e-01-1.989652961e-01-2.132003307e-01
-2.239716351e-01-2.305051684e-01-2.322639972e-01-2.217992097e-01-1.942304075e-01
-1.516155154e-01-9.681064636e-02-3.358305991e-02 3.377917781e-02 1.006730199e-01
 1.625562161e-01 2.151824683e-01 2.550008893e-01 2.792678177e-01 2.861142159e-01
 2.675157785e-01 2.208742052e-01 1.551492810e-01 8.261191100e-02 1.688724943e-02
-2.975915559e-02-4.832683131e-02-4.254985228e-02-2.532142773e-02-7.481488865e-03
 3.919258688e-06
 4.147508750e+05 4.187692812e+05 4.304114062e+05 4.485513438e+05 4.714077188e+05
 4.967427188e+05 5.220776875e+05 5.449341250e+05 5.630740000e+05 5.747138125e+05
 5.787345625e+05 5.743701875e+05 5.614730625e+05 5.405515625e+05 5.124544375e+05
 4.783257188e+05 4.395285312e+05 3.976461875e+05 3.543626875e+05 3.114324688e+05
 2.705843125e+05 2.334794531e+05 2.016061406e+05 1.762601406e+05 1.584679844e+05
 1.489323281e+05 1.480336094e+05 1.554615781e+05 1.706512500e+05 1.925753750e+05
 2.197380938e+05 2.503126250e+05 2.822180625e+05 3.132984688e+05 3.414417500e+05
 3.647557500e+05 3.817169688e+05 3.914822188e+05 3.683499062e+05 1.485269844e+05
-3.398403931e+02
 1.409051288e-02 8.623040281e-03 8.787652478e-03 8.706361987e-03 8.373416960e-03
 7.916432805e-03 7.456678897e-03 6.983604748e-03 6.485425867e-03 5.948371720e-03
 5.363061093e-03 4.686235450e-03 3.863486927e-03 2.919064835e-03 1.829529414e-03
 5.745725939e-04-8.664961206e-04-2.506893594e-03-4.350376315e-03-6.393818185e-03
-8.637814783e-03-1.108838432e-02-1.375574619e-02-1.665288024e-02-1.979439333e-02
-2.319553122e-02-2.687031589e-02-3.082489409e-02-3.504454345e-02-3.946025670e-02
-4.387849569e-02-4.797095433e-02-5.131425336e-02-5.369573087e-02-5.510524660e-02
-5.580179021e-02-5.615743622e-02-5.643369257e-02-5.675998703e-02-5.718240514e-02
-7.533825934e-02 1.308502723e-02 1.236526202e-02 1.133908331e-02 1.056461595e-02
 9.940935299e-03 9.410882369e-03 8.933835663e-03 8.482204750e-03 8.026390336e-03
 7.534081116e-03 6.978521589e-03 6.350227166e-03 5.611209199e-03 4.714249633e-03
 3.632789245e-03 2.373714000e-03 9.179824265e-04-7.523776148e-04-2.664620290e-03
-4.822463728e-03-7.220971398e-03-9.869741276e-03-1.278536301e-02-1.598966867e-02
-1.951198652e-02-2.339222655e-02-2.768581174e-02-3.247383237e-02-3.787988797e-02
-4.409782216e-02-5.153883994e-02-5.897906795e-02-6.388588995e-02-6.641973555e-02
-6.615406275e-02-6.384754926e-02-6.230096146e-02-6.148067489e-02-6.117945910e-02
-6.124954298e-02-6.182666495e-02 1.381963305e-02 1.324028615e-02 1.211496163e-02
 1.130222809e-02 1.072138920e-02 1.030223537e-02 9.981096722e-03 9.707717225e-03
 9.438985027e-03 9.135099128e-03 8.759155869e-03 8.276734501e-03 7.655139081e-03
 6.862880196e-03 5.872596055e-03 4.663361702e-03 3.221353283e-03 1.534715528e-03
-4.152740585e-04-2.652942436e-03-5.160953384e-03-7.947872393e-03-1.103141438e-02
-1.444135327e-02-1.820329949e-02-2.235690877e-02-2.696505934e-02-3.212851658e-02
-3.801074252e-02-4.489100352e-02-5.330715328e-02-6.178215146e-02-6.737170368e-02
-7.022570074e-02-6.990374625e-02-6.710897386e-02-6.515815109e-02-6.422232836e-02
-6.396931410e-02-6.417038292e-02-6.461405754e-02 1.097152568e-02 1.102230139e-02
 1.077567693e-02 1.063706540e-02 1.059134677e-02 1.062455773e-02 1.071379613e-02
 1.082814485e-02 1.092851534e-02 1.096927654e-02 1.090443414e-02 1.069148816e-02
 1.030058041e-02 9.694848210e-03 8.834230714e-03 7.690206170e-03 6.257354748e-03
 4.539213143e-03 2.531945705e-03 2.327614784e-04-2.359733218e-03-5.248229951e-03
-8.438553661e-03-1.194268651e-02-1.577555574e-02-1.995358430e-02-2.449906431e-02
-2.944002673e-02-3.480236605e-02-4.057700932e-02-4.659328237e-02-5.229934677e-02
-5.695767701e-02-6.025264412e-02-6.216291338e-02-6.299410760e-02-6.346338987e-02
-6.404359639e-02-6.483082473e-02-6.580707431e-02-6.692646444e-02 6.993884221e-03
 8.028636687e-03 8.836172521e-03 9.498340078e-03 1.011078246e-02 1.072430983e-02
 1.136242226e-02 1.201265492e-02 1.263789274e-02 1.317360532e-02 1.358236931e-02
 1.381766237e-02 1.382490154e-02 1.354038808e-02 1.288721804e-02 1.176603232e-02
 1.026190631e-02 8.484841324e-03 6.390148308e-03 3.982731141e-03 1.273276168e-03
-1.731906552e-03-5.028935149e-03-8.612333797e-03-1.246006507e-02-1.656039990e-02
-2.091563307e-02-2.550419979e-02-3.028142825e-02-3.516177461e-02-4.000360891e-02
-4.462967813e-02-4.884458706e-02-5.255215988e-02-5.570275709e-02-5.837172270e-02
-6.070980057e-02-6.284917891e-02-6.488967687e-02-6.688185781e-02-6.884308159e-02
 5.833718926e-03 6.834603846e-03 7.848904468e-03 8.860043250e-03 9.889918379e-03
 1.095788553e-02 1.207186468e-02 1.319299359e-02 1.427648962e-02 1.529551204e-02
 1.619849727e-02 1.690902188e-02 1.734684408e-02 1.743816026e-02 1.712834835e-02
 1.638262905e-02 1.519175060e-02 1.352279447e-02 1.124655828e-02 8.631520905e-03
 5.739886779e-03 2.570711076e-03-8.707383531e-04-4.578397144e-03-8.533228189e-03
-1.261419524e-02-1.687595434e-02-2.131080255e-02-2.587041818e-02-3.049174882e-02
-3.509840369e-02-3.960849345e-02-4.394758493e-02-4.806378484e-02-5.194075033e-02
-5.557416379e-02-5.899265781e-02-6.223075092e-02-6.531687081e-02-6.826971471e-02
-7.109635323e-02 5.459875800e-03 6.458898541e-03 7.561045699e-03 8.750269189e-03
 1.003962662e-02 1.143525727e-02 1.292028185e-02 1.443759911e-02 1.598317362e-02
 1.750728860e-02 1.889531128e-02 2.002707496e-02 2.081966400e-02 2.123172395e-02
 2.123770863e-02 2.080981620e-02 1.990982331e-02 1.849438809e-02 1.654096693e-02
 1.406278554e-02 1.092732046e-02 7.536415942e-03 3.896588692e-03 3.085928256e-05
-4.038130865e-03-8.283588104e-03-1.266866829e-02-1.716909930e-02-2.180118673e-02
-2.652269602e-02-3.128560632e-02-3.604137525e-02-4.074585065e-02-4.536265880e-02
-4.986383766e-02-5.422919616e-02-5.848227069e-02-6.264251471e-02-6.666171551e-02
-7.052762806e-02-7.422254235e-02 5.410789512e-03 6.455259863e-03 7.616618648e-03
 8.938506246e-03 1.042240951e-02 1.207007933e-02 1.383844391e-02 1.570518687e-02
 1.764488965e-02 1.951791346e-02 2.115279250e-02 2.244463377e-02 2.337318100e-02
 2.394626848e-02 2.416987531e-02 2.403485030e-02 2.351320721e-02 2.255488746e-02
 2.108698897e-02 1.902546920e-02 1.634024084e-02 1.307303086e-02 9.067355655e-03
 4.920988344e-03 6.206267863e-04-3.827912034e-03-8.408816531e-03-1.309741568e-02
-1.797525212e-02-2.302226052e-02-2.816082910e-02-3.335168958e-02-3.856756166e-02
-4.378325492e-02-4.897424951e-02-5.411657691e-02-5.918755010e-02-6.416787207e-02
-6.914393604e-02-7.397378236e-02-7.860825211e-02 5.467325915e-03 6.532059051e-03
 7.790902164e-03 9.245092049e-03 1.089769974e-02 1.274803467e-02 1.473854389e-02
 1.687847078e-02 1.906478405e-02 2.108105272e-02 2.276426926e-02 2.408106253e-02
 2.505102009e-02 2.570544742e-02 2.606599592e-02 2.613558248e-02 2.589681745e-02
 2.531034686e-02 2.431130968e-02 2.280821279e-02 2.068586275e-02 1.783339866e-02
 1.423327532e-02 9.821726941e-03 5.263106897e-03 5.470553879e-04-4.322254565e-03
-9.337479249e-03-1.449671946e-02-1.989935897e-02-2.550302073e-02-3.122704476e-02
-3.705622628e-02-4.296719655e-02-4.893530533e-02-5.493402481e-02-6.093380600e-02
-6.690015644e-02-7.286643237e-02-7.882304490e-02-8.457507193e-02 5.532556213e-03
 6.665629800e-03 8.015139028e-03 9.583237581e-03 1.137413830e-02 1.337529439e-02
 1.554918010e-02 1.787823625e-02 2.017965354e-02 2.221488394e-02 2.387846261e-02
 2.518181317e-02 2.616598830e-02 2.687370032e-02 2.733302116e-02 2.755222842e-02
 2.751959860e-02 2.720374428e-02 2.655285969e-02 2.549063787e-02 2.391147055e-02
 2.167585492e-02 1.862647571e-02 1.470418554e-02 9.884939529e-03 4.881193396e-03
-3.155011218e-04-5.701847374e-03-1.127290633e-02-1.701671258e-02-2.299837582e-02
-2.936326899e-02-3.591246158e-02-4.262043908e-02-4.946936294e-02-5.644034967e-02
-6.350942701e-02-7.064215839e-02-7.787479460e-02-8.521249890e-02-9.240092337e-02
 5.635745823e-03 6.827200297e-03 8.253096603e-03 9.915615432e-03 1.181844156e-02
 1.393653639e-02 1.625113003e-02 1.869885065e-02 2.103831619e-02 2.304784209e-02
 2.467921935e-02 2.596858330e-02 2.697017789e-02 2.773196623e-02 2.828390710e-02
 2.863623574e-02 2.877761237e-02 2.867873944e-02 2.829312719e-02 2.755793557e-02
 2.638715878e-02 2.466638200e-02 2.224104106e-02 1.892286539e-02 1.462007035e-02
 9.307859465e-03 3.764673136e-03-2.010998782e-03-8.007125929e-03-1.420715544e-02
-2.058221027e-02-2.752313763e-02-3.488687053e-02-4.245909676e-02-5.025701970e-02
-5.829272792e-02-6.657107919e-02-7.508353889e-02-8.389172703e-02-9.301141649e-02
-1.021765321e-01 5.743236747e-03 6.988747977e-03 8.481649682e-03 1.022418216e-02
 1.221942343e-02 1.443049125e-02 1.685198396e-02 1.937097684e-02 2.171164937e-02
 2.369332686e-02 2.530528419e-02 2.659892663e-02 2.763877809e-02 2.847675607e-02
 2.914431877e-02 2.964996547e-02 2.997884899e-02 3.009621985e-02 2.995089628e-02
 2.947858721e-02 2.860601619e-02 2.724402584e-02 2.527762949e-02 2.254195325e-02
 1.882512681e-02 1.401705481e-02 8.068286814e-03 1.847535255e-03-4.644185770e-03
-1.140668429e-02-1.844939217e-02-2.579579502e-02-3.383165970e-02-4.218851402e-02
-5.087691173e-02-5.995099992e-02-6.946351379e-02-7.946493477e-02-9.008780867e-02
-1.014328301e-01-1.133185551e-01 5.844938103e-03 7.139444351e-03 8.691679686e-03
 1.050379407e-02 1.257852744e-02 1.486937236e-02 1.737995818e-02 1.994454674e-02
 2.227672562e-02 2.424004860e-02 2.585108392e-02 2.717767097e-02 2.829205804e-02
 2.925210446e-02 3.009161353e-02 3.081589565e-02 3.140125796e-02 3.179961070e-02
 3.193713352e-02 3.173105791e-02 3.109929897e-02 2.996560745e-02 2.825373411e-02
 2.586331218e-02 2.262581326e-02 1.829874516e-02 1.277337968e-02 6.026034243e-03
-9.679417708e-04-8.273314685e-03-1.593738981e-02-2.401139401e-02-3.253345937e-02
-4.142286628e-02-5.076488107e-02-6.065339595e-02-7.118669152e-02-8.248340338e-02
-9.478804469e-02-1.083780155e-01-1.233441755e-01 5.937560927e-03 7.275929209e-03
 8.880718611e-03 1.075391378e-02 1.289547421e-02 1.526154857e-02 1.784508675e-02
 2.044152841e-02 2.276981063e-02 2.473364398e-02 2.637313493e-02 2.777046710e-02
 2.901082300e-02 3.016151860e-02 3.126230091e-02 3.231732175e-02 3.328933567e-02
 3.410004079e-02 3.463888168e-02 3.478458896e-02 3.441957384e-02 3.345055878e-02
 3.182138503e-02 2.949493751e-02 2.640731819e-02 2.237647586e-02 1.707307994e-02
 1.032564603e-02 3.118388122e-03-4.527527839e-03-1.261577662e-02-2.117733285e-02
-3.028344922e-02-3.965671360e-02-4.927517846e-02-5.959102511e-02-7.067316025e-02
-8.264860511e-02-9.581214935e-02-1.105430797e-01-1.271316260e-01 6.020330358e-03
 7.397698704e-03 9.049101733e-03 1.097636670e-02 1.317535061e-02 1.561107300e-02
 1.826183125e-02 2.088778466e-02 2.322059125e-02 2.520298958e-02 2.689649537e-02
 2.840271033e-02 2.982292324e-02 3.123842925e-02 3.269747272e-02 3.419589996e-02
 3.566509858e-02 3.698388487e-02 3.801152483e-02 3.860495985e-02 3.862504289e-02
 3.794143721e-02 3.644470125e-02 3.407774493e-02 3.088301979e-02 2.690080740e-02
 2.198048495e-02 1.575959474e-02 8.162785321e-03 1.552913745e-04-8.255441673e-03
-1.707104780e-02-2.629572153e-02-3.589936346e-02-4.586100951e-02-5.634343997e-02
-6.746007502e-02-7.931623608e-02-9.214482456e-02-1.062078848e-01-1.215652376e-01
 6.093053147e-03 7.504903246e-03 9.197644889e-03 1.117312349e-02 1.342374831e-02
 1.592327282e-02 1.863226108e-02 2.128257789e-02 2.362803370e-02 2.564406767e-02
 2.741366066e-02 2.905637026e-02 3.069176897e-02 3.241433576e-02 3.426976502e-02
 3.621722385e-02 3.813863546e-02 3.988804668e-02 4.131948948e-02 4.230384156e-02
 4.272300005e-02 4.245295376e-02 4.135382921e-02 3.927651793e-02 3.612555191e-02
 3.197185695e-02 2.702450380e-02 2.119061723e-02 1.406678930e-02 5.567952525e-03
-3.168761497e-03-1.218556426e-02-2.150311880e-02-3.113523126e-02-4.110428318e-02
-5.144161731e-02-6.218373775e-02-7.336554676e-02-8.510470390e-02-9.749095887e-02
-1.103181392e-01 6.155399140e-03 7.597141434e-03 9.325953200e-03 1.134392712e-02
 1.364086196e-02 1.619879156e-02 1.895601675e-02 2.162698470e-02 2.399051376e-02
 2.604684420e-02 2.789912187e-02 2.968494222e-02 3.153785691e-02 3.355661407e-02
 3.576038405e-02 3.805331141e-02 4.028608277e-02 4.230311140e-02 4.397613928e-02
 4.520897195e-02 4.592202231e-02 4.602273181e-02 4.538618028e-02 4.384267330e-02
 4.118101299e-02 3.724100068e-02 3.211935982e-02 2.617398463e-02 1.926857047e-02
 1.091102790e-02 2.029670868e-03-7.102504838e-03-1.646795496e-02-2.605666593e-02
-3.586278111e-02-4.588061199e-02-5.610052124e-02-6.650307029e-02-7.710050792e-02
-8.786507696e-02-9.858985990e-02 6.206595805e-03 7.673066575e-03 9.431846440e-03
 1.148529723e-02 1.382110361e-02 1.642713137e-02 1.922332682e-02 2.191299945e-02
 2.429418080e-02 2.639023587e-02 2.832032554e-02 3.023635224e-02 3.228071332e-02
 3.454268724e-02 3.699983284e-02 3.951724246e-02 4.192811251e-02 4.408352450e-02
 4.588355869e-02 4.726693779e-02 4.818194360e-02 4.855737463e-02 4.828774184e-02
 4.722505435e-02 4.516207054e-02 4.183198139e-02 3.703445569e-02 3.098768927e-02
 2.418643422e-02 1.634924859e-02 7.180270739e-03-2.142626559e-03-1.159791369e-02
-2.116332017e-02-3.081950173e-02-4.054523259e-02-5.031276494e-02-6.008359045e-02
-6.981683522e-02-7.944338769e-02-8.883365989e-02 6.245636381e-03 7.731029298e-03
 9.512783028e-03 1.159347966e-02 1.395919081e-02 1.660151780e-02 1.942690648e-02
 2.213031240e-02 2.452656813e-02 2.665667608e-02 2.865148708e-02 3.067192063e-02
 3.286336362e-02 3.530003130e-02 3.792004287e-02 4.056804627e-02 4.307164624e-02
 4.529808089e-02 4.717466980e-02 4.866541177e-02 4.973251745e-02 5.030999705e-02
 5.029930547e-02 4.956858605e-02 4.794361815e-02 4.517988861e-02 4.095800593e-02
 3.514400125e-02 2.826019190e-02 2.068280801e-02 1.186395157e-02 2.212032909e-03
-7.416577544e-03-1.702525280e-02-2.660593390e-02-3.613994643e-02-4.559717700e-02
-5.493754521e-02-6.411833316e-02-7.308265567e-02-8.172854781e-02 6.271599792e-03
 7.769573014e-03 9.566599503e-03 1.166537870e-02 1.405091584e-02 1.671712101e-02
 1.956135407e-02 2.227283455e-02 2.468091808e-02 2.683531120e-02 2.887470648e-02
 3.096566722e-02 3.325311467e-02 3.579813614e-02 3.851305321e-02 4.123111069e-02
 4.378199950e-02 4.604756832e-02 4.797443375e-02 4.954269156e-02 5.071881041e-02
 5.143606290e-02 5.159404874e-02 5.106427148e-02 4.969364405e-02 4.727448523e-02
 4.349524528e-02 3.803844750e-02 3.114163876e-02 2.358007059e-02 1.504122652e-02
 5.202344153e-03-4.539994057e-03-1.419172902e-02-2.374646254e-02-3.318624943e-02
-4.248258471e-02-5.159690231e-02-6.049217284e-02-6.912209094e-02-7.740270346e-02
 6.283851340e-03 7.787746843e-03 9.591978975e-03 1.169931423e-02 1.409430057e-02
 1.677190512e-02 1.962513477e-02 2.234049700e-02 2.475456893e-02 2.692100406e-02
 2.898216806e-02 3.110716306e-02 3.344028816e-02 3.603576496e-02 3.879292309e-02
 4.154047742e-02 4.411026835e-02 4.639276490e-02 4.834501073e-02 4.995223880e-02
 5.118252337e-02 5.196839198e-02 5.220476910e-02 5.176447704e-02 5.049753934e-02
 4.821565747e-02 4.462735355e-02 3.936062008e-02 3.248096630e-02 2.484243736e-02
 1.632253826e-02 6.467754021e-03-3.306609811e-03-1.298552006e-02-2.255246043e-02
-3.198528662e-02-4.125458747e-02-5.032305792e-02-5.914840475e-02-6.768084317e-02
-7.585744560e-02 6.281977985e-03 7.784980815e-03 9.588213637e-03 1.169446111e-02
 1.408835314e-02 1.676477492e-02 1.961719431e-02 2.233236469e-02 2.474618889e-02
 2.691198327e-02 2.897184342e-02 3.109473363e-02 3.342500702e-02 3.601723909e-02
 3.877134621e-02 4.151609913e-02 4.408316314e-02 4.636228830e-02 4.830975831e-02
 4.991013557e-02 5.113095045e-02 5.190432444e-02 5.212506652e-02 5.166513473e-02
 5.037357658e-02 4.805944860e-02 4.442634061e-02 3.910709172e-02 3.219598532e-02
 2.454208210e-02 1.598041877e-02 6.080206018e-03-3.743298585e-03-1.347934548e-02
-2.311507240e-02-3.263099864e-02-4.199932888e-02-5.118322745e-02-6.013119593e-02
-6.878266484e-02-7.708484679e-02 6.265736185e-03 7.761009969e-03 9.554975666e-03
 1.165042259e-02 1.403260883e-02 1.669520326e-02 1.953699999e-02 2.224799618e-02
 2.465547435e-02 2.680810727e-02 2.884377725e-02 3.092862479e-02 3.320772946e-02
 3.574317321e-02 3.844899684e-02 4.115880653e-02 4.370158538e-02 4.595781863e-02
 4.787160084e-02 4.942082241e-02 5.057055503e-02 5.125275999e-02 5.136688054e-02
 5.078231171e-02 4.933900386e-02 4.682090506e-02 4.290577397e-02 3.729850426e-02
 3.031863272e-02 2.268891968e-02 1.401947066e-02 4.050786607e-03-5.819683429e-03
-1.562638581e-02-2.537644655e-02-3.505948558e-02-4.465031624e-02-5.411254987e-02
-6.338825822e-02-7.240748405e-02-8.110155165e-02 6.235230714e-03 7.715913001e-03
 9.492312558e-03 1.156716142e-02 1.392705087e-02 1.656310633e-02 1.938436925e-02
 2.208725363e-02 2.448297478e-02 2.661077119e-02 2.860008739e-02 3.061109781e-02
 3.278944269e-02 3.521091864e-02 3.781605139e-02 4.045047238e-02 4.294172674e-02
 4.515416920e-02 4.701210558e-02 4.847653210e-02 4.950700328e-02 5.003515631e-02
 4.995964095e-02 4.914282635e-02 4.740158841e-02 4.447369277e-02 4.003918543e-02
 3.402202204e-02 2.700081095e-02 1.913611032e-02 9.834767319e-03 2.712234564e-04
-9.432937019e-03-1.923408918e-02-2.910630405e-02-3.902763501e-02-4.897180200e-02
-5.890224129e-02-6.876182556e-02-7.846865803e-02-8.792775869e-02 6.190773100e-03
 7.650149055e-03 9.400866926e-03 1.144549809e-02 1.377250627e-02 1.636899449e-02
 1.915887929e-02 2.184767276e-02 2.422981709e-02 2.632434294e-02 2.824867517e-02
 3.015380912e-02 3.218191862e-02 3.442366794e-02 3.685981780e-02 3.935797513e-02
 4.175152257e-02 4.388937354e-02 4.566765949e-02 4.702241346e-02 4.789704829e-02
 4.821695387e-02 4.787198827e-02 4.670611769e-02 4.450191930e-02 4.099041224e-02
 3.600851074e-02 2.985046431e-02 2.293591015e-02 1.488059759e-02 5.444280338e-03
-4.111780319e-03-1.382784918e-02-2.371722832e-02-3.378574550e-02-4.403552786e-02
-5.446326360e-02-6.505462527e-02-7.579936832e-02-8.665059507e-02-9.745160490e-02
 6.132858340e-03 7.564574946e-03 9.282009676e-03 1.128757838e-02 1.357224118e-02
 1.611634716e-02 1.886444539e-02 2.153491974e-02 2.390086465e-02 2.595768869e-02
 2.780552022e-02 2.958025038e-02 3.141535446e-02 3.341137245e-02 3.558953479e-02
 3.785824776e-02 4.006877169e-02 4.206445813e-02 4.371377081e-02 4.491783306e-02
 4.559091851e-02 4.563737661e-02 4.492666572e-02 4.328043759e-02 4.048997536e-02
 3.641255945e-02 3.118883260e-02 2.514266223e-02 1.802647673e-02 9.396354668e-03
 3.519325692e-04-9.010811336e-03-1.866501011e-02-2.860149927e-02-3.883670270e-02
-4.940725118e-02-6.035947427e-02-7.173678279e-02-8.362695575e-02-9.609185159e-02
-1.089923009e-01 6.061932538e-03 7.460006513e-03 9.137114510e-03 1.109553874e-02
 1.332930010e-02 1.580971107e-02 1.850600354e-02 2.115645260e-02 2.350728773e-02
 2.552740648e-02 2.729588002e-02 2.893029712e-02 3.054947592e-02 3.224966303e-02
 3.407703340e-02 3.599613905e-02 3.789131343e-02 3.961645812e-02 4.102424160e-02
 4.198231176e-02 4.236850515e-02 4.205754399e-02 4.090540484e-02 3.876376152e-02
 3.554741666e-02 3.134865314e-02 2.635843307e-02 2.043453045e-02 1.317673922e-02
 4.477768205e-03-4.491905216e-03-1.379947737e-02-2.346173301e-02-3.341223672e-02
-4.358864203e-02-5.424630269e-02-6.553303450e-02-7.756011188e-02-9.052447230e-02
-1.046569273e-01-1.200823858e-01 5.978146102e-03 7.336854469e-03 8.967030793e-03
 1.087117288e-02 1.304754894e-02 1.545822062e-02 1.808833517e-02 2.071157843e-02
 2.305498905e-02 2.504746616e-02 2.674642205e-02 2.825026214e-02 2.965966798e-02
 3.105659597e-02 3.248977661e-02 3.396071494e-02 3.540322185e-02 3.669859096e-02
 3.770618886e-02 3.828188032e-02 3.828666359e-02 3.758988157e-02 3.608191758e-02
 3.371135518e-02 3.052504174e-02 2.655363083e-02 2.163607255e-02 1.540655363e-02
 7.745344192e-03-3.899039875e-04-8.978239261e-03-1.806299016e-02-2.774475887e-02
-3.741943091e-02-4.705128446e-02-5.745068565e-02-6.865567714e-02-8.077565581e-02
-9.406065196e-02-1.088538021e-01-1.255076379e-01 5.881324410e-03 7.194442675e-03
 8.770233952e-03 1.061148662e-02 1.272142120e-02 1.505252905e-02 1.760649309e-02
 2.019694448e-02 2.253970876e-02 2.452207729e-02 2.617598698e-02 2.757989056e-02
 2.881821990e-02 2.995876968e-02 3.104272485e-02 3.207690269e-02 3.302707523e-02
 3.381827846e-02 3.434525058e-02 3.448774293e-02 3.413133323e-02 3.318168223e-02
 3.158042952e-02 2.929255553e-02 2.625477873e-02 2.228845283e-02 1.706110314e-02
 1.039845683e-02 3.243750660e-03-4.349022638e-03-1.239178237e-02-2.092895657e-02
-2.989592403e-02-3.887900338e-02-4.832674935e-02-5.833856761e-02-6.900984794e-02
-8.045512438e-02-9.288456291e-02-1.065460667e-01-1.215845495e-01 5.771498661e-03
 7.032209076e-03 8.544961922e-03 1.031269133e-02 1.233916823e-02 1.458433364e-02
 1.704839617e-02 1.959634572e-02 2.194762975e-02 2.393954061e-02 2.557721548e-02
 2.692231163e-02 2.804586850e-02 2.900601365e-02 2.983812988e-02 3.055054694e-02
 3.112459555e-02 3.151293099e-02 3.164904192e-02 3.145219758e-02 3.084390797e-02
 2.974692173e-02 2.808747813e-02 2.576911077e-02 2.263288945e-02 1.844306476e-02
 1.308762189e-02 6.504764780e-03-2.814781037e-04-7.327956613e-03-1.467532292e-02
-2.236981131e-02-3.068067506e-02-3.925934061e-02-4.814791307e-02-5.740757659e-02
-6.709627807e-02-7.726732641e-02-8.802987635e-02-9.946503490e-02-1.114355624e-01
 5.650585983e-03 6.851875223e-03 8.291974664e-03 9.973974898e-03 1.190234441e-02
 1.404971723e-02 1.640222967e-02 1.888220385e-02 2.123570442e-02 2.325536683e-02
 2.490678616e-02 2.623330243e-02 2.729471214e-02 2.814377099e-02 2.881404571e-02
 2.931619622e-02 2.964095958e-02 2.975648455e-02 2.961526252e-02 2.915734239e-02
 2.831245773e-02 2.699661814e-02 2.509880438e-02 2.246502228e-02 1.889286749e-02
 1.427547913e-02 8.546264842e-03 2.573915059e-03-3.592480207e-03-9.934310801e-03
-1.642449759e-02-2.367675491e-02-3.139930964e-02-3.926832229e-02-4.731976241e-02
-5.557902902e-02-6.405988336e-02-7.275999337e-02-8.172082901e-02-9.094054997e-02
-1.001982540e-01 5.525852554e-03 6.660768762e-03 8.016557433e-03 9.596692398e-03
 1.140647382e-02 1.343247481e-02 1.564082131e-02 1.800809987e-02 2.033642866e-02
 2.238961868e-02 2.407680824e-02 2.541512810e-02 2.645339258e-02 2.723836154e-02
 2.780195884e-02 2.815658040e-02 2.829579078e-02 2.819474787e-02 2.781094611e-02
 2.708435617e-02 2.593572438e-02 2.425753139e-02 2.190510742e-02 1.870205998e-02
 1.457377709e-02 9.459381923e-03 4.142363090e-03-1.341148745e-03-6.969025824e-03
-1.269279048e-02-1.875822060e-02-2.552532777e-02-3.240165114e-02-3.938872740e-02
-4.648223892e-02-5.367224291e-02-6.094121933e-02-6.825969368e-02-7.564414293e-02
-8.308184892e-02-9.036362171e-02 5.424681585e-03 6.479725242e-03 7.733946666e-03
 9.190715849e-03 1.085491944e-02 1.272768062e-02 1.475176401e-02 1.693699695e-02
 1.916981675e-02 2.122623473e-02 2.295013890e-02 2.431602962e-02 2.535198443e-02
 2.609499358e-02 2.657256462e-02 2.679543197e-02 2.675541490e-02 2.642493695e-02
 2.575610019e-02 2.467877232e-02 2.309655026e-02 2.088250965e-02 1.790525205e-02
 1.413771790e-02 9.482624941e-03 4.667553585e-03-2.841353416e-04-5.367471371e-03
-1.058398467e-02-1.606288180e-02-2.180710621e-02-2.772703208e-02-3.376435861e-02
-3.987852857e-02-4.603997990e-02-5.222134665e-02-5.839366093e-02-6.452334672e-02
-7.062301040e-02-7.667220384e-02-8.251331002e-02 5.310597364e-03 6.325209048e-03
 7.465964183e-03 8.777683601e-03 1.026444044e-02 1.192993298e-02 1.373633649e-02
 1.565830410e-02 1.766918413e-02 1.962142438e-02 2.133552544e-02 2.271271124e-02
 2.374131791e-02 2.443805151e-02 2.481797524e-02 2.488367818e-02 2.461899631e-02
 2.398716286e-02 2.292801812e-02 2.135827392e-02 1.918167807e-02 1.635565050e-02
 1.290466078e-02 8.662799373e-03 4.274580162e-03-2.428234584e-04-4.875570070e-03
-9.597542696e-03-1.453949045e-02-1.967275329e-02-2.491124347e-02-3.021809831e-02
-3.556273505e-02-4.091488943e-02-4.624560103e-02-5.152771994e-02-5.673615262e-02
-6.184804067e-02-6.691565365e-02-7.183156163e-02-7.654963434e-02 5.259088706e-03
 6.199342664e-03 7.255898323e-03 8.418187499e-03 9.700603783e-03 1.111064851e-02
 1.264233515e-02 1.423027366e-02 1.586971059e-02 1.751614362e-02 1.904651336e-02
 2.033224702e-02 2.129269205e-02 2.189416066e-02 2.212400176e-02 2.196505107e-02
 2.138626762e-02 2.033985220e-02 1.876829937e-02 1.663842984e-02 1.395140123e-02
 1.054549962e-02 6.941653788e-03 3.063313896e-03-1.035478315e-03-5.317039788e-03
-9.718580171e-03-1.420107298e-02-1.884295978e-02-2.359566651e-02-2.840781398e-02
-3.322887421e-02-3.801259398e-02-4.272007197e-02-4.732066765e-02-5.179150403e-02
-5.613868311e-02-6.037386507e-02-6.447038054e-02-6.841448694e-02-7.218746841e-02
 5.439935252e-03 6.337954197e-03 7.279130165e-03 8.251050487e-03 9.272177704e-03
 1.035750937e-02 1.152216550e-02 1.274165604e-02 1.394542865e-02 1.511379704e-02
 1.619866863e-02 1.712175645e-02 1.779588126e-02 1.814468950e-02 1.810962148e-02
 1.764710620e-02 1.672959141e-02 1.535143331e-02 1.346765365e-02 1.092795748e-02
 8.091283962e-03 4.953397438e-03 1.536452328e-03-2.166211605e-03-6.140772253e-03
-1.017548796e-02-1.437833719e-02-1.876899600e-02-2.330082841e-02-2.791130170e-02
-3.252514824e-02-3.706056252e-02-4.144266993e-02-4.561226815e-02-4.953284934e-02
-5.321954563e-02-5.670022219e-02-6.000729650e-02-6.316690892e-02-6.619548053e-02
-6.909830123e-02 6.189646665e-03 7.067466620e-03 7.804231718e-03 8.458342403e-03
 9.100354277e-03 9.765536524e-03 1.047069207e-02 1.122061629e-02 1.198549196e-02
 1.271362975e-02 1.332221460e-02 1.377315074e-02 1.401453558e-02 1.398846507e-02
 1.362910587e-02 1.285523362e-02 1.156191621e-02 9.890178218e-03 7.926400751e-03
 5.621281918e-03 2.999137389e-03 6.932271208e-05-3.163461341e-03-6.690598559e-03
-1.047847886e-02-1.450788137e-02-1.878875867e-02-2.330583148e-02-2.801827528e-02
-3.284439445e-02-3.763986751e-02-4.222432151e-02-4.641863331e-02-5.013118684e-02
-5.331330001e-02-5.603595451e-02-5.844265595e-02-6.065924093e-02-6.278043240e-02
-6.485365331e-02-6.689428538e-02 8.986316621e-03 9.102511220e-03 9.019346908e-03
 9.030352347e-03 9.125452489e-03 9.292623028e-03 9.512704797e-03 9.761946276e-03
 1.000884082e-02 1.021420676e-02 1.033347100e-02 1.032508351e-02 1.014682557e-02
 9.756134823e-03 9.111269377e-03 8.174213581e-03 6.917957217e-03 5.349555984e-03
 3.478706582e-03 1.303406316e-03-1.176549355e-03-3.961636219e-03-7.055262104e-03
-1.046415139e-02-1.419818588e-02-1.827274077e-02-2.271132916e-02-2.752788924e-02
-3.275669366e-02-3.839265555e-02-4.427042976e-02-4.985865206e-02-5.444708839e-02
-5.773136765e-02-5.968992040e-02-6.061535701e-02-6.119573116e-02-6.188434735e-02
-6.277254224e-02-6.384202838e-02-6.504964828e-02 1.096952986e-02 1.056412235e-02
 9.789337404e-03 9.253369644e-03 8.899892680e-03 8.675688878e-03 8.529207669e-03
 8.417837322e-03 8.304819465e-03 8.155912161e-03 7.937974297e-03 7.618218195e-03
 7.163483649e-03 6.540928502e-03 5.720617250e-03 4.677399062e-03 3.392640268e-03
 1.852516667e-03 4.069248826e-05-2.060107887e-03-4.436329473e-03-7.097078487e-03
-1.005778182e-02-1.334060635e-02-1.697191782e-02-2.098878473e-02-2.545132674e-02
-3.045694716e-02-3.616283089e-02-4.283677042e-02-5.099497736e-02-5.921737105e-02
-6.467390805e-02-6.750769913e-02-6.729468703e-02-6.470959634e-02-6.293860078e-02
-6.214519963e-02-6.200931966e-02-6.231032312e-02-6.290744990e-02 1.015285030e-02
 9.746910073e-03 8.985623717e-03 8.420433849e-03 7.992638275e-03 7.656764239e-03
 7.359166164e-03 7.057427894e-03 6.733169779e-03 6.366343703e-03 5.934092216e-03
 5.428043660e-03 4.815298133e-03 4.055554513e-03 3.122279886e-03 2.010282595e-03
 6.993035786e-04-8.287001983e-04-2.597007202e-03-4.608832300e-03-6.863282993e-03
-9.370744228e-03-1.214688271e-02-1.521214843e-02-1.859386265e-02-2.232965082e-02
-2.647203393e-02-3.109856695e-02-3.632757440e-02-4.234486073e-02-4.954501614e-02
-5.675143376e-02-6.152985618e-02-6.403374672e-02-6.385252625e-02-6.171449646e-02
-6.031014398e-02-5.960637704e-02-5.940338597e-02-5.955870450e-02-5.974166840e-02
 1.232559513e-02 6.798069458e-03 6.772459950e-03 6.609978154e-03 6.397122052e-03
 6.168727297e-03 5.880114622e-03 5.528228357e-03 5.113311112e-03 4.669169895e-03
 4.152160138e-03 3.541704500e-03 2.830136800e-03 2.007471630e-03 1.047463738e-03
-7.324040780e-05-1.375898370e-03-2.874222584e-03-4.573322833e-03-6.472300272e-03
-8.573198691e-03-1.088256761e-02-1.341042761e-02-1.616906933e-02-1.917218231e-02
-2.243399061e-02-2.596752159e-02-2.977825515e-02-3.385160863e-02-3.812083602e-02
-4.239950329e-02-4.637162387e-02-4.962983727e-02-5.196923390e-02-5.337958410e-02
-5.410921201e-02-5.451500788e-02-5.484751984e-02-5.523067713e-02-5.570896342e-02
-7.334394753e-02
 2.054721832e+00 2.142050028e+00 2.215924978e+00 2.269801855e+00 2.292203665e+00
 2.308415413e+00 2.308939695e+00 2.306184769e+00 2.316346169e+00 2.338153839e+00
 2.372598171e+00 2.421062708e+00 2.497556448e+00 2.614799738e+00 2.756129980e+00
 2.932636976e+00 3.176915407e+00 3.511472225e+00 3.963033438e+00 4.565227032e+00
 5.381381035e+00 6.469890118e+00 7.737374306e+00 8.869175911e+00 9.466238976e+00
 9.514156342e+00 9.284962654e+00 8.949182510e+00 8.636034966e+00 8.385685921e+00
 8.210149765e+00 8.169972420e+00 8.295633316e+00 8.577803612e+00 9.082076073e+00
 9.784732819e+00 1.069838905e+01 1.186108017e+01 1.332247543e+01 1.555763435e+01
 1.973084259e+01
  201   33
 2.858746946e-01 3.194089606e-02 2.858993113e-01 5.653711408e-02 2.859763503e-01
 8.117711544e-02 2.861068249e-01 1.059048474e-01 2.862916291e-01 1.307648420e-01
 2.865324020e-01 1.558024883e-01 2.868314385e-01 1.810642928e-01 2.871919870e-01
 2.065981627e-01 2.876167595e-01 2.324539870e-01 2.881086767e-01 2.586840391e-01
 2.886730731e-01 2.853427231e-01 2.893157899e-01 3.124873936e-01 2.900403142e-01
 3.401800990e-01 2.908527851e-01 3.684864342e-01 2.917636633e-01 3.974752426e-01
 2.927796841e-01 4.272225797e-01 2.939104140e-01 4.578101337e-01 2.951711416e-01
 4.893239737e-01 2.965742052e-01 5.218603015e-01 2.981339395e-01 5.555244088e-01
 2.998767793e-01 5.904245973e-01 3.018372059e-01 6.266748905e-01 3.040451109e-01
 6.644056439e-01 3.065540195e-01 7.037427425e-01 3.094185293e-01 7.448256016e-01
 3.127052784e-01 7.877992392e-01 3.165016472e-01 8.328055739e-01 3.209168911e-01
 8.799796700e-01 3.261078000e-01 9.294158220e-01 3.322331905e-01 9.812123775e-01
 3.395380676e-01 1.035358548e+00 3.483199775e-01 1.091747284e+00 3.587450981e-01
 1.150435925e+00 3.712836504e-01 1.210976958e+00 3.863756657e-01 1.272836208e+00
 4.053064585e-01 1.333656311e+00 4.310758114e-01 1.386671424e+00 4.652108550e-01
 1.426206827e+00 5.065753460e-01 1.451361299e+00 5.524686575e-01 1.465449810e+00
 6.009191871e-01 1.471202493e+00 6.507853866e-01 1.469942927e+00 7.013384700e-01
 1.462188482e+00 7.520115376e-01 1.448113441e+00 8.025653362e-01 1.426352620e+00
 8.528836370e-01 1.393690825e+00 9.010754824e-01 1.357745886e+00 9.472507238e-01
 1.315297008e+00 9.907081127e-01 1.269418955e+00 1.031247973e+00 1.219345212e+00
 1.068563581e+00 1.171541929e+00 1.102730393e+00 1.119145036e+00 1.133597493e+00
 1.065624952e+00 1.161128759e+00 1.011177659e+00 1.185474157e+00 9.573826790e-01
 1.207073331e+00 9.064568877e-01 1.225751400e+00 8.559481502e-01 1.242348909e+00
 8.094117641e-01 1.256211281e+00 7.627801895e-01 1.267822146e+00 7.177931666e-01
 1.279019475e+00 6.796575785e-01 1.289693236e+00 6.461521387e-01 1.299283981e+00
 6.146739125e-01 1.308167815e+00 5.856334567e-01 1.316723228e+00 5.593068600e-01
 1.324515343e+00 5.342743397e-01 1.331278205e+00 5.098168850e-01 1.337278485e+00
 4.863129258e-01 1.342836738e+00 4.641260803e-01 1.348176479e+00 4.433786571e-01
 1.353456616e+00 4.240624905e-01 1.358741522e+00 4.060359895e-01 1.363806844e+00
 3.888286948e-01 1.368497968e+00 3.721495867e-01 1.372733712e+00 3.558491170e-01
 1.376500845e+00 3.398781717e-01 1.379922628e+00 3.243265152e-01 1.383096218e+00
 3.092387319e-01 1.386095285e+00 2.946259975e-01 1.388979673e+00 2.804811001e-01
 1.391795516e+00 2.667826712e-01 1.394594193e+00 2.535110414e-01 1.397437930e+00
 2.406509072e-01 1.400242329e+00 2.280951887e-01 1.402926445e+00 2.157584578e-01
 1.405424833e+00 2.035803199e-01 1.407685161e+00 1.915194541e-01 1.409666538e+00
 1.795493364e-01 1.411351323e+00 1.676601768e-01 1.412814379e+00 1.558788419e-01
 1.414094567e+00 1.442107558e-01 1.415215969e+00 1.326527894e-01 1.416198850e+00
 1.211984977e-01 1.417059422e+00 1.098389998e-01 1.417811632e+00 9.856358171e-02
 1.418467045e+00 8.736021817e-02 1.419023633e+00 7.621435821e-02 1.419472098e+00
 6.511157751e-02 1.419813752e+00 5.403974652e-02 1.420049310e+00 4.298684746e-02
 1.420179129e+00 3.194096312e-02 1.420203090e+00 2.089031227e-02 1.420120478e+00
 9.822947904e-03 1.419930220e+00-1.272896654e-03 1.419637084e+00-1.240985654e-02
 1.419239998e+00-2.360064164e-02 1.418732643e+00-3.485728428e-02 1.418107986e+00
-4.619138688e-02 1.417357445e+00-5.761399865e-02 1.416471243e+00-6.913545728e-02
 1.415437460e+00-8.076509088e-02 1.414240956e+00-9.251044691e-02 1.412863851e+00
-1.043770462e-01 1.411304593e+00-1.163762063e-01 1.409563184e+00-1.285211295e-01
 1.407639265e+00-1.408265978e-01 1.405532718e+00-1.533092409e-01 1.403243661e+00
-1.659881622e-01 1.400764585e+00-1.788800955e-01 1.398017287e+00-1.919554025e-01
 1.395009279e+00-2.052355856e-01 1.391799092e+00-2.187860608e-01 1.388430953e+00
-2.326762229e-01 1.384933710e+00-2.469766140e-01 1.381318450e+00-2.617552578e-01
 1.377485633e+00-2.769809067e-01 1.373331308e+00-2.926034629e-01 1.368838549e+00
-3.086538911e-01 1.364026189e+00-3.252117336e-01 1.358961463e+00-3.424375355e-01
 1.353722095e+00-3.605458140e-01 1.348287940e+00-3.796607256e-01 1.342605233e+00
-3.998793662e-01 1.336550951e+00-4.212006330e-01 1.329917550e+00-4.434598982e-01
 1.322405338e+00-4.662512541e-01 1.314060211e+00-4.897655547e-01 1.305265665e+00
-5.150449872e-01 1.296129704e+00-5.428250432e-01 1.286101818e+00-5.722940564e-01
 1.275193095e+00-6.039987206e-01 1.264025569e+00-6.408430934e-01 1.252185702e+00
-6.832191944e-01 1.238160133e+00-7.267896533e-01 1.221926689e+00-7.720156312e-01
 1.203847766e+00-8.222086430e-01 1.183083057e+00-8.745727539e-01 1.159621596e+00
-9.313502312e-01 1.132934451e+00-9.912006259e-01 1.102631092e+00-1.052096009e+00
 1.068563819e+00-1.113463521e+00 1.030691266e+00-1.173183203e+00 9.893209338e-01
-1.227589369e+00 9.444361925e-01-1.281192183e+00 8.962908387e-01-1.331740260e+00
 8.458488584e-01-1.374226213e+00 7.927309275e-01-1.414025903e+00 7.384514809e-01
-1.444896936e+00 6.839374900e-01-1.466079831e+00 6.287505627e-01-1.481906533e+00
 5.732694268e-01-1.492418647e+00 5.181652904e-01-1.496850014e+00 4.635615647e-01
-1.496120453e+00 4.094482064e-01-1.491185427e+00 3.712357283e-01-1.484840512e+00
 3.756506145e-01-1.327977896e+00 3.666711152e-01-1.244797230e+00 3.568482697e-01
-1.171504378e+00 3.475941420e-01-1.104125500e+00 3.393707275e-01-1.041034102e+00
 3.324090540e-01-9.812892079e-01 3.265116513e-01-9.247069955e-01 3.214747310e-01
-8.711346388e-01 3.171799183e-01-8.203368187e-01 3.134731650e-01-7.721489668e-01
 3.102552295e-01-7.263676524e-01 3.074397445e-01-6.828021407e-01 3.049627542e-01
-6.412639618e-01 3.027664125e-01-6.015817523e-01 3.008106649e-01-5.635894537e-01
 2.990590632e-01-5.271369815e-01 2.974810004e-01-4.920864105e-01 2.960568964e-01
-4.583068490e-01 2.947691381e-01-4.256799519e-01 2.935996056e-01-3.940992355e-01
 2.925407588e-01-3.634625673e-01 2.915863395e-01-3.336769044e-01 2.907225788e-01
-3.046610355e-01 2.899455428e-01-2.763358355e-01 2.892524004e-01-2.486284375e-01
 2.886329293e-01-2.214739770e-01 2.880841494e-01-1.948093772e-01 2.876049578e-01
-1.685752422e-01 2.871894538e-01-1.427169442e-01 2.868340313e-01-1.171820164e-01
 2.865376174e-01-9.191986918e-02 2.862983346e-01-6.688220054e-02 2.861129940e-01
-4.202247411e-02 2.859809101e-01-1.729504019e-02 2.859018445e-01 7.344755344e-03
 2.858746946e-01 3.194089606e-02
 1.851000041e-01 0.000000000e+00 1.851000041e-01 1.008100033e+00 2.793999910e-01
 1.171399951e+00 2.793999910e-01 1.577999949e+00 2.978999913e-01 1.603399992e+00
 5.712000132e-01 1.603399992e+00 6.169999838e-01 1.628000021e+00 1.043300033e+00
 1.460287452e+00 1.043300033e+00 1.429999948e+00 1.319200039e+00 1.039700031e+00
 1.335800052e+00 9.976000190e-01 1.485100031e+00 5.450000167e-01 1.483999968e+00
 4.900000095e-01 1.559000015e+00 1.141000018e-01 1.565000057e+00 7.636000216e-02
 1.569000006e+00 3.826100007e-02 1.570000052e+00 0.000000000e+00 1.569000006e+00
-3.826100007e-02 1.565000057e+00-7.636000216e-02 1.559000015e+00-1.141000018e-01
 1.483999968e+00-4.900000095e-01 1.485100031e+00-5.450000167e-01 1.335800052e+00
-9.976000190e-01 1.319200039e+00-1.039700031e+00 1.043300033e+00-1.429999948e+00
 1.043300033e+00-1.460287452e+00 6.169999838e-01-1.628000021e+00 5.712000132e-01
-1.603399992e+00 2.978999913e-01-1.603399992e+00 2.793999910e-01-1.577999949e+00
 2.793999910e-01-1.171399951e+00 1.851000041e-01-1.008100033e+00 1.851000041e-01
 0.000000000e+00
    0 0.000000000e+00    0
 0.000000000e+00 9.352299571e-02 1.314569563e-01 1.621804237e-01 1.884346902e-01
 2.116324008e-01 2.325973362e-01 2.518067062e-01 2.696765363e-01 2.865458131e-01
 3.026642203e-01 3.182265162e-01 3.334348202e-01 3.485399187e-01 3.637400568e-01
 3.791659772e-01 3.950585425e-01 4.117482007e-01 4.296310246e-01 4.491604269e-01
 4.709000885e-01 4.955803156e-01 5.236673355e-01 5.547922850e-01 5.872824788e-01
 6.190775633e-01 6.490010023e-01 6.767405868e-01 7.024444938e-01 7.264556885e-01
 7.491236329e-01 7.708302140e-01 7.920561433e-01 8.132268786e-01 8.348078132e-01
 8.572689295e-01 8.810030222e-01 9.064254165e-01 9.339714646e-01 9.644754529e-01
 1.000472665e+00
    1
 3.714186279e+03 3.539442383e+03 3.361912354e+03 3.179592529e+03 2.991920898e+03
 2.799913086e+03 2.605878662e+03 2.415910889e+03 2.240333496e+03 2.085870361e+03
 1.952942017e+03 1.835741821e+03 1.724211060e+03 1.615234009e+03 1.512000488e+03
 1.416193848e+03 1.327359985e+03 1.242935303e+03 1.159973022e+03 1.080082520e+03
 1.005962952e+03 9.386369629e+02 8.770836182e+02 8.185997925e+02 7.619372559e+02
 7.112015991e+02 6.698340454e+02 6.384440308e+02 6.147565308e+02 5.941607056e+02
 5.701929321e+02 5.361681519e+02 4.883594666e+02 4.270428162e+02 3.565085449e+02
 2.838927612e+02 2.182820587e+02 1.674123383e+02 1.347399902e+02 1.183574600e+02
 1.114584503e+02
