  EFITD    01/23/2002    #125200 00501ms           3  65  65
 2.140000105e+00 4.400000095e+00 8.500000238e-01 9.999999776e-03 0.000000000e+00
 1.008461595e+00-1.491891127e-02-4.850101843e-02 2.137399092e-02-4.395320117e-01
 1.201064250e+06-4.850101843e-02 0.000000000e+00 1.008461595e+00 0.000000000e+00
-1.491891127e-02 0.000000000e+00 2.137399092e-02 0.000000000e+00 0.000000000e+00
-4.040275514e-01-4.037143290e-01-4.033795297e-01-4.030241370e-01-4.026490748e-01
-4.022553563e-01-4.018439949e-01-4.014160335e-01-4.009724855e-01-4.005143642e-01
-4.000428021e-01-3.995588124e-01-3.990634978e-01-3.985579014e-01-3.980431557e-01
-3.975203037e-01-3.969904184e-01-3.964546025e-01-3.959139287e-01-3.953694403e-01
-3.948221803e-01-3.942732513e-01-3.937236071e-01-3.931742907e-01-3.926263154e-01
-3.920806050e-01-3.915381432e-01-3.909998238e-01-3.904665709e-01-3.899392188e-01
-3.894185722e-01-3.889054656e-01-3.884006441e-01-3.879047632e-01-3.874185383e-01
-3.869425654e-01-3.864774108e-01-3.860235810e-01-3.855815232e-01-3.851516545e-01
-3.847343028e-01-3.843297064e-01-3.839381039e-01-3.835596442e-01-3.831943274e-01
-3.828422129e-01-3.825031519e-01-3.821769953e-01-3.818634748e-01-3.815622926e-01
-3.812729716e-01-3.809950054e-01-3.807277679e-01-3.804705739e-01-3.802226186e-01
-3.799829781e-01-3.797506392e-01-3.795244694e-01-3.793033063e-01-3.790857196e-01
-3.788703382e-01-3.786555827e-01-3.784397542e-01-3.782210350e-01-3.779975176e-01
 3.124319531e+04 3.085172461e+04 3.045982617e+04 3.006740820e+04 2.967436914e+04
 2.928060547e+04 2.888601367e+04 2.849048047e+04 2.809389844e+04 2.769615039e+04
 2.729712500e+04 2.689670508e+04 2.649477539e+04 2.609122070e+04 2.568592773e+04
 2.527878516e+04 2.486967969e+04 2.445850391e+04 2.404515234e+04 2.362952539e+04
 2.321152539e+04 2.279105859e+04 2.236803516e+04 2.194237891e+04 2.151400781e+04
 2.108285938e+04 2.064886719e+04 2.021197852e+04 1.977215039e+04 1.932934375e+04
 1.888353320e+04 1.843470117e+04 1.798284180e+04 1.752795898e+04 1.707007031e+04
 1.660920117e+04 1.614539453e+04 1.567870508e+04 1.520919922e+04 1.473695996e+04
 1.426208301e+04 1.378468066e+04 1.330488184e+04 1.282283105e+04 1.233868848e+04
 1.185263281e+04 1.136486035e+04 1.087558789e+04 1.038504785e+04 9.893495117e+03
 9.401204102e+03 8.908466797e+03 8.415601562e+03 7.922943848e+03 7.430854492e+03
 6.939715332e+03 6.449931641e+03 5.961934082e+03 5.476175293e+03 4.993134277e+03
 4.513315918e+03 4.037249756e+03 3.565492432e+03 3.098627930e+03 2.637267578e+03
-1.118320003e-01-1.198960319e-01-1.275923997e-01-1.349133253e-01-1.418517679e-01
-1.484015882e-01-1.545574069e-01-1.603146642e-01-1.656696349e-01-1.706193835e-01
-1.751618087e-01-1.792955846e-01-1.830202639e-01-1.863361448e-01-1.892443895e-01
-1.917469352e-01-1.938465834e-01-1.955468804e-01-1.968522370e-01-1.977678686e-01
-1.982997954e-01-1.984548569e-01-1.982406974e-01-1.976657957e-01-1.967394054e-01
-1.954716444e-01-1.938733906e-01-1.919563860e-01-1.897331625e-01-1.872170419e-01
-1.844222099e-01-1.813636273e-01-1.780570894e-01-1.745191813e-01-1.707673222e-01
-1.668197364e-01-1.626954824e-01-1.584143937e-01-1.539971530e-01-1.494652331e-01
-1.448409408e-01-1.401473582e-01-1.354084462e-01-1.306488961e-01-1.258942932e-01
-1.211709827e-01-1.165061444e-01-1.119277701e-01-1.074646637e-01-1.031464413e-01
-9.900353849e-02-9.506718814e-02-9.136945754e-02-8.794321120e-02-8.482214063e-02
-8.204074204e-02-7.963433117e-02-7.763902098e-02-7.609176636e-02-7.503031194e-02
-7.449322194e-02-7.451988757e-02-7.515048981e-02-7.642603666e-02-7.838835567e-02
-3.583829062e+05-3.587309688e+05-3.591637812e+05-3.596855938e+05-3.603002500e+05
-3.610110312e+05-3.618207500e+05-3.627317500e+05-3.637458750e+05-3.648645000e+05
-3.660884688e+05-3.674181562e+05-3.688535000e+05-3.703938438e+05-3.720381562e+05
-3.737848750e+05-3.756318750e+05-3.775766562e+05-3.796161562e+05-3.817468750e+05
-3.839648125e+05-3.862654375e+05-3.886437500e+05-3.910943125e+05-3.936111562e+05
-3.961877812e+05-3.988173125e+05-4.014922812e+05-4.042047500e+05-4.069463750e+05
-4.097082188e+05-4.124808750e+05-4.152545625e+05-4.180188125e+05-4.207628750e+05
-4.234753750e+05-4.261444688e+05-4.287578750e+05-4.313027812e+05-4.337659062e+05
-4.361334688e+05-4.383912188e+05-4.405244062e+05-4.425177812e+05-4.443556250e+05
-4.460216875e+05-4.474993125e+05-4.487712812e+05-4.498199375e+05-4.506270625e+05
-4.511740625e+05-4.514417500e+05-4.514105000e+05-4.510601875e+05-4.503702188e+05
-4.493195000e+05-4.478864375e+05-4.460489688e+05-4.437845000e+05-4.410700000e+05
-4.378819375e+05-4.341962812e+05-4.299885000e+05-4.252336250e+05-4.199061562e+05
 5.447113654e-05 1.006419654e-03 2.997305011e-03 5.556909367e-03 7.881703787e-03
 9.675946087e-03 1.105959434e-02 1.216734014e-02 1.310171280e-02 1.393354405e-02
 1.471059583e-02 1.546521392e-02 1.621955074e-02 1.698891446e-02 1.778402552e-02
 1.861286163e-02 1.948281564e-02 2.040407993e-02 2.139525302e-02 2.248993888e-02
 2.373630553e-02 2.517946996e-02 2.683639713e-02 2.868763357e-02 3.069423139e-02
 3.282123804e-02 3.504661843e-02 3.735817596e-02 3.974858299e-02 4.221221432e-02
 4.474354908e-02 4.733643681e-02 4.998372868e-02 5.267707258e-02 5.540682003e-02
 5.816198885e-02 6.093029305e-02 6.369826943e-02 6.645149738e-02 6.917487085e-02
 7.185302675e-02 7.447078824e-02 7.701370120e-02 7.946851104e-02 8.182370663e-02
 8.406990767e-02 8.620014787e-02 8.821004629e-02 9.009777755e-02 9.186392277e-02
 9.351120144e-02 9.504408389e-02 9.646838903e-02 9.779088199e-02 9.901883453e-02
 1.001597270e-01 1.012209207e-01 1.022094712e-01 1.031319499e-01 1.039943621e-01
 1.048021093e-01 1.055599377e-01 1.062720120e-01 1.069419086e-01 1.075726748e-01
 9.812420467e-05 1.852874295e-03 5.834856071e-03 1.215825975e-02 1.539835334e-02
 1.608870551e-02 1.649134606e-02 1.680453867e-02 1.710603014e-02 1.743161492e-02
 1.780088432e-02 1.822626777e-02 1.871652529e-02 1.927837171e-02 1.991747506e-02
 2.063940279e-02 2.145080082e-02 2.236078121e-02 2.338206954e-02 2.453112043e-02
 2.582618780e-02 2.728326246e-02 2.891165949e-02 3.071187064e-02 3.267686069e-02
 3.479536623e-02 3.705488890e-02 3.944330290e-02 4.194938019e-02 4.456279799e-02
 4.727379233e-02 5.007268116e-02 5.294929445e-02 5.589247495e-02 5.888966098e-02
 6.192661822e-02 6.498728693e-02 6.805380434e-02 7.110667974e-02 7.412517816e-02
 7.708789408e-02 7.997343689e-02 8.276133984e-02 8.543295413e-02 8.797232807e-02
 9.036693722e-02 9.260820597e-02 9.469173849e-02 9.661720693e-02 9.838800132e-02
 1.000106186e-01 1.014939249e-01 1.028484330e-01 1.040854827e-01 1.052166820e-01
 1.062533259e-01 1.072060466e-01 1.080845594e-01 1.088975370e-01 1.096525490e-01
 1.103560701e-01 1.110135838e-01 1.116296276e-01 1.122079194e-01 1.127514765e-01
 1.394617575e-04 2.647015266e-03 8.421658538e-03 1.779214107e-02 2.465398051e-02
 2.347427048e-02 2.231617458e-02 2.158783935e-02 2.113474905e-02 2.088706382e-02
 2.080867440e-02 2.087970078e-02 2.108921669e-02 2.143153735e-02 2.190358937e-02
 2.250355668e-02 2.323127165e-02 2.408904210e-02 2.508181147e-02 2.621679381e-02
 2.750308067e-02 2.895131893e-02 3.057274967e-02 3.237663954e-02 3.436732665e-02
 3.654306382e-02 3.889610991e-02 4.141382501e-02 4.408178106e-02 4.688679054e-02
 4.981748015e-02 5.286327749e-02 5.601324886e-02 5.925511941e-02 6.257454306e-02
 6.595454365e-02 6.937516481e-02 7.281329483e-02 7.624279708e-02 7.963489741e-02
 8.295904100e-02 8.618404716e-02 8.927963674e-02 9.221815318e-02 9.497628361e-02
 9.753648192e-02 9.988800436e-02 1.020272300e-01 1.039573550e-01 1.056874916e-01
 1.072313413e-01 1.086057127e-01 1.098289937e-01 1.109198928e-01 1.118964031e-01
 1.127751321e-01 1.135708615e-01 1.142963693e-01 1.149624512e-01 1.155779809e-01
 1.161501333e-01 1.166845858e-01 1.171857193e-01 1.176568642e-01 1.181004792e-01
 1.633784414e-04 3.093122272e-03 9.773937985e-03 2.040545270e-02 2.838662826e-02
 2.755414881e-02 2.616129816e-02 2.504751645e-02 2.420143411e-02 2.359724976e-02
 2.320944332e-02 2.301664278e-02 2.300417610e-02 2.317024954e-02 2.351319417e-02
 2.401813120e-02 2.467373945e-02 2.547740750e-02 2.642953023e-02 2.753085084e-02
 2.878189459e-02 3.018864617e-02 3.177626431e-02 3.358611837e-02 3.562883660e-02
 3.791140765e-02 4.043271020e-02 4.315783456e-02 4.604977369e-02 4.909666255e-02
 5.229242891e-02 5.563108623e-02 5.910491571e-02 6.270345300e-02 6.641270965e-02
 7.021437585e-02 7.408513129e-02 7.799611986e-02 8.191264421e-02 8.579449356e-02
 8.959686756e-02 9.327229857e-02 9.677337855e-02 1.000562385e-01 1.030842066e-01
 1.058309451e-01 1.082826555e-01 1.104386300e-01 1.123102978e-01 1.139189005e-01
 1.152923480e-01 1.164619923e-01 1.174596921e-01 1.183156446e-01 1.190569624e-01
 1.197069436e-01 1.202849299e-01 1.208064705e-01 1.212837026e-01 1.217258200e-01
 1.221396029e-01 1.225298271e-01 1.228997111e-01 1.232512668e-01 1.235855818e-01
 1.733888348e-04 3.276762785e-03 1.031128597e-02 2.134829201e-02 2.978586219e-02
 2.924020030e-02 2.796452120e-02 2.684097551e-02 2.591398545e-02 2.519863471e-02
 2.469247580e-02 2.438404411e-02 2.425368689e-02 2.432301268e-02 2.462494187e-02
 2.508046292e-02 2.569604851e-02 2.646783367e-02 2.739508823e-02 2.847612277e-02
 2.969811484e-02 3.104541078e-02 3.251192719e-02 3.437525034e-02 3.646928072e-02
 3.886367753e-02 4.165906832e-02 4.466315359e-02 4.781298712e-02 5.112794787e-02
 5.461715907e-02 5.828404054e-02 6.212745979e-02 6.614178419e-02 7.031626999e-02
 7.463400066e-02 7.907049358e-02 8.359210938e-02 8.815455437e-02 9.270197898e-02
 9.716735035e-02 1.014748812e-01 1.055449992e-01 1.093017161e-01 1.126812845e-01
 1.156400517e-01 1.181596816e-01 1.202483252e-01 1.219374835e-01 1.232754961e-01
 1.243195608e-01 1.251282990e-01 1.257561296e-01 1.262501031e-01 1.266486198e-01
 1.269816160e-01 1.272715479e-01 1.275345087e-01 1.277815849e-01 1.280198842e-01
 1.282536238e-01 1.284847856e-01 1.287138164e-01 1.289400756e-01 1.291622370e-01
 1.750807569e-04 3.307194915e-03 1.039666496e-02 2.155188657e-02 3.000137769e-02
 2.948957123e-02 2.825243026e-02 2.717095986e-02 2.629292198e-02 2.562887222e-02
 2.517101541e-02 2.490822040e-02 2.483176440e-02 2.493496984e-02 2.521206252e-02
 2.565499023e-02 2.626625262e-02 2.703575790e-02 2.797180228e-02 2.906735055e-02
 3.033223189e-02 3.173148260e-02 3.323094174e-02 3.519727662e-02 3.738151863e-02
 3.988177702e-02 4.282211140e-02 4.599332064e-02 4.934577644e-02 5.290417373e-02
 5.668281391e-02 6.069096923e-02 6.493408233e-02 6.941365451e-02 7.412631065e-02
 7.906208932e-02 8.420178294e-02 8.951325715e-02 9.494677931e-02 1.004299447e-01
 1.058636829e-01 1.111222655e-01 1.160608083e-01 1.205321774e-01 1.244101077e-01
 1.276115626e-01 1.301110387e-01 1.319431961e-01 1.331925094e-01 1.339731365e-01
 1.344057620e-01 1.345997453e-01 1.346439421e-01 1.346049756e-01 1.345297098e-01
 1.344491988e-01 1.343826652e-01 1.343407631e-01 1.343282610e-01 1.343459040e-01
 1.343918443e-01 1.344625801e-01 1.345537305e-01 1.346604526e-01 1.347777843e-01
 1.704658498e-04 3.219798207e-03 1.012250129e-02 2.095462382e-02 2.914328873e-02
 2.835342288e-02 2.701683156e-02 2.601926774e-02 2.534295432e-02 2.491714992e-02
 2.468161099e-02 2.460248955e-02 2.466592379e-02 2.486836910e-02 2.521319874e-02
 2.570668608e-02 2.635576203e-02 2.716672979e-02 2.814684249e-02 2.931663208e-02
 3.066933900e-02 3.220733255e-02 3.396087512e-02 3.597728536e-02 3.828067705e-02
 4.088858515e-02 4.380903393e-02 4.702291638e-02 5.050949380e-02 5.427033454e-02
 5.831500515e-02 6.265547872e-02 6.730425358e-02 7.227335125e-02 7.757327706e-02
 8.321118355e-02 8.918765932e-02 9.549117088e-02 1.020886973e-01 1.089111567e-01
 1.158327460e-01 1.226491034e-01 1.290722340e-01 1.347707957e-01 1.394518465e-01
 1.429319084e-01 1.451719552e-01 1.462859511e-01 1.465158761e-01 1.461581588e-01
 1.454775482e-01 1.446654201e-01 1.438424140e-01 1.430770457e-01 1.424037069e-01
 1.418358386e-01 1.413744092e-01 1.410134137e-01 1.407430619e-01 1.405518651e-01
 1.404278278e-01 1.403591484e-01 1.403346062e-01 1.403438449e-01 1.403774470e-01
 1.606137957e-04 3.029260086e-03 9.492407553e-03 1.955673471e-02 2.661527880e-02
 2.474856935e-02 2.332190424e-02 2.303797565e-02 2.312896959e-02 2.330232225e-02
 2.350119129e-02 2.372149192e-02 2.397483960e-02 2.429297566e-02 2.471316233e-02
 2.525940351e-02 2.595201507e-02 2.680937946e-02 2.784913033e-02 2.910609543e-02
 3.058735654e-02 3.217212483e-02 3.400650248e-02 3.610542417e-02 3.848189861e-02
 4.116524383e-02 4.415518418e-02 4.745282233e-02 5.106520653e-02 5.500284955e-02
 5.928205326e-02 6.392265111e-02 6.894695014e-02 7.438086718e-02 8.025494218e-02
 8.660499752e-02 9.347185493e-02 1.008991525e-01 1.089270487e-01 1.175764427e-01
 1.268097460e-01 1.364312023e-01 1.458657682e-01 1.540615559e-01 1.602432728e-01
 1.640475243e-01 1.654008627e-01 1.645106226e-01 1.621988267e-01 1.594867110e-01
 1.568956226e-01 1.546092033e-01 1.526699811e-01 1.510652602e-01 1.497620195e-01
 1.487214416e-01 1.479051113e-01 1.472774446e-01 1.468064487e-01 1.464638710e-01
 1.462249160e-01 1.460680217e-01 1.459744275e-01 1.459279656e-01 1.459147036e-01
 1.506336848e-04 2.834068378e-03 8.827926591e-03 1.802847348e-02 2.329656109e-02
 1.881664433e-02 1.800957508e-02 1.960414089e-02 2.082056925e-02 2.160441130e-02
 2.221529372e-02 2.269089408e-02 2.305401862e-02 2.341414988e-02 2.385489084e-02
 2.440344729e-02 2.508215792e-02 2.593439445e-02 2.696224302e-02 2.819965780e-02
 2.966887131e-02 3.131470084e-02 3.318355605e-02 3.533751890e-02 3.779245168e-02
 4.059922695e-02 4.368955642e-02 4.709598422e-02 5.082655326e-02 5.488666147e-02
 5.934615061e-02 6.422620267e-02 6.954922527e-02 7.535320520e-02 8.168513328e-02
 8.860918134e-02 9.621339291e-02 1.046156585e-01 1.139755026e-01 1.245151311e-01
 1.365593821e-01 1.506401598e-01 1.679684669e-01 1.812980473e-01 1.903154105e-01
 1.934935749e-01 1.954318732e-01 1.871380359e-01 1.780597121e-01 1.715365499e-01
 1.666105986e-01 1.628311127e-01 1.599137336e-01 1.576597691e-01 1.559238881e-01
 1.545965970e-01 1.535933614e-01 1.528475136e-01 1.523056626e-01 1.519242972e-01
 1.516676843e-01 1.515062004e-01 1.514151841e-01 1.513740122e-01 1.513655335e-01
 1.473360608e-04 2.770300256e-03 8.618106134e-03 1.751757972e-02 2.239029109e-02
 1.652609929e-02 1.634710841e-02 1.847233437e-02 1.976653002e-02 2.066523023e-02
 2.130348422e-02 2.176728845e-02 2.213008143e-02 2.245981432e-02 2.281761356e-02
 2.325481549e-02 2.381464839e-02 2.453400567e-02 2.544431016e-02 2.657180652e-02
 2.793602832e-02 2.955174446e-02 3.143881634e-02 3.361741081e-02 3.610636294e-02
 3.893825039e-02 4.213332385e-02 4.567817599e-02 4.945415258e-02 5.363731831e-02
 5.827886611e-02 6.334003806e-02 6.885089725e-02 7.489816844e-02 8.146578819e-02
 8.865103871e-02 9.657426924e-02 1.053830832e-01 1.152826175e-01 1.265730113e-01
 1.397142559e-01 1.554163098e-01 1.746095866e-01 1.895681024e-01 1.995065659e-01
 2.031245381e-01 2.043562531e-01 1.951413006e-01 1.845695376e-01 1.769315749e-01
 1.713826358e-01 1.672925353e-01 1.642488837e-01 1.619778126e-01 1.602901518e-01
 1.590497941e-01 1.581552923e-01 1.575288326e-01 1.571092457e-01 1.568475813e-01
 1.567041576e-01 1.566464752e-01 1.566478461e-01 1.566862911e-01 1.567437351e-01
 1.527400746e-04 2.874877071e-03 8.962251246e-03 1.830607653e-02 2.361379750e-02
 1.697729528e-02 1.776935719e-02 1.980863139e-02 2.062178031e-02 2.106847242e-02
 2.130132355e-02 2.139819227e-02 2.143201232e-02 2.146199532e-02 2.154001780e-02
 2.171339467e-02 2.202633768e-02 2.252078615e-02 2.323638462e-02 2.420866862e-02
 2.546289936e-02 2.699696273e-02 2.882563695e-02 3.096664883e-02 3.343473002e-02
 3.624371067e-02 3.940390795e-02 4.292419553e-02 4.682028294e-02 5.110752210e-02
 5.581417307e-02 6.097975373e-02 6.662583351e-02 7.281719148e-02 7.947003096e-02
 8.651103824e-02 9.424770623e-02 1.027396321e-01 1.121247858e-01 1.225344688e-01
 1.341557801e-01 1.472049952e-01 1.617428064e-01 1.736506224e-01 1.820949912e-01
 1.864476055e-01 1.879180670e-01 1.839223802e-01 1.781845391e-01 1.735818833e-01
 1.700153351e-01 1.672981381e-01 1.652641296e-01 1.637755036e-01 1.627200544e-01
 1.620066911e-01 1.615611017e-01 1.613222808e-01 1.612397730e-01 1.612717062e-01
 1.613831520e-01 1.615450680e-01 1.617333591e-01 1.619281918e-01 1.621134430e-01
 1.637267414e-04 3.089368111e-03 9.690665640e-03 2.000844479e-02 2.743769996e-02
 2.598287165e-02 2.437968925e-02 2.349277586e-02 2.291304618e-02 2.241179906e-02
 2.189023234e-02 2.129168063e-02 2.074201964e-02 2.026339062e-02 1.988463663e-02
 1.963992789e-02 1.956849359e-02 1.971554197e-02 2.013504133e-02 2.089612186e-02
 2.209730260e-02 2.353050187e-02 2.526807971e-02 2.735040523e-02 2.977348864e-02
 3.254767507e-02 3.568362445e-02 3.919382393e-02 4.309229180e-02 4.739467427e-02
 5.211764574e-02 5.727592483e-02 6.287652999e-02 6.891716272e-02 7.538307458e-02
 8.224608749e-02 8.956789225e-02 9.740315378e-02 1.057760343e-01 1.145986170e-01
 1.238481626e-01 1.332614422e-01 1.423675418e-01 1.505142599e-01 1.571409851e-01
 1.619354188e-01 1.648319960e-01 1.660342515e-01 1.660574824e-01 1.655231267e-01
 1.648607105e-01 1.642866731e-01 1.638883650e-01 1.636868715e-01 1.636711806e-01
 1.638158262e-01 1.640898436e-01 1.644612998e-01 1.648997366e-01 1.653771996e-01
 1.658688337e-01 1.663531065e-01 1.668117791e-01 1.672298312e-01 1.675952971e-01
 1.735373953e-04 3.276792588e-03 1.029208489e-02 2.126832865e-02 2.956477180e-02
 2.885015309e-02 2.738897875e-02 2.606019750e-02 2.485339530e-02 2.372213826e-02
 2.261936851e-02 2.150906064e-02 2.037302032e-02 1.936983876e-02 1.850912720e-02
 1.781196147e-02 1.730809920e-02 1.703418233e-02 1.703228988e-02 1.734786853e-02
 1.802474819e-02 1.909163781e-02 2.061473206e-02 2.270163037e-02 2.507936396e-02
 2.781653963e-02 3.091762401e-02 3.439819440e-02 3.827199340e-02 4.255343229e-02
 4.725658894e-02 5.239394307e-02 5.797445774e-02 6.398660690e-02 7.031438500e-02
 7.680724561e-02 8.356411010e-02 9.063890576e-02 9.800930321e-02 1.056090966e-01
 1.133209020e-01 1.209485754e-01 1.282747984e-01 1.350308210e-01 1.409800947e-01
 1.460092366e-01 1.500683576e-01 1.532278210e-01 1.556466371e-01 1.575257033e-01
 1.590550542e-01 1.603820324e-01 1.616053134e-01 1.627828926e-01 1.639433205e-01
 1.650954336e-01 1.662357897e-01 1.673537791e-01 1.684351861e-01 1.694646031e-01
 1.704269350e-01 1.713085324e-01 1.720977873e-01 1.727855355e-01 1.733651161e-01
 1.793213596e-04 3.384665120e-03 1.061949413e-02 2.196059190e-02 3.052069992e-02
 3.008185886e-02 2.873636223e-02 2.734086476e-02 2.591091767e-02 2.445295267e-02
 2.296558395e-02 2.144178934e-02 1.988055930e-02 1.844866201e-02 1.715904102e-02
 1.603324525e-02 1.509975642e-02 1.439259946e-02 1.395009272e-02 1.381359342e-02
 1.402629074e-02 1.463283412e-02 1.568298973e-02 1.722856238e-02 1.931099035e-02
 2.203547023e-02 2.507741190e-02 2.851097472e-02 3.233872354e-02 3.657793626e-02
 4.124444723e-02 4.634913057e-02 5.191073939e-02 5.796534196e-02 6.440576911e-02
 7.075189799e-02 7.694864273e-02 8.336863667e-02 9.002922475e-02 9.685321152e-02
 1.037412286e-01 1.105728447e-01 1.172163114e-01 1.235389784e-01 1.294405162e-01
 1.348073781e-01 1.396007836e-01 1.438674331e-01 1.476518363e-01 1.510447562e-01
 1.541194767e-01 1.569392085e-01 1.595559865e-01 1.620078087e-01 1.643185616e-01
 1.665001959e-01 1.685554385e-01 1.704806983e-01 1.722685546e-01 1.739098430e-01
 1.753952652e-01 1.767167002e-01 1.778679639e-01 1.788454205e-01 1.796481609e-01
 1.821261103e-04 3.436409635e-03 1.077293046e-02 2.218389511e-02 3.095390648e-02
 3.061602637e-02 2.931617759e-02 2.788523398e-02 2.631761134e-02 2.463790402e-02
 2.285729162e-02 2.096680179e-02 1.912461221e-02 1.736287773e-02 1.571134292e-02
 1.420090720e-02 1.286504604e-02 1.174014993e-02 1.086529903e-02 1.028181147e-02
 1.003276277e-02 1.016267296e-02 1.071739569e-02 1.174337231e-02 1.328669675e-02
 1.539466530e-02 1.810292900e-02 2.152096666e-02 2.527113445e-02 2.944394760e-02
 3.407429159e-02 3.912419826e-02 4.457521811e-02 5.041259527e-02 5.661299452e-02
 6.311777979e-02 7.000961900e-02 7.580292225e-02 8.205226064e-02 8.853336424e-02
 9.511119872e-02 1.016877294e-01 1.081739888e-01 1.144889966e-01 1.205630973e-01
 1.263422072e-01 1.317908019e-01 1.368683726e-01 1.415917128e-01 1.461704224e-01
 1.504822522e-01 1.545461863e-01 1.583790928e-01 1.619936228e-01 1.653966308e-01
 1.685891002e-01 1.715669483e-01 1.743224561e-01 1.768459976e-01 1.791276932e-01
 1.811590493e-01 1.829340011e-01 1.844499409e-01 1.857080311e-01 1.867134124e-01
 1.832731359e-04 3.457441693e-03 1.083430182e-02 2.232963964e-02 3.113827482e-02
 3.080786020e-02 2.950615436e-02 2.801417932e-02 2.630938962e-02 2.445762418e-02
 2.245989442e-02 2.031602897e-02 1.819975302e-02 1.613723487e-02 1.415824704e-02
 1.229577325e-02 1.058569364e-02 9.066405706e-03 7.778366096e-03 6.763615645e-03
 6.065317430e-03 5.727348384e-03 5.793901160e-03 6.308981683e-03 7.315764669e-03
 8.855707012e-03 1.096660644e-02 1.368163340e-02 1.700809412e-02 2.100963332e-02
 2.580227517e-02 3.090298921e-02 3.632567078e-02 4.207099602e-02 4.811495543e-02
 5.441053957e-02 6.087660789e-02 6.745035201e-02 7.396046072e-02 8.054380119e-02
 8.719427884e-02 9.387153387e-02 1.005215868e-01 1.070926115e-01 1.135388464e-01
 1.198221743e-01 1.259124726e-01 1.317884028e-01 1.374406815e-01 1.428662688e-01
 1.482387334e-01 1.534438431e-01 1.584135890e-01 1.631393731e-01 1.676111072e-01
 1.718139946e-01 1.757299453e-01 1.793392301e-01 1.826223880e-01 1.855623275e-01
 1.881461143e-01 1.903664768e-01 1.922226101e-01 1.937205493e-01 1.948727965e-01
 1.835195872e-04 3.461811226e-03 1.084583905e-02 2.233490162e-02 3.117516264e-02
 3.081475943e-02 2.946509048e-02 2.784719877e-02 2.602692135e-02 2.401754446e-02
 2.182836644e-02 1.947290264e-02 1.711806282e-02 1.478841715e-02 1.251445152e-02
 1.033096109e-02 8.275962435e-03 6.389845163e-03 4.714664537e-03 3.293539397e-03
 2.170163207e-03 1.388424309e-03 9.921230376e-04 1.024759607e-03 1.529380213e-03
 2.548502060e-03 4.124207422e-03 6.298820022e-03 9.116609581e-03 1.263236068e-02
 1.691122167e-02 2.202084661e-02 2.742751315e-02 3.319193423e-02 3.926607594e-02
 4.561444744e-02 5.219444633e-02 5.896673724e-02 6.589204818e-02 7.288938761e-02
 7.986387610e-02 8.686103672e-02 9.387846291e-02 1.008757502e-01 1.078265309e-01
 1.147101521e-01 1.215077639e-01 1.282018274e-01 1.347761154e-01 1.412136853e-01
 1.474920362e-01 1.537593454e-01 1.598603427e-01 1.657152176e-01 1.712934673e-01
 1.765592992e-01 1.814729124e-01 1.859936416e-01 1.900833845e-01 1.937098652e-01
 1.968498081e-01 1.994911283e-01 2.016342580e-01 2.032919973e-01 2.044883519e-01
 1.832474809e-04 3.456491046e-03 1.082766708e-02 2.227484249e-02 3.107407875e-02
 3.066348657e-02 2.920673415e-02 2.750116400e-02 2.555828728e-02 2.338072658e-02
 2.096554823e-02 1.846490055e-02 1.591568068e-02 1.335352659e-02 1.081540715e-02
 8.340440691e-03 5.969834514e-03 3.746429225e-03 1.714116195e-03-8.272207197e-05
-1.599665149e-03-2.792561660e-03-3.617685987e-03-4.031762946e-03-3.991883248e-03
-3.455335042e-03-2.379374113e-03-7.209615433e-04 1.563396654e-03 4.517315887e-03
 8.181483485e-03 1.258648094e-02 1.773993857e-02 2.374665253e-02 3.001887538e-02
 3.662108257e-02 4.349657893e-02 5.060646310e-02 5.791828036e-02 6.539145857e-02
 7.295747101e-02 8.053167909e-02 8.804792911e-02 9.554304183e-02 1.030598432e-01
 1.106024906e-01 1.181598455e-01 1.257155091e-01 1.332499683e-01 1.407409757e-01
 1.481690258e-01 1.555408090e-01 1.628194451e-01 1.699016690e-01 1.767128259e-01
 1.831827611e-01 1.892370731e-01 1.947999895e-01 1.998001188e-01 2.041769028e-01
 2.078870088e-01 2.109090537e-01 2.132458687e-01 2.149235904e-01 2.159881890e-01
 1.826994121e-04 3.446030663e-03 1.079382189e-02 2.227775007e-02 3.092019260e-02
 3.044810146e-02 2.890327387e-02 2.709565684e-02 2.502751164e-02 2.270090766e-02
 2.011650056e-02 1.743565127e-02 1.468602847e-02 1.190030575e-02 9.115359746e-03
 6.371472031e-03 3.711462487e-03 1.179792103e-03-1.178272418e-03-3.317357972e-03
-5.192491226e-03-6.759388372e-03-7.974538952e-03-8.795117028e-03-9.178763255e-03
-9.083307348e-03-8.466486819e-03-7.285767701e-03-5.498375278e-03-3.061725991e-03
 6.551227852e-05 3.921854310e-03 8.541729301e-03 1.395665854e-02 2.016995102e-02
 2.728058212e-02 3.462185711e-02 4.220058024e-02 5.002114922e-02 5.809785053e-02
 6.649799645e-02 7.544544339e-02 8.286637813e-02 9.078400582e-02 9.888443351e-02
 1.071301624e-01 1.155040860e-01 1.239880770e-01 1.325613409e-01 1.411988288e-01
 1.498706788e-01 1.585635394e-01 1.672388315e-01 1.757794321e-01 1.840846390e-01
 1.920425296e-01 1.995258778e-01 2.063985467e-01 2.125266045e-01 2.177932560e-01
 2.221144289e-01 2.254510075e-01 2.278140336e-01 2.292613685e-01 2.298871428e-01
 1.820440375e-04 3.433613572e-03 1.075440831e-02 2.211743407e-02 3.077026084e-02
 3.022526391e-02 2.858746983e-02 2.666759863e-02 2.446771786e-02 2.199244685e-02
 1.925282180e-02 1.640160568e-02 1.346301660e-02 1.046861894e-02 7.455589715e-03
 4.465259146e-03 1.541794045e-03-1.269017579e-03-3.920818213e-03-6.367506925e-03
-8.563801646e-03-1.046551950e-02-1.202959660e-02-1.321389619e-02-1.397686172e-02
-1.427708566e-02-1.407286339e-02-1.332179829e-02-1.198051497e-02-1.000451669e-02
-7.348178886e-03-3.964760341e-03 1.937606285e-04 5.177184939e-03 1.103747822e-02
 1.783460937e-02 2.561984770e-02 3.366180509e-02 4.196827114e-02 5.054860562e-02
 5.941568315e-02 6.865390390e-02 7.794196904e-02 8.613032848e-02 9.487534314e-02
 1.038892642e-01 1.131485179e-01 1.226386949e-01 1.323441267e-01 1.422454417e-01
 1.523139030e-01 1.625469327e-01 1.729250103e-01 1.832934171e-01 1.935342252e-01
 2.034870982e-01 2.129452080e-01 2.216624767e-01 2.293748856e-01 2.358373553e-01
 2.408690453e-01 2.443916500e-01 2.464450300e-01 2.471738011e-01 2.467910647e-01
 1.813694253e-04 3.420857945e-03 1.071425341e-02 2.205766924e-02 3.063690662e-02
 3.000605106e-02 2.826974168e-02 2.622919343e-02 2.388024889e-02 2.121496201e-02
 1.837046817e-02 1.537874900e-02 1.227299962e-02 9.089809842e-03 5.869581364e-03
 2.656017663e-03-5.048578023e-04-3.565823194e-03-6.479521748e-03-9.199311025e-03
-1.167982537e-02-1.387722045e-02-1.574911736e-02-1.725430600e-02-1.835226081e-02
-1.900255680e-02-1.916424185e-02-1.879522391e-02-1.785173267e-02-1.628784835e-02
-1.405513193e-02-1.110231876e-02-7.375075482e-03-2.815893851e-03 2.635623096e-03
 9.041463956e-03 1.646020263e-02 2.493852004e-02 3.369425237e-02 4.273239523e-02
 5.205938965e-02 6.168776006e-02 7.174947858e-02 8.127451688e-02 9.062155336e-02
 1.004616469e-01 1.106720790e-01 1.212325022e-01 1.321427673e-01 1.434091330e-01
 1.550413221e-01 1.670532525e-01 1.794279069e-01 1.920872480e-01 2.049092203e-01
 2.176995277e-01 2.301524878e-01 2.418256700e-01 2.521554232e-01 2.605477870e-01
 2.665363550e-01 2.699327171e-01 2.708864510e-01 2.698223293e-01 2.672896087e-01
 1.807116059e-04 3.408442950e-03 1.067523751e-02 2.197997086e-02 3.049598075e-02
 2.979408950e-02 2.796935104e-02 2.582329139e-02 2.335259877e-02 2.055263147e-02
 1.756987907e-02 1.442853455e-02 1.115933433e-02 7.798754144e-03 4.388084635e-03
 9.722678224e-04-2.401434816e-03-5.684781820e-03-8.829746395e-03-1.178944018e-02
-1.451868471e-02-1.697422937e-02-1.911462657e-02-2.089983039e-02-2.229060605e-02
-2.324779890e-02-2.373157814e-02-2.370066382e-02-2.311163954e-02-2.191832848e-02
-2.007131837e-02-1.751760021e-02-1.420040894e-02-1.005931944e-02-5.030778702e-03
 9.505637572e-04 7.949016988e-03 1.602245867e-02 2.521206066e-02 3.468611836e-02
 4.444093257e-02 5.446486175e-02 6.471614540e-02 7.512027025e-02 8.565687388e-02
 9.648489207e-02 1.076889783e-01 1.193147451e-01 1.314075142e-01 1.440175176e-01
 1.571929157e-01 1.710259318e-01 1.856937110e-01 2.010778636e-01 2.172214687e-01
 2.340559810e-01 2.513284087e-01 2.684161961e-01 2.840788662e-01 2.965187430e-01
 3.041797280e-01 3.064875603e-01 3.040449619e-01 2.984270751e-01 2.913223505e-01
 1.800906903e-04 3.396746470e-03 1.063855831e-02 2.187689580e-02 3.035095148e-02
 2.959799953e-02 2.769261785e-02 2.545223385e-02 2.287413366e-02 1.995484345e-02
 1.684137993e-02 1.355816610e-02 1.013614330e-02 6.612344179e-03 3.028930165e-03
-5.681498442e-04-4.130681511e-03-7.609693799e-03-1.095676888e-02-1.412502863e-02
-1.706972532e-02-1.974842511e-02-2.212081477e-02-2.414822392e-02-2.579292841e-02
-2.701731957e-02-2.778303996e-02-2.805011161e-02-2.777614817e-02-2.691565454e-02
-2.541948296e-02-2.323445678e-02-2.030321024e-02-1.656431518e-02-1.195276063e-02
-6.400991697e-03 1.591586624e-04 7.792884018e-03 1.655556448e-02 2.647943608e-02
 3.668734059e-02 4.717163369e-02 5.792748928e-02 6.896056235e-02 8.028544486e-02
 9.192161262e-02 1.039660722e-01 1.164907813e-01 1.295724064e-01 1.433042884e-01
 1.578125507e-01 1.732943654e-01 1.899555027e-01 2.079693079e-01 2.276127785e-01
 2.492719144e-01 2.734366357e-01 3.006746769e-01 3.312653303e-01 3.551702201e-01
 3.675279319e-01 3.657201529e-01 3.498999178e-01 3.312514424e-01 3.154367208e-01
 1.795145072e-04 3.385908203e-03 1.060466375e-02 2.188031003e-02 3.023277409e-02
 2.942245640e-02 2.743975259e-02 2.511282079e-02 2.243747376e-02 1.941044442e-02
 1.617845707e-02 1.276669186e-02 9.206892923e-03 5.537021905e-03 1.800259226e-03
-1.956444699e-03-5.684024189e-03-9.332927875e-03-1.285451651e-02-1.620209776e-02
-1.933151297e-02-2.220128849e-02-2.477238327e-02-2.700763009e-02-2.887095883e-02
-3.032648563e-02-3.133756667e-02-3.186585009e-02-3.187042102e-02-3.130703792e-02
-3.012752347e-02-2.827934548e-02-2.570539899e-02-2.234406583e-02-1.812959462e-02
-1.299289986e-02-6.863001734e-03 3.304246347e-04 8.652305230e-03 1.815300249e-02
 2.885050140e-02 3.982895613e-02 5.108276755e-02 6.263060123e-02 7.450149953e-02
 8.672187477e-02 9.934834391e-02 1.124781817e-01 1.262002438e-01 1.406211704e-01
 1.558772922e-01 1.722627282e-01 1.901227981e-01 2.096221894e-01 2.312610000e-01
 2.558080852e-01 2.844721079e-01 3.192139566e-01 3.628944755e-01 3.967100382e-01
 4.148214459e-01 4.089580476e-01 3.797279298e-01 3.501571715e-01 3.281733394e-01
 1.789813832e-04 3.375872504e-03 1.057318784e-02 2.174581587e-02 3.013881668e-02
 2.925111353e-02 2.720359713e-02 2.479854599e-02 2.203520946e-02 1.891219802e-02
 1.557576749e-02 1.205137465e-02 8.371319622e-03 4.574404564e-03 7.047954714e-04
-3.189586336e-03-7.058877032e-03-1.085302141e-02-1.452324633e-02-1.802313142e-02
-2.130918205e-02-2.434094809e-02-2.708070353e-02-2.949282899e-02-3.154295683e-02
-3.319700062e-02-3.442012519e-02-3.517577425e-02-3.542473167e-02-3.512431309e-02
-3.422768041e-02-3.268335760e-02-3.043490089e-02-2.742084488e-02-2.357489988e-02
-1.882650144e-02-1.310183946e-02-6.325757131e-03 1.574511407e-03 1.066148467e-02
 2.097032405e-02 3.247170523e-02 4.414741695e-02 5.606918782e-02 6.828776002e-02
 8.084334433e-02 9.378694743e-02 1.071943939e-01 1.211466864e-01 1.357393712e-01
 1.510941684e-01 1.674717516e-01 1.851566434e-01 2.042486370e-01 2.250953019e-01
 2.481953651e-01 2.742497623e-01 3.043084741e-01 3.405399621e-01 3.684269786e-01
 3.871056736e-01 3.826125264e-01 3.596719503e-01 3.375452161e-01 3.202048540e-01
 1.784951892e-04 3.366709454e-03 1.054450870e-02 2.170084231e-02 3.006411716e-02
 2.909853309e-02 2.698402852e-02 2.450146712e-02 2.165382169e-02 1.844938658e-02
 1.502665132e-02 1.140889991e-02 7.628371939e-03 3.724693088e-03-2.568622876e-04
-4.267301876e-03-8.255913854e-03-1.217212901e-02-1.596705616e-02-1.959455945e-02
-2.301181667e-02-2.617938258e-02-2.906082571e-02-3.162203729e-02-3.383031115e-02
-3.565333039e-02-3.705808893e-02-3.800985590e-02-3.847121075e-02-3.840117902e-02
-3.775448725e-02-3.648098931e-02-3.452523053e-02-3.182622790e-02-2.831741609e-02
-2.392678708e-02-1.857713796e-02-1.218642015e-02-4.668115173e-03 4.068261012e-03
 1.411635615e-02 2.557195164e-02 3.736095876e-02 4.943748564e-02 6.179999560e-02
 7.446759194e-02 8.747214079e-02 1.008557528e-01 1.146697477e-01 1.289767623e-01
 1.438643187e-01 1.594808847e-01 1.759407520e-01 1.932479590e-01 2.114276886e-01
 2.304665148e-01 2.501845956e-01 2.699978948e-01 2.884983122e-01 3.033497334e-01
 3.125146329e-01 3.152787089e-01 3.124106228e-01 3.060331345e-01 2.983169854e-01
 1.780580642e-04 3.358420683e-03 1.051840466e-02 2.166515775e-02 2.997079492e-02
 2.895410359e-02 2.677290700e-02 2.420396544e-02 2.123934217e-02 1.800444163e-02
 1.452773251e-02 1.084086020e-02 6.980842911e-03 2.990329638e-03-1.083318144e-03
-5.189624615e-03-9.276878089e-03-1.329395548e-02-1.719183847e-02-2.092466690e-02
-2.445026115e-02-2.773013152e-02-3.072905913e-02-3.341435269e-02-3.575487435e-02
-3.771998361e-02-3.927842155e-02-4.039725661e-02-4.104087502e-02-4.117009416e-02
-4.074138030e-02-3.970621899e-02-3.801063448e-02-3.559488058e-02-3.239335492e-02
-2.833470143e-02-2.334218845e-02-1.733447984e-02-1.022721548e-02-1.936702291e-03
 7.610972971e-03 1.845736988e-02 3.055729158e-02 4.279687628e-02 5.522741005e-02
 6.787792593e-02 8.077066392e-02 9.392630309e-02 1.073645353e-01 1.210996732e-01
 1.351108849e-01 1.495047361e-01 1.646164060e-01 1.798924208e-01 1.953266263e-01
 2.107406855e-01 2.258161157e-01 2.400606722e-01 2.528129518e-01 2.633484006e-01
 2.710874975e-01 2.757984698e-01 2.776767612e-01 2.772599161e-01 2.752219737e-01
 1.776850695e-04 3.351373132e-03 1.049619634e-02 2.158156410e-02 2.988039330e-02
 2.883188426e-02 2.660241909e-02 2.397674695e-02 2.095009014e-02 1.765777357e-02
 1.412145421e-02 1.037054230e-02 6.441813428e-03 2.378494479e-03-1.771220006e-03
-5.956056528e-03-1.012370083e-02-1.422270667e-02-1.820405573e-02-2.202220820e-02
-2.563560568e-02-2.900665067e-02-3.210122883e-02-3.488793224e-02-3.733705357e-02
-3.941947967e-02-4.110556841e-02-4.236407578e-02-4.316113889e-02-4.345935583e-02
-4.321701452e-02-4.238742962e-02-4.091843218e-02-3.875204176e-02-3.582432494e-02
-3.206548467e-02-2.740010805e-02-2.174766921e-02-1.502315607e-02-7.138011977e-03
 1.998380758e-03 1.247622073e-02 2.438201010e-02 3.655603155e-02 4.892414063e-02
 6.145789474e-02 7.414655387e-02 8.698479831e-02 9.996698052e-02 1.130858958e-01
 1.263436079e-01 1.397724301e-01 1.533421874e-01 1.668993682e-01 1.802801490e-01
 1.933009326e-01 2.057298124e-01 2.172855586e-01 2.276596874e-01 2.365608662e-01
 2.437719107e-01 2.491991669e-01 2.528925836e-01 2.550278008e-01 2.558590174e-01
 1.773913100e-04 3.345862497e-03 1.047904696e-02 2.160649747e-02 2.981708944e-02
 2.874952927e-02 2.647643909e-02 2.380676940e-02 2.073355950e-02 1.739229634e-02
 1.380440407e-02 9.999112226e-03 6.013306789e-03 1.890567481e-03-2.320439322e-03
-6.567984354e-03-1.079942100e-02-1.496317051e-02-1.901031472e-02-2.289566211e-02
-2.657824010e-02-3.002124093e-02-3.319152445e-02-3.605879471e-02-3.859457746e-02
-4.077110067e-02-4.256015271e-02-4.393199831e-02-4.485436156e-02-4.529153183e-02
-4.520355910e-02-4.454560950e-02-4.326746240e-02-4.131316021e-02-3.862091899e-02
-3.512323648e-02-3.074730001e-02-2.541574091e-02-1.904791594e-02-1.156225428e-02
-2.881166758e-03 7.057745010e-03 1.827549376e-02 3.069148585e-02 4.310638085e-02
 5.555577576e-02 6.804908067e-02 8.058081567e-02 9.313455969e-02 1.056816354e-01
 1.181701571e-01 1.306804866e-01 1.433032602e-01 1.556720734e-01 1.676953733e-01
 1.792508960e-01 1.901915520e-01 2.003571242e-01 2.095883489e-01 2.177451402e-01
 2.247257680e-01 2.304821312e-01 2.350261658e-01 2.384256124e-01 2.407906204e-01
 1.771710376e-04 3.341715084e-03 1.046600379e-02 2.152810246e-02 2.977288887e-02
 2.867358364e-02 2.638014406e-02 2.368164249e-02 2.057512477e-02 1.719706133e-02
 1.356955338e-02 9.722280316e-03 5.692534614e-03 1.524306834e-03-2.733344445e-03
-7.028365508e-03-1.130790263e-02-1.552033145e-02-1.961686835e-02-2.355264500e-02
-2.728718705e-02-3.078434430e-02-3.401176631e-02-3.694006801e-02-3.954178095e-02
-4.179022089e-02-4.365836084e-02-4.511772096e-02-4.613738507e-02-4.668309540e-02
-4.671646655e-02-4.619434848e-02-4.506832734e-02-4.328437895e-02-4.078276828e-02
-3.749811649e-02-3.335977346e-02-2.829236351e-02-2.221663296e-02-1.505064499e-02
-6.711864844e-03 2.878499217e-03 1.378570870e-02 2.604011074e-02 3.832418472e-02
 5.062505603e-02 6.292220205e-02 7.519061863e-02 8.740083128e-02 9.951825440e-02
 1.115102097e-01 1.234245375e-01 1.352607012e-01 1.468128711e-01 1.579715014e-01
 1.686435491e-01 1.787316501e-01 1.881376356e-01 1.967693418e-01 2.045484334e-01
 2.114181668e-01 2.173490971e-01 2.223417312e-01 2.264253944e-01 2.296537757e-01
 1.770258968e-04 3.338989103e-03 1.045751758e-02 2.151546814e-02 2.974137291e-02
 2.862996049e-02 2.631841227e-02 2.359929867e-02 2.046997473e-02 1.706682891e-02
 1.341221947e-02 9.536140598e-03 5.476213060e-03 1.276755007e-03-3.012883011e-03
-7.340420503e-03-1.165287569e-02-1.589861140e-02-2.002896182e-02-2.399931289e-02
-2.776955999e-02-3.130403534e-02-3.457096964e-02-3.754163161e-02-4.018929601e-02
-4.248808324e-02-4.441182688e-02-4.593300819e-02-4.702173173e-02-4.764486849e-02
-4.776526988e-02-4.734114185e-02-4.632556811e-02-4.466617107e-02-4.230500758e-02
-3.917865828e-02-3.521852940e-02-3.035131842e-02-2.449956164e-02-1.758211665e-02
-9.514571168e-03-2.098853438e-04 1.041965280e-02 2.245654911e-02 3.463825956e-02
 4.685077816e-02 5.902968347e-02 7.113049179e-02 8.311504871e-02 9.494648874e-02
 1.065982431e-01 1.181086898e-01 1.294679195e-01 1.405139565e-01 1.511491984e-01
 1.613019705e-01 1.709034890e-01 1.798875928e-01 1.881939918e-01 1.957722306e-01
 2.025853395e-01 2.086125463e-01 2.138505876e-01 2.183135003e-01 2.220308632e-01
 1.769504597e-04 3.337576287e-03 1.045315899e-02 2.154114470e-02 2.970644273e-02
 2.861089446e-02 2.628740482e-02 2.355666645e-02 2.041514032e-02 1.699867845e-02
 1.332964376e-02 9.438152425e-03 5.361997057e-03 1.145668561e-03-3.161326051e-03
-7.506589871e-03-1.183707826e-02-1.610115729e-02-2.025024407e-02-2.423986793e-02
-2.803014591e-02-3.158568963e-02-3.487506509e-02-3.786993027e-02-4.054398835e-02
-4.287182912e-02-4.482781515e-02-4.638499767e-02-4.751412570e-02-4.818276688e-02
-4.835456610e-02-4.798863828e-02-4.703907669e-02-4.545469210e-02-4.317894578e-02
-4.015011340e-02-3.630178049e-02-3.156360984e-02-2.586249821e-02-1.912427880e-02
-1.127660275e-02-2.254716121e-03 7.985568605e-03 1.943815872e-02 3.198030218e-02
 4.435006157e-02 5.656835064e-02 6.863120943e-02 8.051931113e-02 9.219896048e-02
 1.036034375e-01 1.148183793e-01 1.260423213e-01 1.368290782e-01 1.471806616e-01
 1.570539773e-01 1.663978547e-01 1.751619428e-01 1.833005399e-01 1.907754838e-01
 1.975584030e-01 2.036323994e-01 2.089928985e-01 2.136476636e-01 2.176160365e-01
 1.769392984e-04 3.337356495e-03 1.045237295e-02 2.149109356e-02 2.969153598e-02
 2.860232629e-02 2.628127672e-02 2.355117351e-02 2.040904947e-02 1.699136384e-02
 1.332071144e-02 9.427290410e-03 5.348920822e-03 1.130106393e-03-3.179640975e-03
-7.527924143e-03-1.186170429e-02-1.612936519e-02-2.028234489e-02-2.427621186e-02
-2.807113156e-02-3.163177520e-02-3.492679074e-02-3.792792186e-02-4.060897231e-02
-4.294465855e-02-4.490948841e-02-4.647666588e-02-4.761712626e-02-4.829865694e-02
-4.848515987e-02-4.813604057e-02-4.720575362e-02-4.564354196e-02-4.339339584e-02
-4.039426520e-02-3.658062220e-02-3.188331798e-02-2.623087540e-02-1.955129020e-02
-1.177472528e-02-2.838055836e-03 7.306772284e-03 1.867726445e-02 3.123421781e-02
 4.363058880e-02 5.586491898e-02 6.792985648e-02 7.981006056e-02 9.148424119e-02
 1.029350907e-01 1.141639352e-01 1.251423508e-01 1.357846707e-01 1.460177749e-01
 1.557851136e-01 1.650353074e-01 1.737207621e-01 1.817990988e-01 1.892351359e-01
 1.960026324e-01 2.020855546e-01 2.074788660e-01 2.121885121e-01 2.162308246e-01
 1.770000381e-04 3.338507609e-03 1.045602281e-02 2.154684626e-02 2.971558273e-02
 2.862468176e-02 2.630873956e-02 2.358608879e-02 2.045309730e-02 1.704566181e-02
 1.338601578e-02 9.504105896e-03 5.437544081e-03 1.230648719e-03-3.067227546e-03
-7.403810043e-03-1.172613818e-02-1.598261856e-02-2.012466267e-02-2.410775982e-02
-2.789195068e-02-3.144175187e-02-3.472561389e-02-3.771507740e-02-4.038371146e-02
-4.270599782e-02-4.465617985e-02-4.620720074e-02-4.732970893e-02-4.799119383e-02
-4.815522954e-02-4.778086394e-02-4.682216421e-02-4.522791505e-02-4.294158518e-02
-3.990147635e-02-3.604121506e-02-3.129051626e-02-2.557632141e-02-1.882449910e-02
-1.096270327e-02-1.926206402e-03 8.329064585e-03 1.979661174e-02 3.235266358e-02
 4.474013671e-02 5.698154494e-02 6.907562912e-02 8.100784570e-02 9.275469184e-02
 1.042825282e-01 1.155754179e-01 1.266266406e-01 1.373220682e-01 1.476119459e-01
 1.574389488e-01 1.667462140e-01 1.754803956e-01 1.835940033e-01 1.910476536e-01
 1.978121847e-01 2.038700730e-01 2.092163414e-01 2.138584256e-01 2.178153843e-01
 1.771318930e-04 3.340985626e-03 1.046372019e-02 2.152809873e-02 2.976259030e-02
 2.866220102e-02 2.636429481e-02 2.366073988e-02 2.054833993e-02 1.716325991e-02
 1.352747530e-02 9.670609608e-03 5.629926920e-03 1.449408941e-03-2.821891103e-03
-7.131934166e-03-1.142790634e-02-1.565825567e-02-1.977431960e-02-2.373140305e-02
-2.748926170e-02-3.101203777e-02-3.426773846e-02-3.722739592e-02-3.986402974e-02
-4.215152562e-02-4.406348616e-02-4.557217285e-02-4.664750025e-02-4.725616053e-02
-4.736086726e-02-4.691971466e-02-4.588570818e-02-4.420645162e-02-4.182403162e-02
-3.867510706e-02-3.469122574e-02-2.979925089e-02-2.392190695e-02-1.697824337e-02
-8.884065785e-03 4.472923174e-04 1.110266708e-02 2.316244133e-02 3.536925092e-02
 4.761141539e-02 5.982706696e-02 7.197466493e-02 8.401927352e-02 9.592600912e-02
 1.076582596e-01 1.191841513e-01 1.304580271e-01 1.414044499e-01 1.519524902e-01
 1.620317698e-01 1.715713739e-01 1.805029213e-01 1.887642294e-01 1.963033676e-01
 2.030822486e-01 2.090792060e-01 2.142902613e-01 2.187289298e-01 2.224243730e-01
 1.773411350e-04 3.344917204e-03 1.047598105e-02 2.154850587e-02 2.980730496e-02
 2.872567438e-02 2.645345777e-02 2.377897501e-02 2.069844119e-02 1.734786294e-02
 1.374877337e-02 9.930393659e-03 5.929580890e-03 1.789893024e-03-2.440023702e-03
-6.708471570e-03-1.096286345e-02-1.515172049e-02-1.922628842e-02-2.314160578e-02
-2.685700171e-02-3.033605777e-02-3.354609758e-02-3.645738214e-02-3.904207423e-02
-4.127312824e-02-4.312316328e-02-4.456337914e-02-4.556255043e-02-4.608615488e-02
-4.609559104e-02-4.554754123e-02-4.439348355e-02-4.257937893e-02-4.004557803e-02
-3.672689572e-02-3.255299479e-02-2.744890936e-02-2.133587934e-02-1.413251832e-02
-5.756929051e-03 3.868737258e-03 1.480791345e-02 2.708693407e-02 3.939789534e-02
 5.173021927e-02 6.406592578e-02 7.638283819e-02 8.865445107e-02 1.008487046e-01
 1.129274592e-01 1.248569414e-01 1.365864575e-01 1.480235457e-01 1.590807140e-01
 1.696646810e-01 1.796762794e-01 1.890155375e-01 1.975886524e-01 2.053159624e-01
 2.121395916e-01 2.180291861e-01 2.229845375e-01 2.270343602e-01 2.302318811e-01
 1.776332501e-04 3.350417130e-03 1.049324963e-02 2.163550444e-02 2.986550704e-02
 2.882203832e-02 2.658130787e-02 2.394646592e-02 2.090989426e-02 1.760589518e-02
 1.405572239e-02 1.028858125e-02 6.341125816e-03 2.256507520e-03-1.917136251e-03
-6.128591951e-03-1.032563113e-02-1.445693988e-02-1.847369596e-02-2.233063616e-02
-2.598656714e-02-2.940434776e-02-3.255042061e-02-3.539403155e-02-3.790621832e-02
-4.005872086e-02-4.182286188e-02-4.316844791e-02-4.406280071e-02-4.446982965e-02
-4.434927553e-02-4.365606606e-02-4.233981669e-02-4.034456611e-02-3.760866821e-02
-3.406497464e-02-2.964126319e-02-2.426102571e-02-1.784472913e-02-1.031214092e-02
-1.587234670e-03 8.390453644e-03 1.963902265e-02 3.207257390e-02 4.450680688e-02
 5.697923526e-02 6.950163841e-02 8.207131177e-02 9.467545152e-02 1.072917581e-01
 1.198856831e-01 1.324314326e-01 1.448890269e-01 1.571293622e-01 1.690458953e-01
 1.805084795e-01 1.913669109e-01 2.014591396e-01 2.106245607e-01 2.187220007e-01
 2.256488204e-01 2.313561589e-01 2.358553708e-01 2.392136455e-01 2.415406853e-01
 1.780051243e-04 3.357429989e-03 1.051519066e-02 2.162076719e-02 2.994724177e-02
 2.893408388e-02 2.674759179e-02 2.417127416e-02 2.119657770e-02 1.794883795e-02
 1.445642300e-02 1.075082738e-02 6.868919823e-03 2.853224752e-03-1.249000547e-03
-5.387383047e-03-9.510333650e-03-1.356689166e-02-1.750827208e-02-2.128892206e-02
-2.486707084e-02-2.820473723e-02-3.126732260e-02-3.402284533e-02-3.644100577e-02
-3.849207610e-02-4.014582932e-02-4.137044400e-02-4.213152081e-02-4.239116609e-02
-4.210723937e-02-4.123268276e-02-3.971507400e-02-3.749633580e-02-3.451265395e-02
-3.069467470e-02-2.596789412e-02-2.025329508e-02-1.346817520e-02-5.527195521e-03
 3.656114452e-03 1.416698098e-02 2.608561888e-02 3.826592863e-02 5.063810572e-02
 6.317708641e-02 7.587476820e-02 8.872794360e-02 1.017324403e-01 1.148805693e-01
 1.281632930e-01 1.415731162e-01 1.550639719e-01 1.685240865e-01 1.818109751e-01
 1.947446913e-01 2.070933878e-01 2.185753137e-01 2.288814485e-01 2.377198935e-01
 2.448729426e-01 2.502464652e-01 2.538900077e-01 2.559787929e-01 2.567667365e-01
 1.784535998e-04 3.365940880e-03 1.054202486e-02 2.171400748e-02 3.005442210e-02
 2.908371575e-02 2.696275152e-02 2.447194420e-02 2.161360160e-02 1.839558594e-02
 1.495597977e-02 1.131776161e-02 7.512906101e-03 3.580811201e-03-4.334386322e-04
-4.481022246e-03-8.511403576e-03-1.247421838e-02-1.632083580e-02-2.000545897e-02
-2.348569781e-02-2.672265097e-02-2.968053520e-02-3.232599795e-02-3.462719917e-02
-3.655277565e-02-3.807076439e-02-3.914754838e-02-3.974685818e-02-3.982889280e-02
-3.934954852e-02-3.825976327e-02-3.650508821e-02-3.402539715e-02-3.075488098e-02
-2.662230656e-02-2.155168727e-02-1.546356734e-02-8.277435787e-03 8.342297951e-05
 9.681919590e-03 2.054644749e-02 3.262969479e-02 4.484548792e-02 5.725055560e-02
 6.987750530e-02 8.275060356e-02 9.589137882e-02 1.093193069e-01 1.230477914e-01
 1.370594949e-01 1.514381617e-01 1.664517522e-01 1.816456616e-01 1.969992667e-01
 2.123348862e-01 2.273351699e-01 2.415084243e-01 2.541933954e-01 2.646653950e-01
 2.723447382e-01 2.769993842e-01 2.788245678e-01 2.783576846e-01 2.762725949e-01
 1.789625385e-04 3.375543281e-03 1.057213638e-02 2.175758965e-02 3.016017191e-02
 2.924445644e-02 2.719059773e-02 2.477730438e-02 2.200355195e-02 1.886718534e-02
 1.551376842e-02 1.196822990e-02 8.262418211e-03 4.434754606e-03 5.290856934e-04
-3.406940727e-03-7.323711645e-03-1.117142849e-02-1.490161382e-02-1.846820489e-02
-2.182815783e-02-2.494156547e-02-2.777136862e-02-3.028271347e-02-3.244210780e-02
-3.421642631e-02-3.557186946e-02-3.647296131e-02-3.688155487e-02-3.675599396e-02
-3.605032712e-02-3.471370786e-02-3.268991783e-02-2.991708927e-02-2.632760629e-02
-2.184823900e-02-1.640060171e-02-9.902190417e-03-2.268799813e-03 6.579650100e-03
 1.670485735e-02 2.811605483e-02 3.982996568e-02 5.182930455e-02 6.412185729e-02
 7.672863454e-02 8.968119323e-02 1.030209735e-01 1.167982817e-01 1.310737282e-01
 1.459295750e-01 1.614992917e-01 1.778904498e-01 1.951217502e-01 2.132254988e-01
 2.321901619e-01 2.518366575e-01 2.715813220e-01 2.900161147e-01 3.048047423e-01
 3.139095008e-01 3.166158795e-01 3.136925399e-01 3.072623312e-01 2.994960248e-01
 1.795253193e-04 3.386129159e-03 1.060521882e-02 2.181147225e-02 3.024953790e-02
 2.941758931e-02 2.743546851e-02 2.510416321e-02 2.242110111e-02 1.938279718e-02
 1.613535360e-02 1.270328555e-02 9.117695503e-03 5.415975116e-03 1.640816568e-03
-2.161237644e-03-5.941472016e-03-9.650656953e-03-1.324048452e-02-1.666463539e-02
-1.987939700e-02-2.284383215e-02-2.551954985e-02-2.787013911e-02-2.986038662e-02
-3.145536408e-02-3.261943534e-02-3.331531212e-02-3.350310773e-02-3.313955292e-02
-3.217724711e-02-3.056412190e-02-2.824300155e-02-2.515131608e-02-2.122097090e-02
-1.637828909e-02-1.054397691e-02-3.633017186e-03 4.445713945e-03 1.379051059e-02
 2.450972050e-02 3.559374437e-02 4.701330513e-02 5.876565725e-02 7.086448371e-02
 8.332493901e-02 9.618545324e-02 1.095243841e-01 1.234212443e-01 1.379690021e-01
 1.532870978e-01 1.696145684e-01 1.872192323e-01 2.062322497e-01 2.270035297e-01
 2.500313520e-01 2.760165930e-01 3.060092926e-01 3.421781957e-01 3.700044453e-01
 3.886241019e-01 3.840721548e-01 3.610734046e-01 3.388910890e-01 3.214980960e-01
 1.801464532e-04 3.397825873e-03 1.064189337e-02 2.195672132e-02 3.036225960e-02
 2.961809374e-02 2.770784311e-02 2.546506748e-02 2.288278937e-02 1.995600015e-02
 1.683055051e-02 1.352980547e-02 1.008374989e-02 6.528582424e-03 2.905762056e-03
-7.393362466e-04-4.358968232e-03-7.904559374e-03-1.132806111e-02-1.458297297e-02
-1.762497798e-02-2.041214518e-02-2.290477045e-02-2.506489493e-02-2.685560472e-02
-2.824019641e-02-2.918128483e-02-2.963991463e-02-2.957472578e-02-2.894122526e-02
-2.769118175e-02-2.577217668e-02-2.312733047e-02-1.969525218e-02-1.541023515e-02
-1.020290144e-02-4.001644906e-03 3.264106344e-03 1.165669505e-02 2.121494338e-02
 3.192177787e-02 4.281209037e-02 5.395635590e-02 6.540212780e-02 7.718471438e-02
 8.931779861e-02 1.018553749e-01 1.149112061e-01 1.285729855e-01 1.429448724e-01
 1.581619680e-01 1.744963229e-01 1.922744513e-01 2.116957009e-01 2.332610190e-01
 2.577381730e-01 2.863353789e-01 3.210135698e-01 3.646337092e-01 3.983901441e-01
 4.164430499e-01 4.105208516e-01 3.812316656e-01 3.516040146e-01 3.295661807e-01
 1.808245142e-04 3.410585457e-03 1.068178006e-02 2.196549810e-02 3.050035238e-02
 2.982258610e-02 2.800552174e-02 2.586543187e-02 2.339797467e-02 2.059737965e-02
 1.760889590e-02 1.445531100e-02 1.116606686e-02 7.776510902e-03 4.327000584e-03
 8.617285057e-04-2.572634490e-03-5.928318948e-03-9.157697670e-03-1.221425831e-02
-1.505322009e-02-1.763178594e-02-1.990904287e-02-2.184556983e-02-2.340284549e-02
-2.454250492e-02-2.522555925e-02-2.541160956e-02-2.505813166e-02-2.411986142e-02
-2.254832722e-02-2.029156499e-02-1.729400642e-02-1.349662989e-02-8.837318979e-03
-3.251604270e-03 3.325909143e-03 1.095812488e-02 1.969606616e-02 2.956242114e-02
 3.969802335e-02 5.009472743e-02 6.076224521e-02 7.171832770e-02 8.297413588e-02
 9.452810138e-02 1.065011397e-01 1.189651936e-01 1.319940090e-01 1.456789076e-01
 1.601425111e-01 1.755710989e-01 1.921653897e-01 2.101095617e-01 2.296849340e-01
 2.512780130e-01 2.753786743e-01 3.025547564e-01 3.330855370e-01 3.569316268e-01
 3.692311049e-01 3.673654795e-01 3.514877558e-01 3.327833712e-01 3.169148862e-01
 1.815620053e-04 3.424496856e-03 1.072546560e-02 2.208322473e-02 3.067081422e-02
 3.005810268e-02 2.833896689e-02 2.631441690e-02 2.397920564e-02 2.132368647e-02
 1.848316565e-02 1.548752934e-02 1.236824039e-02 9.160499088e-03 5.903605837e-03
 2.640391467e-03-5.837983335e-04-3.722270951e-03-6.728094071e-03-9.554996155e-03
-1.215797383e-02-1.449357346e-02-1.651986130e-02-1.819613203e-02-1.948241703e-02
-2.033887990e-02-2.072513849e-02-2.059962414e-02-1.991898939e-02-1.863764226e-02
-1.670744084e-02-1.407760475e-02-1.069491822e-02-6.504282821e-03-1.449681120e-03
 4.524638876e-03 1.147408132e-02 1.945835911e-02 2.851834334e-02 3.784842417e-02
 4.744967446e-02 5.731869861e-02 6.743679941e-02 7.776794583e-02 8.825068921e-02
 9.903813899e-02 1.102059856e-01 1.217948049e-01 1.338492781e-01 1.464197189e-01
 1.595553458e-01 1.733440757e-01 1.879473776e-01 2.032700330e-01 2.193518430e-01
 2.361246049e-01 2.533358335e-01 2.703632116e-01 2.859663665e-01 2.983476222e-01
 3.059509099e-01 3.082019091e-01 3.057035506e-01 3.000311852e-01 2.928734422e-01
 1.823426137e-04 3.439249471e-03 1.077190787e-02 2.217657305e-02 3.083935007e-02
 3.031377308e-02 2.870352380e-02 2.681333758e-02 2.464295365e-02 2.219364606e-02
 1.947272569e-02 1.662932150e-02 1.368588954e-02 1.067285333e-02 7.626428735e-03
 4.587108269e-03 1.598346978e-03-1.294646063e-03-4.045979120e-03-6.609941833e-03
-8.941603824e-03-1.099713333e-02-1.273383945e-02-1.410997845e-02-1.508438680e-02
-1.561600249e-02-1.566334628e-02-1.518400479e-02-1.413419191e-02-1.246840879e-02
-1.013925485e-02-7.097489666e-03-3.292529611e-03 1.326049562e-03 6.804793607e-03
 1.317630708e-02 2.043946460e-02 2.869680338e-02 3.721391782e-02 4.600324109e-02
 5.507148430e-02 6.442682445e-02 7.415262610e-02 8.363143355e-02 9.309143573e-02
 1.029632092e-01 1.131752878e-01 1.237212643e-01 1.346070766e-01 1.458420306e-01
 1.574368030e-01 1.694038361e-01 1.817259640e-01 1.943287253e-01 2.070923299e-01
 2.198234499e-01 2.322170138e-01 2.438309938e-01 2.541020811e-01 2.624364197e-01
 2.683678269e-01 2.717079818e-01 2.726066113e-01 2.714885771e-01 2.689032555e-01
 1.831347472e-04 3.454206977e-03 1.081898063e-02 2.225060016e-02 3.099674918e-02
 3.056976199e-02 2.907446586e-02 2.732093818e-02 2.530886233e-02 2.303604595e-02
 2.049595304e-02 1.783570088e-02 1.508897170e-02 1.228965167e-02 9.474168532e-03
 6.681916770e-03 3.954829648e-03 1.336618559e-03-1.128049218e-03-3.394286148e-03
-5.417533219e-03-7.153888233e-03-8.560209535e-03-9.594022296e-03-1.021328103e-02
-1.037603430e-02-1.004007086e-02-9.162584320e-03-7.699909154e-03-5.607312080e-03
-2.838783665e-03 6.532859989e-04 4.918964580e-03 1.001220476e-02 1.599898748e-02
 2.294754609e-02 3.018488176e-02 3.779025003e-02 4.571668059e-02 5.394186825e-02
 6.245703250e-02 7.130458206e-02 8.027225733e-02 8.862347156e-02 9.740670770e-02
 1.064362228e-01 1.156950518e-01 1.251722127e-01 1.348551065e-01 1.447268426e-01
 1.547608823e-01 1.649511904e-01 1.752741933e-01 1.855856776e-01 1.957683265e-01
 2.056623101e-01 2.150612622e-01 2.237195224e-01 2.313733846e-01 2.377780080e-01
 2.427527159e-01 2.462193370e-01 2.482178658e-01 2.488929629e-01 2.484578490e-01
 1.838950702e-04 3.468602197e-03 1.086464617e-02 2.242408320e-02 3.117025457e-02
 3.083055839e-02 2.944562212e-02 2.782948129e-02 2.598437853e-02 2.391317673e-02
 2.162042074e-02 1.911607012e-02 1.656378247e-02 1.398813445e-02 1.142064109e-02
 8.897472173e-03 6.458074320e-03 4.144127015e-03 1.998688094e-03 6.548551755e-05
-1.611620886e-03-2.988990163e-03-4.023369402e-03-4.671900067e-03-4.892001394e-03
-4.641190637e-03-3.876903327e-03-2.556411084e-03-6.369869807e-04 1.923698583e-03
 5.167006515e-03 9.131798521e-03 1.385547500e-02 1.935072057e-02 2.572463080e-02
 3.235013410e-02 3.924258053e-02 4.641117528e-02 5.385080725e-02 6.155929342e-02
 6.956775486e-02 7.800710201e-02 8.554865420e-02 9.346888214e-02 1.015601158e-01
 1.097913235e-01 1.181450263e-01 1.266031563e-01 1.351453513e-01 1.437471360e-01
 1.523789763e-01 1.610242277e-01 1.696425676e-01 1.781235188e-01 1.863681972e-01
 1.942653209e-01 2.016881406e-01 2.085008174e-01 2.145696580e-01 2.197780460e-01
 2.240420282e-01 2.273225486e-01 2.296307236e-01 2.310244888e-01 2.315980047e-01
 1.845351071e-04 3.480766900e-03 1.090363506e-02 2.243100293e-02 3.133852407e-02
 3.106439486e-02 2.978827059e-02 2.830287069e-02 2.661662363e-02 2.473325841e-02
 2.265330218e-02 2.037155256e-02 1.804902963e-02 1.572223939e-02 1.342608035e-02
 1.119662914e-02 9.071921930e-03 7.091877051e-03 5.297896452e-03 3.732373705e-03
 2.438239520e-03 1.458593761e-03 8.364720270e-04 6.147517124e-04 8.361794753e-04
 1.543445280e-03 2.779355738e-03 4.587064497e-03 7.009116001e-03 1.008589938e-02
 1.385702007e-02 1.834226213e-02 2.365312725e-02 2.924553119e-02 3.518876433e-02
 4.143599793e-02 4.795632511e-02 5.472469702e-02 6.171542406e-02 6.889584661e-02
 7.621561736e-02 8.360615373e-02 9.100900590e-02 9.843523800e-02 1.059015170e-01
 1.134008244e-01 1.209171116e-01 1.284315288e-01 1.359233260e-01 1.433697492e-01
 1.507501453e-01 1.580659449e-01 1.652798206e-01 1.722958833e-01 1.790416092e-01
 1.854472458e-01 1.914384812e-01 1.969396621e-01 2.018793821e-01 2.061971426e-01
 2.098496109e-01 2.128154039e-01 2.150973380e-01 2.167215794e-01 2.177340686e-01
 1.849104010e-04 3.488009330e-03 1.092770416e-02 2.250269428e-02 3.145780414e-02
 3.123896942e-02 3.006989695e-02 2.870228700e-02 2.716944925e-02 2.548072673e-02
 2.364192344e-02 2.165850624e-02 1.954063959e-02 1.746533625e-02 1.545586064e-02
 1.354197692e-02 1.175765321e-02 1.013985556e-02 8.727778681e-03 7.562233135e-03
 6.685087457e-03 6.138745695e-03 5.965721793e-03 6.208432838e-03 6.909274496e-03
 8.110179566e-03 9.852750227e-03 1.218356472e-02 1.514945645e-02 1.877971180e-02
 2.318585292e-02 2.789321169e-02 3.297185898e-02 3.838761523e-02 4.411789402e-02
 5.013145134e-02 5.639413372e-02 6.287229061e-02 6.953065097e-02 7.631409913e-02
 8.315918595e-02 9.006025642e-02 9.699244797e-02 1.039178222e-01 1.108071357e-01
 1.176354960e-01 1.243804246e-01 1.310220808e-01 1.375432312e-01 1.439271867e-01
 1.501527131e-01 1.563457251e-01 1.623690873e-01 1.681500077e-01 1.736574620e-01
 1.788552254e-01 1.837031543e-01 1.881604046e-01 1.921886504e-01 1.957554966e-01
 1.988375187e-01 2.014225721e-01 2.035109848e-01 2.051155120e-01 2.062601000e-01
 1.847922686e-04 3.486092202e-03 1.092405897e-02 2.251449414e-02 3.145235777e-02
 3.128586709e-02 3.018431924e-02 2.894076705e-02 2.755391598e-02 2.605777420e-02
 2.445532940e-02 2.274518646e-02 2.091814578e-02 1.914500445e-02 1.745862328e-02
 1.589130610e-02 1.447633374e-02 1.324893627e-02 1.224665809e-02 1.150925364e-02
 1.107818633e-02 1.099571958e-02 1.130374055e-02 1.204312220e-02 1.325705275e-02
 1.498526335e-02 1.724492013e-02 2.010443807e-02 2.368563600e-02 2.758465707e-02
 3.187324107e-02 3.653067350e-02 4.154657945e-02 4.690155387e-02 5.256881565e-02
 5.851014704e-02 6.466965377e-02 7.099737227e-02 7.740002126e-02 8.391153812e-02
 9.050082415e-02 9.711987525e-02 1.037146151e-01 1.102331579e-01 1.166287363e-01
 1.228611246e-01 1.288971901e-01 1.347130984e-01 1.403005272e-01 1.456607580e-01
 1.509474367e-01 1.560632139e-01 1.609490514e-01 1.655961424e-01 1.699936539e-01
 1.741261631e-01 1.779750437e-01 1.815200597e-01 1.847414523e-01 1.876218170e-01
 1.901480108e-01 1.923125833e-01 1.941146106e-01 1.955599934e-01 1.966611445e-01
 1.837763557e-04 3.467575880e-03 1.087072678e-02 2.238580398e-02 3.129810840e-02
 3.114190511e-02 3.006495908e-02 2.890220284e-02 2.766660042e-02 2.637654729e-02
 2.504186146e-02 2.366348542e-02 2.223964408e-02 2.076925151e-02 1.942275092e-02
 1.822634600e-02 1.720671915e-02 1.639411785e-02 1.582331583e-02 1.553369779e-02
 1.556873322e-02 1.597418264e-02 1.679271460e-02 1.804869436e-02 1.980933920e-02
 2.218952775e-02 2.487108111e-02 2.793997340e-02 3.143448755e-02 3.532987833e-02
 3.962035105e-02 4.429871589e-02 4.935651273e-02 5.478068069e-02 6.055022404e-02
 6.662406027e-02 7.302364707e-02 7.903144509e-02 8.535044640e-02 9.184373170e-02
 9.841115773e-02 1.049666181e-01 1.114268005e-01 1.177133620e-01 1.237568930e-01
 1.295024455e-01 1.349167824e-01 1.399183273e-01 1.445298791e-01 1.489898562e-01
 1.531966776e-01 1.571660936e-01 1.609126925e-01 1.644474864e-01 1.677761078e-01
 1.708985865e-01 1.738100946e-01 1.765023470e-01 1.789652407e-01 1.811885834e-01
 1.831635684e-01 1.848839819e-01 1.863470078e-01 1.875537336e-01 1.885091364e-01
 1.810853573e-04 3.418000881e-03 1.072407234e-02 2.217638493e-02 3.088827245e-02
 3.064290620e-02 2.953470126e-02 2.842510305e-02 2.733808011e-02 2.628217451e-02
 2.525573038e-02 2.425183356e-02 2.326385863e-02 2.228738368e-02 2.131867781e-02
 2.053751796e-02 1.995010301e-02 1.957715861e-02 1.944976486e-02 1.960846782e-02
 2.010542899e-02 2.101107128e-02 2.242983319e-02 2.411258593e-02 2.613647468e-02
 2.854226902e-02 3.132127598e-02 3.448339179e-02 3.803920373e-02 4.199325293e-02
 4.634956270e-02 5.111281574e-02 5.629077554e-02 6.189713255e-02 6.787528098e-02
 7.398979366e-02 8.019959182e-02 8.665774763e-02 9.334269166e-02 1.001786366e-01
 1.070684046e-01 1.138959974e-01 1.205336675e-01 1.268441677e-01 1.327585280e-01
 1.380733401e-01 1.427392811e-01 1.468898654e-01 1.505401433e-01 1.538158506e-01
 1.567890793e-01 1.595187485e-01 1.620539278e-01 1.644305587e-01 1.666711718e-01
 1.687866598e-01 1.707790345e-01 1.726441532e-01 1.743741781e-01 1.759596318e-01
 1.773909926e-01 1.786599457e-01 1.797602028e-01 1.806880087e-01 1.814423501e-01
 1.754012919e-04 3.312016604e-03 1.040243637e-02 2.149543725e-02 2.994996496e-02
 2.943464182e-02 2.821525000e-02 2.717575058e-02 2.631486394e-02 2.559258416e-02
 2.496756986e-02 2.441147715e-02 2.391188219e-02 2.347165346e-02 2.310983464e-02
 2.286743559e-02 2.277756855e-02 2.287171967e-02 2.318217792e-02 2.374258451e-02
 2.458712645e-02 2.574756369e-02 2.724526450e-02 2.907077968e-02 3.123451956e-02
 3.375042602e-02 3.662934899e-02 3.988264501e-02 4.352163896e-02 4.755694419e-02
 5.199876055e-02 5.685686320e-02 6.213976070e-02 6.784613431e-02 7.392235100e-02
 8.029302210e-02 8.699693531e-02 9.404569864e-02 1.014015675e-01 1.089938581e-01
 1.167080775e-01 1.243035048e-01 1.316015124e-01 1.382953376e-01 1.441174597e-01
 1.490415335e-01 1.529966295e-01 1.560569555e-01 1.583831012e-01 1.601762772e-01
 1.616264880e-01 1.628802568e-01 1.640351862e-01 1.651482880e-01 1.662472934e-01
 1.673404872e-01 1.684239805e-01 1.694868803e-01 1.705147475e-01 1.714920104e-01
 1.724034548e-01 1.732353717e-01 1.739760786e-01 1.746163517e-01 1.751495153e-01
 1.656910026e-04 3.126507392e-03 9.807164781e-03 2.024844103e-02 2.784376964e-02
 2.659173124e-02 2.522010356e-02 2.459495887e-02 2.434410341e-02 2.423661388e-02
 2.418501116e-02 2.416133694e-02 2.416459098e-02 2.420792542e-02 2.431376651e-02
 2.451098338e-02 2.483032458e-02 2.530288137e-02 2.595943399e-02 2.682988904e-02
 2.794243209e-02 2.932226099e-02 3.099003248e-02 3.296124190e-02 3.525109962e-02
 3.787490726e-02 4.084784910e-02 4.418533668e-02 4.790240899e-02 5.201364309e-02
 5.653595179e-02 6.148521975e-02 6.686799973e-02 7.270960510e-02 7.905998081e-02
 8.581978828e-02 9.307627380e-02 1.008863226e-01 1.092734411e-01 1.179695427e-01
 1.271363050e-01 1.364472955e-01 1.454328299e-01 1.534660012e-01 1.599875242e-01
 1.646880507e-01 1.675040871e-01 1.686386019e-01 1.686035395e-01 1.680158824e-01
 1.673022211e-01 1.666776240e-01 1.662290096e-01 1.659773290e-01 1.659116298e-01
 1.660065204e-01 1.662311107e-01 1.665536165e-01 1.669436097e-01 1.673732102e-01
 1.678176373e-01 1.682553887e-01 1.686682850e-01 1.690413207e-01 1.693625301e-01
 1.547715074e-04 2.913334640e-03 9.083583020e-03 1.855914295e-02 2.405498736e-02
 1.769036613e-02 1.865298115e-02 2.088266611e-02 2.195341140e-02 2.271360718e-02
 2.331076376e-02 2.381196432e-02 2.426428348e-02 2.470733970e-02 2.517751604e-02
 2.570966072e-02 2.633742243e-02 2.709317580e-02 2.800773270e-02 2.910996042e-02
 3.042649850e-02 3.198161349e-02 3.379688039e-02 3.589132056e-02 3.828368708e-02
 4.099256173e-02 4.403251037e-02 4.742582142e-02 5.120830610e-02 5.536013469e-02
 5.990261212e-02 6.491421908e-02 7.034698129e-02 7.625174522e-02 8.275353909e-02
 8.996440470e-02 9.771130234e-02 1.061141118e-01 1.154175252e-01 1.257207096e-01
 1.372152418e-01 1.501201242e-01 1.644947529e-01 1.762582511e-01 1.845854372e-01
 1.888543367e-01 1.902642697e-01 1.862556487e-01 1.805192679e-01 1.759069264e-01
 1.723210961e-01 1.695772558e-01 1.675111353e-01 1.659864038e-01 1.648920178e-01
 1.641377211e-01 1.636498868e-01 1.633679718e-01 1.632419527e-01 1.632301807e-01
 1.632979959e-01 1.634165049e-01 1.635617465e-01 1.637140065e-01 1.638572216e-01
 1.493214077e-04 2.807853743e-03 8.736542426e-03 1.776416972e-02 2.281690761e-02
 1.718727872e-02 1.715687290e-02 1.941248029e-02 2.090904117e-02 2.207263932e-02
 2.301731706e-02 2.381943911e-02 2.453933284e-02 2.522548847e-02 2.591915242e-02
 2.665805817e-02 2.747761831e-02 2.841155417e-02 2.949173748e-02 3.074644320e-02
 3.219895810e-02 3.387233242e-02 3.579498082e-02 3.797527403e-02 4.041169584e-02
 4.316587746e-02 4.622134194e-02 4.956348985e-02 5.333322659e-02 5.747287348e-02
 6.199191511e-02 6.695016474e-02 7.238259166e-02 7.831747830e-02 8.483379334e-02
 9.199195355e-02 9.987404943e-02 1.086156592e-01 1.184241995e-01 1.296009272e-01
 1.426037401e-01 1.581376791e-01 1.771256775e-01 1.919131726e-01 2.017226964e-01
 2.052663267e-01 2.064429075e-01 1.972663552e-01 1.867439598e-01 1.791276783e-01
 1.735809296e-01 1.694796830e-01 1.664156169e-01 1.641176492e-01 1.623984426e-01
 1.611232609e-01 1.601916254e-01 1.595264524e-01 1.590671092e-01 1.587650627e-01
 1.585809439e-01 1.584824920e-01 1.584431976e-01 1.584412456e-01 1.584586650e-01
 1.524513500e-04 2.868397860e-03 8.935905062e-03 1.825246401e-02 2.368132211e-02
 1.939479634e-02 1.871949062e-02 2.040697820e-02 2.172497474e-02 2.275242656e-02
 2.362469770e-02 2.441405877e-02 2.517041750e-02 2.591660991e-02 2.666997537e-02
 2.746939659e-02 2.835647762e-02 2.934774011e-02 3.049750999e-02 3.182879463e-02
 3.337086365e-02 3.505152091e-02 3.700713813e-02 3.920857981e-02 4.166071862e-02
 4.438311607e-02 4.741876200e-02 5.077552423e-02 5.447379872e-02 5.853680894e-02
 6.297056377e-02 6.780306995e-02 7.306977361e-02 7.881116122e-02 8.507837355e-02
 9.193576872e-02 9.946697205e-02 1.077851653e-01 1.170466766e-01 1.274714321e-01
 1.393817365e-01 1.533052474e-01 1.704425365e-01 1.836141944e-01 1.925101429e-01
 1.956178397e-01 1.974951029e-01 1.892322898e-01 1.801911145e-01 1.736810803e-01
 1.687533259e-01 1.649615616e-01 1.620242447e-01 1.597447097e-01 1.579790860e-01
 1.566190124e-01 1.555807590e-01 1.547983289e-01 1.542188078e-01 1.537991017e-01
 1.535037607e-01 1.533034146e-01 1.531735808e-01 1.530937850e-01 1.530470103e-01
 1.621999545e-04 3.059129464e-03 9.585640393e-03 1.974744909e-02 2.693440020e-02
 2.521503530e-02 2.393403836e-02 2.379561774e-02 2.405296080e-02 2.443488874e-02
 2.489049546e-02 2.541889809e-02 2.601256222e-02 2.662846819e-02 2.729993500e-02
 2.803867310e-02 2.889136970e-02 2.988309599e-02 3.103722818e-02 3.237015009e-02
 3.387545049e-02 3.560951352e-02 3.755429015e-02 3.973474354e-02 4.217272997e-02
 4.488049448e-02 4.787439108e-02 5.116563663e-02 5.476282910e-02 5.867707357e-02
 6.292293221e-02 6.751921773e-02 7.248920202e-02 7.786039263e-02 8.366462588e-02
 8.993818611e-02 9.672155231e-02 1.040575579e-01 1.119856164e-01 1.205262691e-01
 1.296423674e-01 1.391402036e-01 1.484503001e-01 1.565307677e-01 1.626137644e-01
 1.663395613e-01 1.676357538e-01 1.667080820e-01 1.643713415e-01 1.616377085e-01
 1.590240151e-01 1.567124128e-01 1.547452062e-01 1.531099826e-01 1.517740935e-01
 1.506991833e-01 1.498472542e-01 1.491830349e-01 1.486748755e-01 1.482947320e-01
 1.480180770e-01 1.478234679e-01 1.476923376e-01 1.476086080e-01 1.475584358e-01
 1.718564745e-04 3.245945554e-03 1.020374894e-02 2.111973055e-02 2.941825800e-02
 2.876053005e-02 2.757514641e-02 2.674736641e-02 2.626282349e-02 2.605811507e-02
 2.607780695e-02 2.628754824e-02 2.664980292e-02 2.710206620e-02 2.766744234e-02
 2.833774127e-02 2.914366499e-02 3.008803539e-02 3.120047785e-02 3.252008930e-02
 3.400907665e-02 3.566886857e-02 3.752624616e-02 3.962632269e-02 4.199197888e-02
 4.464115947e-02 4.758395255e-02 5.080275983e-02 5.427792668e-02 5.801269785e-02
 6.201818958e-02 6.630778313e-02 7.089540362e-02 7.579448074e-02 8.101675659e-02
 8.657038957e-02 9.245670587e-02 9.866473079e-02 1.051620767e-01 1.118805185e-01
 1.186956465e-01 1.254051924e-01 1.317240298e-01 1.373240799e-01 1.419153064e-01
 1.453161389e-01 1.474881321e-01 1.485443711e-01 1.487248093e-01 1.483233273e-01
 1.476023644e-01 1.467516869e-01 1.458909214e-01 1.450880170e-01 1.443771273e-01
 1.437715888e-01 1.432724148e-01 1.428736150e-01 1.425655186e-01 1.423367262e-01
 1.421753168e-01 1.420695633e-01 1.420083344e-01 1.419813186e-01 1.419791430e-01
 1.763632754e-04 3.331343411e-03 1.047188044e-02 2.170547843e-02 3.025936894e-02
 2.987652086e-02 2.879158035e-02 2.788469754e-02 2.720405534e-02 2.676327713e-02
 2.655545436e-02 2.656506561e-02 2.676907182e-02 2.713362500e-02 2.764148638e-02
 2.828566171e-02 2.907981537e-02 3.001356684e-02 3.109626472e-02 3.235724941e-02
 3.378892317e-02 3.532569483e-02 3.692688793e-02 3.898147121e-02 4.122614488e-02
 4.376565665e-02 4.673301056e-02 4.990892857e-02 5.324339494e-02 5.676509812e-02
 6.049156934e-02 6.443483382e-02 6.860268861e-02 7.299867272e-02 7.762112468e-02
 8.246154338e-02 8.750193566e-02 9.271125495e-02 9.804079682e-02 1.034192219e-01
 1.087486818e-01 1.139048189e-01 1.187442690e-01 1.231213585e-01 1.269111186e-01
 1.300313324e-01 1.324568540e-01 1.342220455e-01 1.354107112e-01 1.361359656e-01
 1.365174353e-01 1.366635114e-01 1.366622448e-01 1.365796626e-01 1.364621967e-01
 1.363406032e-01 1.362338811e-01 1.361526102e-01 1.361014545e-01 1.360811293e-01
 1.360897422e-01 1.361238062e-01 1.361789256e-01 1.362502724e-01 1.363328695e-01
 1.746277558e-04 3.300126642e-03 1.038425975e-02 2.149794810e-02 3.003869765e-02
 2.962204255e-02 2.850050107e-02 2.755555697e-02 2.683131956e-02 2.634330466e-02
 2.608827502e-02 2.605177648e-02 2.621118538e-02 2.657223307e-02 2.711234242e-02
 2.780868299e-02 2.865616605e-02 2.964889072e-02 3.078442439e-02 3.205502778e-02
 3.344884887e-02 3.493833914e-02 3.651011735e-02 3.845600411e-02 4.060038552e-02
 4.301883653e-02 4.582087696e-02 4.880654812e-02 5.191317201e-02 5.516523868e-02
 5.857616663e-02 6.215300411e-02 6.589765847e-02 6.980700046e-02 7.387232780e-02
 7.807837427e-02 8.240200579e-02 8.681069314e-02 9.126111120e-02 9.569829702e-02
 1.000560671e-01 1.042594314e-01 1.082296073e-01 1.118913144e-01 1.151813418e-01
 1.180564016e-01 1.204982549e-01 1.225149184e-01 1.241375282e-01 1.254139096e-01
 1.264006793e-01 1.271558404e-01 1.277332455e-01 1.281794459e-01 1.285324395e-01
 1.288218200e-01 1.290697604e-01 1.292921603e-01 1.294999123e-01 1.297000349e-01
 1.298966259e-01 1.300915927e-01 1.302853376e-01 1.304771751e-01 1.306657046e-01
 1.646055898e-04 3.116288455e-03 9.846435860e-03 2.055457234e-02 2.863952145e-02
 2.793780901e-02 2.670254558e-02 2.577297576e-02 2.513743564e-02 2.476954646e-02
 2.464259602e-02 2.473299205e-02 2.502171509e-02 2.549548633e-02 2.614101395e-02
 2.694488317e-02 2.789627761e-02 2.898648195e-02 3.020736203e-02 3.154844418e-02
 3.300306946e-02 3.457059711e-02 3.627280518e-02 3.815199062e-02 4.022127762e-02
 4.249259457e-02 4.497092590e-02 4.762613401e-02 5.042578653e-02 5.336347967e-02
 5.643814802e-02 5.964798108e-02 6.298858672e-02 6.645208597e-02 7.002642751e-02
 7.369475067e-02 7.743482292e-02 8.121855557e-02 8.501186967e-02 8.877500892e-02
 9.246356785e-02 9.603038430e-02 9.942832589e-02 1.026137173e-01 1.055499837e-01
 1.082108244e-01 1.105823293e-01 1.126635894e-01 1.144657284e-01 1.160096005e-01
 1.173226908e-01 1.184358895e-01 1.193806306e-01 1.201866865e-01 1.208807901e-01
 1.214859262e-01 1.220211387e-01 1.225017384e-01 1.229396462e-01 1.233439073e-01
 1.237211451e-01 1.240760088e-01 1.244116351e-01 1.247299463e-01 1.250319481e-01
 1.406853989e-04 2.670130925e-03 8.494115435e-03 1.794153452e-02 2.490814589e-02
 2.386136167e-02 2.286472917e-02 2.232680283e-02 2.209339477e-02 2.209476568e-02
 2.229444310e-02 2.267136052e-02 2.321221866e-02 2.390763350e-02 2.474983409e-02
 2.573128790e-02 2.684394643e-02 2.807880938e-02 2.942593023e-02 3.087541088e-02
 3.241970390e-02 3.405657038e-02 3.579096124e-02 3.763354197e-02 3.959670290e-02
 4.169083759e-02 4.392156005e-02 4.628863186e-02 4.878798500e-02 5.141457170e-02
 5.416307226e-02 5.702726170e-02 5.999916419e-02 6.306844950e-02 6.622195989e-02
 6.944339722e-02 7.271312177e-02 7.600810379e-02 7.930215448e-02 8.256635815e-02
 8.576998860e-02 8.888164908e-02 9.187085181e-02 9.470971674e-02 9.737467766e-02
 9.984791279e-02 1.021183878e-01 1.041821390e-01 1.060419977e-01 1.077066883e-01
 1.091895178e-01 1.105068773e-01 1.116767749e-01 1.127175316e-01 1.136468127e-01
 1.144808978e-01 1.152342930e-01 1.159195229e-01 1.165471524e-01 1.171258762e-01
 1.176627055e-01 1.181631610e-01 1.186315268e-01 1.190710068e-01 1.194839701e-01
 9.933403635e-05 1.875741058e-03 5.906641018e-03 1.230661478e-02 1.565154642e-02
 1.647585630e-02 1.704265550e-02 1.755152456e-02 1.808171533e-02 1.867067628e-02
 1.933969557e-02 2.010278404e-02 2.096992359e-02 2.194827795e-02 2.304243483e-02
 2.425400354e-02 2.558061853e-02 2.701454610e-02 2.854152955e-02 3.014137037e-02
 3.179194778e-02 3.347655758e-02 3.519107774e-02 3.694595024e-02 3.876151890e-02
 4.066005349e-02 4.265936464e-02 4.477018863e-02 4.699659348e-02 4.933755845e-02
 5.178853869e-02 5.434239283e-02 5.698988587e-02 5.971983820e-02 6.251912564e-02
 6.537266821e-02 6.826344877e-02 7.117260247e-02 7.407969981e-02 7.696309686e-02
 7.980055362e-02 8.256994933e-02 8.525012434e-02 8.782181144e-02 9.026848525e-02
 9.257710725e-02 9.473860264e-02 9.674808383e-02 9.860479087e-02 1.003116593e-01
 1.018747613e-01 1.033025831e-01 1.046052277e-01 1.057936996e-01 1.068792641e-01
 1.078729108e-01 1.087850034e-01 1.096250117e-01 1.104013845e-01 1.111214906e-01
 1.117916480e-01 1.124171764e-01 1.130024791e-01 1.135511696e-01 1.140661612e-01
 5.564026651e-05 1.028522034e-03 3.066796577e-03 5.700853653e-03 8.128135465e-03
 1.005426608e-02 1.160101313e-02 1.290538162e-02 1.407278422e-02 1.517760381e-02
 1.627190970e-02 1.739322394e-02 1.856979914e-02 1.982389390e-02 2.117356658e-02
 2.263316140e-02 2.421200462e-02 2.591012418e-02 2.770949714e-02 2.956303954e-02
 3.139597178e-02 3.313763440e-02 3.476648033e-02 3.632434830e-02 3.788533434e-02
 3.951280564e-02 4.124296829e-02 4.309033230e-02 4.505685717e-02 4.713803157e-02
 4.932598770e-02 5.161100626e-02 5.398210511e-02 5.642728880e-02 5.893358588e-02
 6.148706004e-02 6.407283992e-02 6.667522341e-02 6.927782297e-02 7.186386734e-02
 7.441653311e-02 7.691939175e-02 7.935688645e-02 8.171484619e-02 8.398090303e-02
 8.614496142e-02 8.819939941e-02 9.013924003e-02 9.196212888e-02 9.366816282e-02
 9.525961429e-02 9.674054384e-02 9.811639041e-02 9.939357638e-02 1.005790532e-01
 1.016800180e-01 1.027035564e-01 1.036565080e-01 1.045452133e-01 1.053755134e-01
 1.061526164e-01 1.068811491e-01 1.075651199e-01 1.082079932e-01 1.088127270e-01
 1.877033710e+00 1.939345837e+00 1.931860328e+00 1.942823887e+00 1.956711292e+00
 1.970713019e+00 1.986196876e+00 2.001314163e+00 2.016867876e+00 2.032889366e+00
 2.048490763e+00 2.065208197e+00 2.082041740e+00 2.098873377e+00 2.116858482e+00
 2.134794712e+00 2.153173447e+00 2.172913790e+00 2.193342447e+00 2.214524746e+00
 2.236038685e+00 2.259144068e+00 2.283426523e+00 2.308714628e+00 2.334950686e+00
 2.362786055e+00 2.392345428e+00 2.423372746e+00 2.455688715e+00 2.490053177e+00
 2.526909113e+00 2.565494299e+00 2.606323004e+00 2.649424791e+00 2.695330143e+00
 2.744609833e+00 2.796664953e+00 2.852084398e+00 2.910887718e+00 2.973763227e+00
 3.041558266e+00 3.113346338e+00 3.190574884e+00 3.273306131e+00 3.362351894e+00
 3.458915472e+00 3.562327385e+00 3.674944878e+00 3.796351194e+00 3.929205418e+00
 4.073335171e+00 4.231387615e+00 4.403840065e+00 4.593631268e+00 4.803180695e+00
 5.036411762e+00 5.295427799e+00 5.586349964e+00 5.918230057e+00 6.298259258e+00
 6.742975235e+00 7.269505501e+00 7.895977497e+00 8.697083473e+00 1.140079784e+01
   80   38
 2.671317756e-01 0.000000000e+00 2.685291767e-01 1.375000030e-01 2.722864449e-01
 2.750000060e-01 2.775000036e-01 3.745416403e-01 2.841120660e-01 4.812499881e-01
 2.946304977e-01 6.187499762e-01 3.101861775e-01 7.562500238e-01 3.208952248e-01
 8.249999881e-01 3.443750143e-01 9.480057359e-01 3.629852235e-01 1.031250000e+00
 3.821566999e-01 1.100000024e+00 4.112499952e-01 1.192952156e+00 4.446874857e-01
 1.265310168e+00 4.781250060e-01 1.308732510e+00 5.450000167e-01 1.341099620e+00
 6.118749976e-01 1.341866136e+00 6.787499785e-01 1.325853586e+00 7.209614515e-01
 1.306249976e+00 7.790625095e-01 1.275307059e+00 8.346121311e-01 1.237499952e+00
 8.793749809e-01 1.206058025e+00 9.247536659e-01 1.168750048e+00 9.796875119e-01
 1.120329499e+00 1.013124943e+00 1.086716294e+00 1.065709352e+00 1.031250000e+00
 1.113437533e+00 9.766228795e-01 1.146875024e+00 9.318117499e-01 1.180312514e+00
 8.827444315e-01 1.217572212e+00 8.249999881e-01 1.254292011e+00 7.562500238e-01
 1.286343336e+00 6.875000000e-01 1.314588428e+00 6.187499762e-01 1.347499967e+00
 5.224610567e-01 1.380937457e+00 4.201011062e-01 1.401182890e+00 3.437500000e-01
 1.419066072e+00 2.750000060e-01 1.442879677e+00 1.375000030e-01 1.452038050e+00
 6.875000149e-02 1.452998400e+00-6.875000149e-02 1.444831252e+00-1.375000030e-01
 1.422744751e+00-2.750000060e-01 1.405953288e+00-3.437500000e-01 1.380937457e+00
-4.407745004e-01 1.348700762e+00-5.500000119e-01 1.324159741e+00-6.187499762e-01
 1.296891809e+00-6.875000000e-01 1.266693830e+00-7.562500238e-01 1.233166337e+00
-8.249999881e-01 1.195554256e+00-8.937500119e-01 1.152580976e+00-9.624999762e-01
 1.113437533e+00-1.014653802e+00 1.080000043e+00-1.057106256e+00 1.042390704e+00
-1.100000024e+00 9.822949171e-01-1.168750048e+00 9.462500215e-01-1.205152988e+00
 9.114663005e-01-1.237499952e+00 8.459374905e-01-1.299498916e+00 8.125000000e-01
-1.330949306e+00 7.579402924e-01-1.375000000e+00 7.121875286e-01-1.410494566e+00
 6.588756442e-01-1.443750024e+00 6.118749976e-01-1.471422315e+00 5.450000167e-01
-1.494514704e+00 4.781250060e-01-1.505993605e+00 4.056383073e-01-1.505800128e+00
 3.665891290e-01-1.503611088e+00 3.778125048e-01-1.414757013e+00 3.790640533e-01
-1.306249976e+00 3.704448640e-01-1.237499952e+00 3.506922722e-01-1.100000024e+00
 3.385905921e-01-1.031250000e+00 3.183715641e-01-8.937500119e-01 3.088249564e-01
-8.249999881e-01 2.945753634e-01-6.875000000e-01 2.844792902e-01-5.500000119e-01
 2.775000036e-01-4.363873303e-01 2.727134526e-01-3.437500000e-01 2.688004971e-01
-2.062499970e-01 2.671946287e-01-6.875000149e-02 2.671317756e-01 0.000000000e+00
 1.851000041e-01 0.000000000e+00 1.851000041e-01 1.008100033e+00 2.793999910e-01
 1.171399951e+00 2.793999910e-01 1.577999949e+00 2.978999913e-01 1.603399992e+00
 5.712000132e-01 1.603399992e+00 5.712000132e-01 1.628000021e+00 6.169999838e-01
 1.628000021e+00 1.194000006e+00 1.401000023e+00 1.043300033e+00 1.429999948e+00
 1.319200039e+00 1.039700031e+00 1.335800052e+00 9.976000190e-01 1.485100031e+00
 5.450000167e-01 1.479099989e+00 4.995000064e-01 1.517400026e+00 3.059999943e-01
 1.531299949e+00 2.354999930e-01 1.546399951e+00 1.586000025e-01 1.560799956e+00
 8.009999990e-02 1.567000031e+00 0.000000000e+00 1.565700054e+00-1.769999973e-02
 1.554299951e+00-1.123000011e-01 1.534100056e+00-2.210000008e-01 1.518100023e+00
-3.025999963e-01 1.481799960e+00-4.860000014e-01 1.485100031e+00-5.450000167e-01
 1.335800052e+00-9.976000190e-01 1.319200039e+00-1.039700031e+00 1.043300033e+00
-1.429999948e+00 1.194000006e+00-1.401000023e+00 6.169999838e-01-1.628000021e+00
 5.712000132e-01-1.628000021e+00 5.712000132e-01-1.603399992e+00 2.978999913e-01
-1.603399992e+00 2.793999910e-01-1.577999949e+00 2.793999910e-01-1.171399951e+00
 1.851000041e-01-1.008100033e+00 1.851000041e-01 0.000000000e+00 1.851000041e-01
 0.000000000e+00
    0 0.000000000e+00    0
 0.000000000e+00 9.089402109e-02 1.314201504e-01 1.623489261e-01 1.884144247e-01
 2.116230428e-01 2.325387448e-01 2.519684732e-01 2.701728642e-01 2.872438729e-01
 3.035803437e-01 3.191746771e-01 3.341617286e-01 3.486187160e-01 3.625850677e-01
 3.762122691e-01 3.894714117e-01 4.023349583e-01 4.149501920e-01 4.273556173e-01
 4.394631982e-01 4.514045715e-01 4.631434381e-01 4.747415781e-01 4.861161113e-01
 4.974197745e-01 5.086271763e-01 5.197146535e-01 5.306799412e-01 5.415663719e-01
 5.524443388e-01 5.632187724e-01 5.739946365e-01 5.847109556e-01 5.954295397e-01
 6.061810255e-01 6.168655157e-01 6.276146173e-01 6.383776665e-01 6.491795182e-01
 6.600893140e-01 6.710146070e-01 6.820661426e-01 6.931673884e-01 7.044110894e-01
 7.158077955e-01 7.272925973e-01 7.390036583e-01 7.508543134e-01 7.629534602e-01
 7.752434015e-01 7.878559232e-01 8.007192612e-01 8.138825297e-01 8.274329305e-01
 8.414198756e-01 8.558227420e-01 8.707146645e-01 8.862630725e-01 9.024263620e-01
 9.193511605e-01 9.372414947e-01 9.562278986e-01 9.765577316e-01 1.000000000e+00
    1
 0.000000000e+00 0.000000000e+00 0.000000000e+00 0.000000000e+00 0.000000000e+00
 0.000000000e+00 0.000000000e+00 0.000000000e+00 0.000000000e+00 0.000000000e+00
 0.000000000e+00 0.000000000e+00 0.000000000e+00 0.000000000e+00 0.000000000e+00
 0.000000000e+00 0.000000000e+00 0.000000000e+00 0.000000000e+00 0.000000000e+00
 0.000000000e+00 0.000000000e+00 0.000000000e+00 0.000000000e+00 0.000000000e+00
 0.000000000e+00 0.000000000e+00 0.000000000e+00 0.000000000e+00 0.000000000e+00
 0.000000000e+00 0.000000000e+00 0.000000000e+00 0.000000000e+00 0.000000000e+00
 0.000000000e+00 0.000000000e+00 0.000000000e+00 0.000000000e+00 0.000000000e+00
 0.000000000e+00 0.000000000e+00 0.000000000e+00 0.000000000e+00 0.000000000e+00
 0.000000000e+00 0.000000000e+00 0.000000000e+00 0.000000000e+00 0.000000000e+00
 0.000000000e+00 0.000000000e+00 0.000000000e+00 0.000000000e+00 0.000000000e+00
 0.000000000e+00 0.000000000e+00 0.000000000e+00 0.000000000e+00 0.000000000e+00
 0.000000000e+00 0.000000000e+00 0.000000000e+00 0.000000000e+00 0.000000000e+00
