LRDFITv2   06/14/2007    #125006 00370ms           3  41  41
 1.614899993e+00 3.480000019e+00 8.595300913e-01 1.851000041e-01 0.000000000e+00
 1.083042145e+00 2.803171426e-02 5.182091519e-02 9.134818800e-03-4.904124439e-01
 7.150490625e+05 5.182091519e-02 0.000000000e+00 1.083042145e+00 0.000000000e+00
 2.803171426e-02 0.000000000e+00 9.134818800e-03 0.000000000e+00 0.000000000e+00
-4.126850069e-01-4.130980968e-01-4.135258794e-01-4.139775932e-01-4.144526422e-01
-4.149409831e-01-4.154339433e-01-4.159375727e-01-4.164613187e-01-4.170131683e-01
-4.175989926e-01-4.182224870e-01-4.188843966e-01-4.195830226e-01-4.203140140e-01
-4.210706949e-01-4.218447208e-01-4.226263463e-01-4.233950675e-01-4.241068959e-01
-4.247156978e-01-4.251818955e-01-4.254765809e-01-4.255816042e-01-4.254916608e-01
-4.252150655e-01-4.247715473e-01-4.241932333e-01-4.235206246e-01-4.228013456e-01
-4.220955968e-01-4.214834273e-01-4.210329354e-01-4.207824767e-01-4.207324684e-01
-4.208450913e-01-4.210525751e-01-4.212716222e-01-4.214337170e-01-4.215096831e-01
-4.215240777e-01
 1.758937891e+04 1.705569922e+04 1.651640039e+04 1.596633789e+04 1.540146387e+04
 1.481922168e+04 1.421865430e+04 1.360071875e+04 1.296797363e+04 1.232447754e+04
 1.167533203e+04 1.102659473e+04 1.038558984e+04 9.759748047e+03 9.155906250e+03
 8.579919922e+03 8.036694336e+03 7.529595703e+03 7.060699707e+03 6.630484375e+03
 6.237779297e+03 5.880093262e+03 5.553290039e+03 5.252159180e+03 4.970377441e+03
 4.700835449e+03 4.436029297e+03 4.169420898e+03 3.896070068e+03 3.611643311e+03
 3.312607910e+03 2.996327393e+03 2.661446045e+03 2.307780518e+03 1.936448608e+03
 1.549798706e+03 1.151126465e+03 7.445803833e+02 3.424814148e+02 6.538611603e+01
 6.948494315e-01
-1.586458534e-01-1.618502885e-01-1.701825857e-01-1.803423464e-01-1.883077621e-01
-1.909177750e-01-1.933454126e-01-1.996852756e-01-2.094829232e-01-2.220781446e-01
-2.366103977e-01-2.520930171e-01-2.674685717e-01-2.816903889e-01-2.937873900e-01
-3.029406667e-01-3.084816039e-01-3.099102378e-01-2.978487313e-01-2.660340071e-01
-2.168575227e-01-1.536144614e-01-8.065187186e-02-2.918016631e-03 7.427532226e-02
 1.456865370e-01 2.064155489e-01 2.523646653e-01 2.803683579e-01 2.882794738e-01
 2.672093809e-01 2.143789083e-01 1.399330497e-01 5.777091533e-02-1.667281054e-02
-6.950965524e-02-9.066709876e-02-7.950292528e-02-4.729996249e-02-1.397548895e-02
 7.321204066e-06
 4.993751562e+05 5.020819375e+05 5.099240625e+05 5.221431250e+05 5.375391875e+05
 5.546048125e+05 5.716704375e+05 5.870665000e+05 5.992853125e+05 6.071233125e+05
 6.098341250e+05 6.061742500e+05 5.953480000e+05 5.777895625e+05 5.542092500e+05
 5.255669375e+05 4.930066250e+05 4.578571562e+05 4.215317500e+05 3.855028125e+05
 3.512212500e+05 3.200812188e+05 2.933317500e+05 2.720603438e+05 2.571295938e+05
 2.491260312e+05 2.481649375e+05 2.523192031e+05 2.607840000e+05 2.729997188e+05
 2.881344062e+05 3.051701562e+05 3.229474375e+05 3.402650000e+05 3.559456562e+05
 3.689361250e+05 3.784206562e+05 3.840488750e+05 3.606653125e+05 1.454317500e+05
-3.327632751e+02
 1.343227457e-02 7.197971456e-03 7.351348177e-03 7.260617800e-03 6.934719160e-03
 6.493163761e-03 6.046728231e-03 5.585192703e-03 5.096723326e-03 4.567123018e-03
 3.984465729e-03 3.312699264e-03 2.513328567e-03 1.598638832e-03 5.426360294e-04
-6.800228730e-04-2.092020586e-03-3.707119497e-03-5.529110320e-03-7.555257995e-03
-9.787085466e-03-1.223165169e-02-1.489985920e-02-1.780494303e-02-2.096153609e-02
-2.438475750e-02-2.808839083e-02-3.207825497e-02-3.633921593e-02-4.080178961e-02
-4.527191445e-02-4.942072183e-02-5.282431841e-02-5.526947975e-02-5.674547330e-02
-5.751066282e-02-5.793657899e-02-5.828424543e-02-5.868365243e-02-5.918135494e-02
-8.001070470e-02 1.185094193e-02 1.092247013e-02 9.876816534e-03 9.096764959e-03
 8.474605158e-03 7.951508276e-03 7.486811373e-03 7.049782202e-03 6.610926706e-03
 6.139328238e-03 5.607117899e-03 4.996251315e-03 4.274898674e-03 3.408773337e-03
 2.370602917e-03 1.149383606e-03-2.757883049e-04-1.922694268e-03-3.808859503e-03
-5.936544389e-03-8.312613703e-03-1.094979141e-02-1.386427786e-02-1.707734168e-02
-2.061768621e-02-2.452484146e-02-2.885380201e-02-3.368517011e-02-3.914188594e-02
-4.541705549e-02-5.292112008e-02-6.042944267e-02-6.540866196e-02-6.801848114e-02
-6.783165783e-02-6.560619920e-02-6.414221227e-02-6.340545416e-02-6.318820268e-02
-6.334196031e-02-6.457765400e-02 1.234492194e-02 1.179515850e-02 1.065978035e-02
 9.843195789e-03 9.261852130e-03 8.845744655e-03 8.532005362e-03 8.271435276e-03
 8.022091351e-03 7.745051757e-03 7.403336465e-03 6.961554755e-03 6.385925692e-03
 5.644626915e-03 4.707898013e-03 3.549753688e-03 2.149516251e-03 4.918148625e-04
-1.436651102e-03-3.645225661e-03-6.136263721e-03-8.921450935e-03-1.201608498e-02
-1.544139814e-02-1.922642812e-02-2.341343835e-02-2.806622535e-02-3.328437731e-02
-3.923010826e-02-4.618144780e-02-5.467516184e-02-6.323319674e-02-6.891030073e-02
-7.185545564e-02-7.162742317e-02-6.892850250e-02-6.707466394e-02-6.623621285e-02
-6.608022004e-02-6.637723744e-02-6.679452956e-02 9.530534036e-03 9.575223550e-03
 9.318755008e-03 9.174174629e-03 9.123680182e-03 9.154209867e-03 9.244569577e-03
 9.367519058e-03 9.488742799e-03 9.567164816e-03 9.557632729e-03 9.413926862e-03
 9.094832465e-03 8.576421998e-03 7.814968005e-03 6.771465298e-03 5.421283189e-03
 3.760264721e-03 1.789579168e-03-4.918885534e-04-3.084439784e-03-5.990020465e-03
-9.212910198e-03-1.275960170e-02-1.664118841e-02-2.087587304e-02-2.548918687e-02
-3.050491773e-02-3.595027328e-02-4.181585088e-02-4.792956263e-02-5.373847485e-02
-5.850405246e-02-6.190964580e-02-6.393293291e-02-6.487856805e-02-6.546279043e-02
-6.615756452e-02-6.705817580e-02-6.814586371e-02-6.936009973e-02 5.553979427e-03
 6.575607229e-03 7.370408159e-03 8.022213355e-03 8.623055182e-03 9.223257191e-03
 9.847443551e-03 1.049012691e-02 1.112478413e-02 1.169793308e-02 1.217306405e-02
 1.250599790e-02 1.264009625e-02 1.251552068e-02 1.206422225e-02 1.120320708e-02
 9.820762090e-03 8.075558580e-03 6.021365523e-03 3.628941718e-03 9.071463137e-04
-2.133242786e-03-5.483684596e-03-9.135124274e-03-1.306974515e-02-1.726986095e-02
-2.172970772e-02-2.642892674e-02-3.132361546e-02-3.632777184e-02-4.129614308e-02
-4.604974017e-02-5.039653555e-02-5.423888192e-02-5.752599239e-02-6.033208594e-02
-6.280682981e-02-6.508142501e-02-6.725481898e-02-6.937675923e-02-7.146443427e-02
 4.387851339e-03 5.373267457e-03 6.372049451e-03 7.369467523e-03 8.383286186e-03
 9.431697428e-03 1.052646711e-02 1.164681278e-02 1.276544202e-02 1.387137454e-02
 1.491644420e-02 1.581337862e-02 1.646108180e-02 1.676803641e-02 1.666220278e-02
 1.609197073e-02 1.502783224e-02 1.349329669e-02 1.146097016e-02 8.773593232e-03
 5.831813440e-03 2.587642521e-03-9.516871651e-04-4.775113892e-03-8.875474334e-03
-1.309753209e-02-1.749569736e-02-2.207313478e-02-2.678203210e-02-3.155849874e-02
-3.632513061e-02-4.099893197e-02-4.550466686e-02-4.978865013e-02-5.383087695e-02
-5.762884393e-02-6.120978668e-02-6.460716575e-02-6.784873456e-02-7.095246762e-02
-7.392480224e-02 4.004981369e-03 4.985514563e-03 6.071205717e-03 7.247096393e-03
 8.520902134e-03 9.898214601e-03 1.137366146e-02 1.291752793e-02 1.455436926e-02
 1.624543965e-02 1.785446703e-02 1.922561601e-02 2.025287598e-02 2.088861354e-02
 2.110708505e-02 2.088551968e-02 2.017899416e-02 1.893138699e-02 1.708680391e-02
 1.464420091e-02 1.169038936e-02 8.058809675e-03 4.243806470e-03 2.074742224e-04
-4.046764690e-03-8.494000882e-03-1.308079809e-02-1.775672473e-02-2.257572114e-02
-2.749002725e-02-3.244914114e-02-3.740355000e-02-4.230858758e-02-4.712741077e-02
-5.183171481e-02-5.640105531e-02-6.085213274e-02-6.519853324e-02-6.939826906e-02
-7.343867421e-02-7.730167359e-02 3.941253759e-03 4.961840808e-03 6.114601623e-03
 7.425544318e-03 8.895454928e-03 1.052715443e-02 1.230252907e-02 1.423760317e-02
 1.632741280e-02 1.841557585e-02 2.028093860e-02 2.179061249e-02 2.291875891e-02
 2.367934398e-02 2.408845164e-02 2.414292097e-02 2.381534874e-02 2.305051126e-02
 2.176167257e-02 1.984427869e-02 1.719542220e-02 1.382777002e-02 9.815006517e-03
 5.507644266e-03 1.003124053e-03-3.686107695e-03-8.527010679e-03-1.348660141e-02
-1.861853898e-02-2.390367724e-02-2.927633934e-02-3.470231965e-02-4.015450925e-02
-4.560735077e-02-5.103632435e-02-5.641758442e-02-6.172828376e-02-6.694741547e-02
-7.213010639e-02-7.716035843e-02-8.198951185e-02 3.990527242e-03 5.042545963e-03
 6.287677679e-03 7.726666983e-03 9.362656623e-03 1.119993068e-02 1.321695466e-02
 1.545992773e-02 1.783058792e-02 2.006519400e-02 2.195353806e-02 2.344674617e-02
 2.457500249e-02 2.538146824e-02 2.589799464e-02 2.613552287e-02 2.607994899e-02
 2.569098026e-02 2.489880100e-02 2.360054664e-02 2.165950276e-02 1.893377304e-02
 1.535972673e-02 1.110189501e-02 6.166956853e-03 1.095151645e-03-4.127644468e-03
-9.492804296e-03-1.499881968e-02-2.070682682e-02-2.659001015e-02-3.259264305e-02
-3.869479895e-02-4.487612471e-02-5.111539364e-02-5.738830194e-02-6.366610527e-02
-6.991363317e-02-7.614342868e-02-8.233245462e-02-8.831462264e-02 4.062323365e-03
 5.177876912e-03 6.508513354e-03 8.056547493e-03 9.826558642e-03 1.181738917e-02
 1.403162628e-02 1.648687944e-02 1.898332685e-02 2.122009546e-02 2.305782773e-02
 2.450410649e-02 2.561572194e-02 2.644872665e-02 2.704146504e-02 2.740984224e-02
 2.754625119e-02 2.741950937e-02 2.697531693e-02 2.613195777e-02 2.477515116e-02
 2.274917997e-02 1.987040229e-02 1.600953937e-02 1.129178517e-02 5.767445546e-03
 1.215795201e-04-5.680745468e-03-1.165175624e-02-1.779215597e-02-2.415431663e-02
-3.081490472e-02-3.764745221e-02-4.464077204e-02-5.178366974e-02-5.906021222e-02
-6.644715369e-02-7.390937209e-02-8.145999163e-02-8.908227086e-02-9.655591846e-02
 4.161926452e-03 5.332774483e-03 6.735323463e-03 8.372151293e-03 1.024742424e-02
 1.235318370e-02 1.471843664e-02 1.730689593e-02 1.984065771e-02 2.203263529e-02
 2.381182648e-02 2.521964721e-02 2.632466890e-02 2.718930878e-02 2.785491757e-02
 2.833797410e-02 2.863304690e-02 2.871086448e-02 2.852185443e-02 2.799639665e-02
 2.703894116e-02 2.552032843e-02 2.326007560e-02 2.002339996e-02 1.562744752e-02
 1.017680764e-02 4.226519726e-03-1.946680830e-03-8.351879194e-03-1.499112602e-02
-2.185890079e-02-2.912844345e-02-3.673128411e-02-4.457908869e-02-5.268425867e-02
-6.105561927e-02-6.969536841e-02-7.859304547e-02-8.778546005e-02-9.726606309e-02
-1.068016440e-01 4.261710681e-03 5.482290871e-03 6.946264766e-03 8.656165563e-03
 1.061549690e-02 1.281501912e-02 1.529386733e-02 1.795806736e-02 2.048460580e-02
 2.263000421e-02 2.436739393e-02 2.575679310e-02 2.687736973e-02 2.779509872e-02
 2.855260484e-02 2.916748822e-02 2.963104844e-02 2.991141938e-02 2.995390818e-02
 2.968722023e-02 2.902558632e-02 2.786292322e-02 2.606101893e-02 2.342123725e-02
 1.967281662e-02 1.462418493e-02 8.441325277e-03 1.942530856e-03-4.888943397e-03
-1.204600744e-02-1.953186654e-02-2.735847980e-02-3.565614298e-02-4.430065677e-02
-5.332551524e-02-6.277800351e-02-7.270710915e-02-8.316168189e-02-9.425251931e-02
-1.060609892e-01-1.184416190e-01 4.353251308e-03 5.617521238e-03 7.134134416e-03
 8.905303665e-03 1.093380339e-02 1.320960559e-02 1.577790454e-02 1.848986559e-02
 2.100029960e-02 2.310948633e-02 2.482384071e-02 2.622084133e-02 2.738693543e-02
 2.839374356e-02 2.928806655e-02 3.008748591e-02 3.077820316e-02 3.131767735e-02
 3.163512051e-02 3.164329380e-02 3.124572150e-02 3.034425527e-02 2.884136140e-02
 2.661148459e-02 2.345676720e-02 1.908636466e-02 1.333427802e-02 6.386058871e-03
-9.138293681e-04-8.593820967e-03-1.666813344e-02-2.517129108e-02-3.410729393e-02
-4.334811866e-02-5.308907852e-02-6.341867149e-02-7.443246245e-02-8.625047654e-02
-9.910762310e-02-1.132773980e-01-1.288869977e-01 4.434261471e-03 5.736630876e-03
 7.298735436e-03 9.122576565e-03 1.121061854e-02 1.355277188e-02 1.619458199e-02
 1.893685199e-02 2.142935060e-02 2.351913415e-02 2.523653395e-02 2.667192556e-02
 2.792378329e-02 2.907284535e-02 3.017331287e-02 3.124606423e-02 3.227206692e-02
 3.318892419e-02 3.389488906e-02 3.426666558e-02 3.417454287e-02 3.350272402e-02
 3.216432035e-02 3.009925783e-02 2.722791582e-02 2.336777188e-02 1.819680072e-02
 1.160173677e-02 3.744683228e-03-4.417497665e-03-1.295805816e-02-2.193635702e-02
-3.142641857e-02-4.121206328e-02-5.134110153e-02-6.217562407e-02-7.379499823e-02
-8.633942902e-02-1.001073420e-01-1.154861972e-01-1.328034401e-01 4.504605196e-03
 5.839884747e-03 7.441193797e-03 9.310386144e-03 1.144903712e-02 1.385412831e-02
 1.655684784e-02 1.932216063e-02 2.180595137e-02 2.389218844e-02 2.563347854e-02
 2.713726833e-02 2.851565182e-02 2.986384556e-02 3.124689683e-02 3.268815950e-02
 3.415345401e-02 3.554005176e-02 3.671207651e-02 3.752342239e-02 3.782743961e-02
 3.748203069e-02 3.635904565e-02 3.436327726e-02 3.147146851e-02 2.769655362e-02
 2.286110260e-02 1.654469222e-02 8.658928797e-03 3.379185509e-04-8.421783336e-03
-1.760955900e-02-2.722324617e-02-3.725287691e-02-4.770920053e-02-5.871371180e-02
-7.037229091e-02-8.279749751e-02-9.622233361e-02-1.109115258e-01-1.269512773e-01
 4.564597271e-03 5.927973893e-03 7.562728599e-03 9.470590390e-03 1.165210083e-02
 1.411447395e-02 1.687221043e-02 1.965869777e-02 2.213964052e-02 2.423554286e-02
 2.601863816e-02 2.761343122e-02 2.914812975e-02 3.073375672e-02 3.244382516e-02
 3.428863734e-02 3.618585691e-02 3.800119087e-02 3.958553821e-02 4.079453647e-02
 4.149259254e-02 4.154549539e-02 4.080997407e-02 3.913460672e-02 3.639405221e-02
 3.257386014e-02 2.780595236e-02 2.197332308e-02 1.463043503e-02 5.937667564e-03
-3.103077877e-03-1.249699108e-02-2.223119512e-02-3.230821341e-02-4.274586216e-02
-5.357303470e-02-6.482502073e-02-7.653752714e-02-8.882308751e-02-1.017647684e-01
-1.151687875e-01 4.614644684e-03 6.001594011e-03 7.664474659e-03 9.604970925e-03
 1.182281319e-02 1.433438901e-02 1.713955402e-02 1.994376630e-02 2.242742851e-02
 2.454170398e-02 2.637681365e-02 2.807229571e-02 2.977265045e-02 3.159975633e-02
 3.362466022e-02 3.581731021e-02 3.805310652e-02 4.018080607e-02 4.205308110e-02
 4.354528338e-02 4.454925284e-02 4.495574906e-02 4.463784769e-02 4.343733191e-02
 4.116758332e-02 3.766037896e-02 3.291405365e-02 2.719010226e-02 2.041400038e-02
 1.215268299e-02 2.616978250e-03-7.058374584e-03-1.691851020e-02-2.698238008e-02
-3.725759313e-02-4.774454981e-02-5.843591318e-02-6.931243092e-02-8.039512485e-02
-9.166271240e-02-1.028849110e-01 4.654957913e-03 6.061058491e-03 7.746905088e-03
 9.714203887e-03 1.196206920e-02 1.451435499e-02 1.735755429e-02 2.017508447e-02
 2.266617119e-02 2.480203658e-02 2.668878064e-02 2.847995982e-02 3.033251315e-02
 3.237451613e-02 3.465735540e-02 3.710433096e-02 3.956959024e-02 4.189582169e-02
 4.394976795e-02 4.563091695e-02 4.685628787e-02 4.753648117e-02 4.755762219e-02
 4.677628353e-02 4.501160979e-02 4.203789309e-02 3.765121847e-02 3.190529346e-02
 2.518428676e-02 1.721533202e-02 7.688598242e-03-2.035815036e-03-1.192209311e-02
-2.192679606e-02-3.202264383e-02-4.218471050e-02-5.238256231e-02-6.257476658e-02
-7.274267077e-02-8.283672482e-02-9.267611802e-02 4.685374442e-03 6.106138695e-03
 7.809735835e-03 9.798048064e-03 1.206999272e-02 1.465575304e-02 1.752644591e-02
 2.035349980e-02 2.285150811e-02 2.500637807e-02 2.693663165e-02 2.880721539e-02
 3.078277595e-02 3.299010545e-02 3.545606509e-02 3.807264566e-02 4.068221897e-02
 4.313136637e-02 4.530451074e-02 4.712477326e-02 4.852896929e-02 4.942746460e-02
 4.970196262e-02 4.921567440e-02 4.781024158e-02 4.529394209e-02 4.140553623e-02
 3.595888242e-02 2.923581749e-02 2.162076719e-02 1.262923423e-02 2.463083016e-03
-7.630095817e-03-1.767823659e-02-2.768344246e-02-3.763055056e-02-4.749010131e-02
-5.722032487e-02-6.680346280e-02-7.620252669e-02-8.526419848e-02 4.705396947e-03
 6.135941017e-03 7.851461880e-03 9.853993542e-03 1.214234717e-02 1.475100126e-02
 1.763993502e-02 2.047313005e-02 2.297580615e-02 2.514383011e-02 2.710413933e-02
 2.902916074e-02 3.108823113e-02 3.340425342e-02 3.598391265e-02 3.870161623e-02
 4.139449075e-02 4.391622543e-02 4.616735131e-02 4.808976501e-02 4.962305352e-02
 5.067094043e-02 5.111347511e-02 5.081447586e-02 4.962205514e-02 4.736476392e-02
 4.381516948e-02 3.868075088e-02 3.198487312e-02 2.434799448e-02 1.550102420e-02
 5.305809435e-03-4.816325847e-03-1.485651825e-02-2.480059303e-02-3.462583199e-02
-4.430012032e-02-5.378185585e-02-6.305787712e-02-7.210175693e-02-8.077818155e-02
 4.714405630e-03 6.149524357e-03 7.870622911e-03 9.879829362e-03 1.217589993e-02
 1.479539275e-02 1.769276522e-02 2.052846737e-02 2.303274348e-02 2.520673163e-02
 2.718147077e-02 2.913243696e-02 3.123115748e-02 3.359821811e-02 3.622980788e-02
 3.899212182e-02 4.172047973e-02 4.427411780e-02 4.656116664e-02 4.853282869e-02
 5.012688786e-02 5.124269798e-02 5.176045746e-02 5.154413730e-02 5.044185743e-02
 4.828616232e-02 4.487106577e-02 3.988827020e-02 3.323215619e-02 2.551851794e-02
 1.670392416e-02 6.488191895e-03-3.653948661e-03-1.370586548e-02-2.364742570e-02
-3.345259279e-02-4.308817536e-02-5.251342431e-02-6.170994416e-02-7.064799964e-02
-7.921254635e-02 4.712185822e-03 6.146405824e-03 7.866437547e-03 9.874416515e-03
 1.216912549e-02 1.478695683e-02 1.768284850e-02 2.051747218e-02 2.302075550e-02
 2.519319765e-02 2.716549300e-02 2.911284566e-02 3.120665625e-02 3.356767073e-02
 3.619256616e-02 3.894780204e-02 4.166859388e-02 4.421382770e-02 4.649098217e-02
 4.845040664e-02 5.002953112e-02 5.112762004e-02 5.162442103e-02 5.138336867e-02
 5.025198311e-02 4.806182906e-02 4.460447282e-02 3.957008943e-02 3.286845610e-02
 2.512725256e-02 1.626037247e-02 6.004903466e-03-4.184395075e-03-1.429384481e-02
-2.430596016e-02-3.419676796e-02-4.393433779e-02-5.347815901e-02-6.280083209e-02
-7.186204195e-02-8.055596799e-02 4.698768258e-03 6.126557477e-03 7.838826627e-03
 9.837644175e-03 1.212188322e-02 1.472549979e-02 1.760990731e-02 2.043996193e-02
 2.293962240e-02 2.510334179e-02 2.705673315e-02 2.897130698e-02 3.101608343e-02
 3.331447393e-02 3.587447107e-02 3.857133165e-02 4.124219343e-02 4.373935983e-02
 4.596189782e-02 4.784902558e-02 4.933978990e-02 5.033645406e-02 5.071816221e-02
 5.034742877e-02 4.906999692e-02 4.671084136e-02 4.303230345e-02 3.775028884e-02
 3.093488701e-02 2.320071496e-02 1.419591252e-02 3.884812351e-03-6.366092712e-03
-1.656729728e-02-2.671488561e-02-3.679257631e-02-4.677164555e-02-5.661173165e-02
-6.627971679e-02-7.572557777e-02-8.482755721e-02 4.674250260e-03 6.090272218e-03
 7.788336836e-03 9.770389646e-03 1.203546114e-02 1.461281162e-02 1.747607812e-02
 2.029824443e-02 2.279174328e-02 2.494010143e-02 2.685972489e-02 2.871400490e-02
 3.066701069e-02 3.284639120e-02 3.528119624e-02 3.786430135e-02 4.043804482e-02
 4.284812137e-02 4.497726262e-02 4.674498737e-02 4.808424413e-02 4.890399799e-02
 4.908467084e-02 4.848567024e-02 4.694578052e-02 4.425957799e-02 4.016005993e-02
 3.448688611e-02 2.758678608e-02 1.970874146e-02 1.031640638e-02 1.479094790e-04
-1.006805617e-02-2.033569850e-02-3.065176494e-02-4.100408405e-02-5.136942863e-02
-6.171047688e-02-7.199345529e-02-8.215702325e-02-9.205394238e-02 4.638875835e-03
 6.038076710e-03 7.715956308e-03 9.674357250e-03 1.191263832e-02 1.445336267e-02
 1.728605852e-02 2.009733580e-02 2.258319221e-02 2.471144684e-02 2.658531070e-02
 2.835636027e-02 3.018136136e-02 3.218778968e-02 3.442878649e-02 3.683072329e-02
 3.924806789e-02 4.152299464e-02 4.352054000e-02 4.513659328e-02 4.628413916e-02
 4.686993361e-02 4.677540436e-02 4.585131258e-02 4.390822351e-02 4.071663320e-02
 3.608656675e-02 3.013022430e-02 2.320347168e-02 1.493209135e-02 5.236939993e-03
-4.696490709e-03-1.482284442e-02-2.513982914e-02-3.564792499e-02-4.634708911e-02
-5.723229423e-02-6.828718632e-02-7.950497419e-02-9.084115922e-02-1.021224186e-01
 4.592697136e-03 5.970236845e-03 7.622338831e-03 9.550926276e-03 1.175615937e-02
 1.425269712e-02 1.704401150e-02 1.984128729e-02 2.232001349e-02 2.442710847e-02
 2.624896728e-02 2.792263776e-02 2.959138900e-02 3.137819469e-02 3.335491940e-02
 3.549348935e-02 3.767150268e-02 3.973744437e-02 4.154275358e-02 4.295998439e-02
 4.387668893e-02 4.417941719e-02 4.373446107e-02 4.237840325e-02 3.991951421e-02
 3.619304299e-02 3.122332692e-02 2.524801716e-02 1.801845990e-02 9.135098197e-03
-2.415948111e-04-9.955791757e-03-1.999040321e-02-3.034024872e-02-4.102166742e-02
-5.206817389e-02-6.352241337e-02-7.542672008e-02-8.785381168e-02-1.008502021e-01
-1.143054515e-01 4.535249434e-03 5.886164494e-03 7.506654132e-03 9.398774244e-03
 1.156367827e-02 1.400607079e-02 1.674536057e-02 1.952309534e-02 2.200255916e-02
 2.409435250e-02 2.586629242e-02 2.744065039e-02 2.894407511e-02 3.048673458e-02
 3.214611486e-02 3.393135965e-02 3.576558828e-02 3.751336411e-02 3.902559355e-02
 4.015531391e-02 4.076419771e-02 4.071570560e-02 3.986363858e-02 3.805591539e-02
 3.517518193e-02 3.122996353e-02 2.634497359e-02 2.035498433e-02 1.283724047e-02
 3.865045728e-03-5.402967799e-03-1.502288412e-02-2.501069941e-02-3.534241393e-02
-4.601429775e-02-5.720281973e-02-6.903751940e-02-8.163753897e-02-9.519163519e-02
-1.099261343e-01-1.260099262e-01 4.465972073e-03 5.784935318e-03 7.367455401e-03
 9.215892293e-03 1.133285370e-02 1.371169183e-02 1.639076695e-02 1.914548129e-02
 2.162973583e-02 2.371701412e-02 2.545327879e-02 2.694170550e-02 2.829260379e-02
 2.960133739e-02 3.093468584e-02 3.231655434e-02 3.371441364e-02 3.503236547e-02
 3.613222763e-02 3.686705977e-02 3.708927333e-02 3.665710986e-02 3.544226289e-02
 3.335497156e-02 3.038545512e-02 2.652450092e-02 2.157710120e-02 1.513201743e-02
 7.199992426e-03-1.267385902e-03-1.018669736e-02-1.958657429e-02-2.954122797e-02
-3.957700357e-02-4.975778237e-02-6.069765240e-02-7.245044410e-02-8.514425904e-02
-9.902585298e-02-1.144401655e-01-1.317951679e-01 4.384539556e-03 5.665366538e-03
 7.202475797e-03 8.998337202e-03 1.105592027e-02 1.336549316e-02 1.597529463e-02
 1.870406233e-02 2.120146155e-02 2.329926565e-02 2.501924895e-02 2.644756436e-02
 2.767999843e-02 2.879687957e-02 2.985283546e-02 3.087025881e-02 3.183276206e-02
 3.268088773e-02 3.331785649e-02 3.361929208e-02 3.346008435e-02 3.272622079e-02
 3.133309633e-02 2.921210229e-02 2.627252229e-02 2.231171168e-02 1.697490551e-02
 1.017747540e-02 2.517961897e-03-5.526868161e-03-1.399881858e-02-2.294646017e-02
-3.228709847e-02-4.160476848e-02-5.144004896e-02-6.188504398e-02-7.303105295e-02
-8.499350399e-02-9.796048701e-02-1.121658385e-01-1.278130561e-01 4.290308803e-03
 5.526645575e-03 7.010552566e-03 8.744852617e-03 1.073318720e-02 1.296641305e-02
 1.548772212e-02 1.817557029e-02 2.069234103e-02 2.281893976e-02 2.454786561e-02
 2.594899945e-02 2.710657753e-02 2.809140831e-02 2.895040996e-02 2.970255911e-02
 3.033828549e-02 3.081829660e-02 3.107571416e-02 3.102401458e-02 3.056956641e-02
 2.962068282e-02 2.808014303e-02 2.582335658e-02 2.265708335e-02 1.830236614e-02
 1.264158450e-02 5.737449508e-03-1.463802531e-03-8.970277384e-03-1.681505516e-02
-2.502725087e-02-3.353163600e-02-4.233898595e-02-5.152062699e-02-6.112734601e-02
-7.121080160e-02-8.182092756e-02-9.302832931e-02-1.048802361e-01-1.173032075e-01
 4.184022080e-03 5.368852988e-03 6.790215615e-03 8.451273665e-03 1.035654917e-02
 1.249775011e-02 1.491051447e-02 1.753247902e-02 2.006207407e-02 2.223271318e-02
 2.399636805e-02 2.540258691e-02 2.652616985e-02 2.743212506e-02 2.816402540e-02
 2.874049544e-02 2.915506251e-02 2.937818132e-02 2.936002798e-02 2.903190069e-02
 2.830876410e-02 2.708967216e-02 2.524016611e-02 2.257201262e-02 1.883980073e-02
 1.390531100e-02 7.867870852e-03 1.512759016e-03-5.083091091e-03-1.191777736e-02
-1.899067871e-02-2.652733773e-02-3.438189998e-02-4.244821891e-02-5.074939504e-02
-5.930227041e-02-6.811438501e-02-7.717935741e-02-8.649597317e-02-9.602528065e-02
-1.056070402e-01 4.070476629e-03 5.196387880e-03 6.543635856e-03 8.115565404e-03
 9.917461313e-03 1.194638386e-02 1.421495713e-02 1.672353782e-02 1.923793741e-02
 2.145990171e-02 2.327942103e-02 2.471905760e-02 2.584138140e-02 2.670608461e-02
 2.735428698e-02 2.780474909e-02 2.805202827e-02 2.806936204e-02 2.780870348e-02
 2.719998360e-02 2.614834905e-02 2.452424355e-02 2.215053141e-02 1.881048642e-02
 1.439066511e-02 8.986908942e-03 3.324724268e-03-2.528516343e-03-8.557776920e-03
-1.472592819e-02-2.119665593e-02-2.816522494e-02-3.525011241e-02-4.246269912e-02
-4.980310053e-02-5.726255476e-02-6.482256204e-02-7.245157659e-02-8.012617379e-02
-8.779721707e-02-9.531775862e-02 3.968340345e-03 5.024966784e-03 6.283001509e-03
 7.745103911e-03 9.416223504e-03 1.130096242e-02 1.338071004e-02 1.570355892e-02
 1.813361607e-02 2.038386278e-02 2.226634882e-02 2.375828475e-02 2.490089275e-02
 2.574456111e-02 2.632677928e-02 2.666353434e-02 2.674754150e-02 2.654778585e-02
 2.600826323e-02 2.504452132e-02 2.353665605e-02 2.132420242e-02 1.822273619e-02
 1.418106444e-02 9.268954396e-03 4.133479670e-03-1.155351289e-03-6.595254876e-03
-1.218504272e-02-1.797126420e-02-2.396872826e-02-3.013520129e-02-3.641277552e-02
-4.276759177e-02-4.917489737e-02-5.560999364e-02-6.204444915e-02-6.844329089e-02
-7.478085905e-02-8.101505786e-02-8.704371005e-02 3.871101420e-03 4.877521191e-03
 6.034614518e-03 7.364518475e-03 8.870872669e-03 1.055914350e-02 1.241164654e-02
 1.445503719e-02 1.666642725e-02 1.884658821e-02 2.075899392e-02 2.229785733e-02
 2.346492931e-02 2.429032698e-02 2.479974739e-02 2.500315942e-02 2.488539927e-02
 2.440481260e-02 2.348911017e-02 2.203413658e-02 1.990254968e-02 1.696492359e-02
 1.325029973e-02 8.744467981e-03 4.048539791e-03-7.893802831e-04-5.755826831e-03
-1.082809363e-02-1.605568826e-02-2.143555135e-02-2.691136114e-02-3.245356306e-02
-3.803264722e-02-4.361887276e-02-4.918422177e-02-5.470263213e-02-6.014879048e-02
-6.549640745e-02-7.073481381e-02-7.581466436e-02-8.069306612e-02 3.844981780e-03
 4.788329359e-03 5.856260192e-03 7.039286196e-03 8.347438648e-03 9.788480587e-03
 1.136060804e-02 1.303550787e-02 1.484561432e-02 1.672671549e-02 1.850789413e-02
 2.001835965e-02 2.116838284e-02 2.194098383e-02 2.233721316e-02 2.234928496e-02
 2.194702253e-02 2.107262425e-02 1.964060590e-02 1.756839827e-02 1.485169865e-02
 1.153861266e-02 7.473250851e-03 3.200093750e-03-1.248036628e-03-5.860857200e-03
-1.057814900e-02-1.533293631e-02-2.023263089e-02-2.523102239e-02-3.027938493e-02
-3.532951325e-02-4.033694416e-02-4.526415467e-02-5.008244514e-02-5.477194116e-02
-5.931970105e-02-6.372246146e-02-6.797756255e-02-7.207214087e-02-7.598826289e-02
 4.040196538e-03 4.947323818e-03 5.903796759e-03 6.899485830e-03 7.950662635e-03
 9.072664194e-03 1.028044987e-02 1.155321766e-02 1.285893377e-02 1.419720519e-02
 1.551067084e-02 1.669104584e-02 1.761961170e-02 1.820339635e-02 1.837983355e-02
 1.809943095e-02 1.731919684e-02 1.601445302e-02 1.419059746e-02 1.182452496e-02
 8.752809837e-03 5.414520856e-03 1.735226368e-03-2.225040225e-03-6.468146574e-03
-1.078305021e-02-1.524885837e-02-1.988833398e-02-2.465791069e-02-2.949702926e-02
-3.433161974e-02-3.908034042e-02-4.366827384e-02-4.803515598e-02-5.214118958e-02
-5.600395426e-02-5.964911729e-02-6.310921162e-02-6.641222537e-02-6.957582384e-02
-7.260591537e-02 4.794778768e-03 5.684519652e-03 6.439912133e-03 7.121540606e-03
 7.798058912e-03 8.505780250e-03 9.263111278e-03 1.007361058e-02 1.090696268e-02
 1.171295065e-02 1.243794058e-02 1.303752325e-02 1.344647910e-02 1.360004861e-02
 1.343220193e-02 1.288142055e-02 1.186640933e-02 1.027317625e-02 8.236485533e-03
 5.867287051e-03 3.115527797e-03 3.852299778e-05-3.355788765e-03-7.055587135e-03
-1.103896741e-02-1.528043300e-02-1.977228187e-02-2.449799143e-02-2.941715345e-02
-3.444749489e-02-3.944294900e-02-4.421918467e-02-4.859444499e-02-5.247669294e-02
-5.581655726e-02-5.868566036e-02-6.122906879e-02-6.357414275e-02-6.581690162e-02
-6.800558418e-02-7.015592605e-02 7.584121544e-03 7.715656422e-03 7.654223125e-03
 7.694880944e-03 7.825922221e-03 8.036393672e-03 8.308479562e-03 8.620155975e-03
 8.941248059e-03 9.234766476e-03 9.460291825e-03 9.565084241e-03 9.494720027e-03
 9.202926420e-03 8.664788678e-03 7.834397256e-03 6.668393966e-03 5.133097991e-03
 3.243589075e-03 1.020753174e-03-1.532802125e-03-4.415398929e-03-7.625558414e-03
-1.116308384e-02-1.503263693e-02-1.925100386e-02-2.384556271e-02-2.882956900e-02
-3.423526138e-02-4.005538672e-02-4.612073675e-02-5.189148337e-02-5.664661899e-02
-6.007699296e-02-6.216029450e-02-6.319283694e-02-6.387196481e-02-6.465704739e-02
-6.564049423e-02-6.680362672e-02-6.810216606e-02 9.566324763e-03 9.170703590e-03
 8.416966535e-03 7.909663022e-03 7.590152323e-03 7.405424956e-03 7.304936182e-03
 7.246799301e-03 7.194310427e-03 7.112637628e-03 6.967015099e-03 6.720353849e-03
 6.335405633e-03 5.777231418e-03 5.015949253e-03 4.021525849e-03 2.767537488e-03
 1.232956070e-03-5.971326027e-04-2.721070312e-03-5.138358567e-03-7.860987447e-03
-1.090042666e-02-1.426624879e-02-1.798999310e-02-2.211432718e-02-2.670172974e-02
-3.184809163e-02-3.771033138e-02-4.455808178e-02-5.291327462e-02-6.133475155e-02
-6.695192307e-02-6.990913302e-02-6.977576017e-02-6.723545492e-02-6.551853567e-02
-6.479042023e-02-6.472625583e-02-6.510207057e-02-6.579046696e-02 8.605527692e-03
 8.359020576e-03 7.609371096e-03 7.068022620e-03 6.667573471e-03 6.361446343e-03
 6.101260427e-03 5.846507382e-03 5.574136507e-03 5.261254031e-03 4.882622510e-03
 4.422646016e-03 3.849866334e-03 3.129607299e-03 2.234651707e-03 1.149560558e-03
-1.485179382e-04-1.678540488e-03-3.455740167e-03-5.477278493e-03-7.753152866e-03
-1.029716060e-02-1.312435139e-02-1.625449769e-02-1.971428655e-02-2.354124375e-02
-2.778794616e-02-3.253209963e-02-3.789256141e-02-4.405657947e-02-5.142318085e-02
-5.879832804e-02-6.371286511e-02-6.632164866e-02-6.620769948e-02-6.410896033e-02
-6.275308132e-02-6.210611388e-02-6.196505204e-02-6.218509376e-02-6.200595945e-02
 1.082822308e-02 5.444839131e-03 5.442347378e-03 5.301192403e-03 5.109151360e-03
 4.898226820e-03 4.638943356e-03 4.327565432e-03 3.958601505e-03 3.553450108e-03
 3.074156353e-03 2.496384783e-03 1.816383330e-03 1.024734112e-03 9.224985115e-05
-1.007922459e-03-2.298721112e-03-3.794376738e-03-5.499680992e-03-7.413654588e-03
-9.538850747e-03-1.188254543e-02-1.445522625e-02-1.726925373e-02-2.033820376e-02
-2.367605828e-02-2.729547955e-02-3.120137751e-02-3.537825868e-02-3.975768015e-02
-4.414984584e-02-4.823364317e-02-5.159536004e-02-5.402657017e-02-5.551622808e-02
-5.631552264e-02-5.678586289e-02-5.718095601e-02-5.762670562e-02-5.816897750e-02
-7.566375285e-02
 1.703457952e+00 1.763648629e+00 1.830911398e+00 1.900778532e+00 1.963310361e+00
 2.019112349e+00 2.064454079e+00 2.102547407e+00 2.141926765e+00 2.192900896e+00
 2.256765127e+00 2.327967167e+00 2.423715591e+00 2.552536011e+00 2.718033552e+00
 2.925715208e+00 3.200609446e+00 3.593932390e+00 4.133081913e+00 4.877096653e+00
 5.948115349e+00 7.319077015e+00 8.710581779e+00 9.544016838e+00 9.678475380e+00
 9.389704704e+00 8.960519791e+00 8.528252602e+00 8.142626762e+00 7.872165680e+00
 7.689785480e+00 7.644979477e+00 7.788392544e+00 8.071051598e+00 8.547987938e+00
 9.297755241e+00 1.029391289e+01 1.156429005e+01 1.320113277e+01 1.562026310e+01
 2.021414375e+01
  201   33
 2.918770909e-01 2.826913074e-02 2.918998003e-01 5.313318968e-02 2.919683456e-01
 7.804209739e-02 2.920836210e-01 1.030409634e-01 2.922468185e-01 1.281754673e-01
 2.924584150e-01 1.534923911e-01 2.927192152e-01 1.790398359e-01 2.930325866e-01
 2.048671991e-01 2.934005260e-01 2.310261428e-01 2.938240469e-01 2.575711906e-01
 2.943065763e-01 2.845593989e-01 2.948535383e-01 3.120506108e-01 2.954682410e-01
 3.401094377e-01 2.961549163e-01 3.688050508e-01 2.969213128e-01 3.982106149e-01
 2.977785468e-01 4.284037352e-01 2.987374663e-01 4.594689012e-01 2.998092771e-01
 4.914982319e-01 3.010136783e-01 5.245879292e-01 3.023660183e-01 5.588465333e-01
 3.038920164e-01 5.943873525e-01 3.056295812e-01 6.313268542e-01 3.076083958e-01
 6.698007584e-01 3.098714352e-01 7.099502683e-01 3.124634027e-01 7.519327998e-01
 3.154678941e-01 7.958881259e-01 3.189686239e-01 8.419724703e-01 3.230948448e-01
 8.903109431e-01 3.279992342e-01 9.410133362e-01 3.338693678e-01 9.941545725e-01
 3.409113288e-01 1.049786210e+00 3.494770229e-01 1.107743263e+00 3.596321046e-01
 1.168251514e+00 3.717416525e-01 1.231088281e+00 3.865773678e-01 1.295215249e+00
 4.054515958e-01 1.358203292e+00 4.323638380e-01 1.411126018e+00 4.685472846e-01
 1.448386431e+00 5.116868019e-01 1.471461058e+00 5.586389899e-01 1.484979153e+00
 6.078770757e-01 1.490814567e+00 6.586418152e-01 1.489218593e+00 7.102293372e-01
 1.480453372e+00 7.617711425e-01 1.465753078e+00 8.127774000e-01 1.445281029e+00
 8.632884622e-01 1.416021943e+00 9.126421213e-01 1.377478600e+00 9.594171643e-01
 1.336558223e+00 1.003933907e+00 1.286370635e+00 1.045129418e+00 1.236096382e+00
 1.083086967e+00 1.177991629e+00 1.117340446e+00 1.118234634e+00 1.147935987e+00
 1.059015989e+00 1.175029397e+00 1.000919104e+00 1.198747873e+00 9.438197613e-01
 1.219555616e+00 8.898988366e-01 1.237683177e+00 8.386911154e-01 1.253519297e+00
 7.907400131e-01 1.266931295e+00 7.442959547e-01 1.278987288e+00 7.025624514e-01
 1.289961457e+00 6.649634242e-01 1.299861073e+00 6.303826571e-01 1.309036136e+00
 5.989517570e-01 1.317917109e+00 5.709297657e-01 1.326133847e+00 5.447702408e-01
 1.333396316e+00 5.195289850e-01 1.339842677e+00 4.953061342e-01 1.345790863e+00
 4.724772871e-01 1.351452827e+00 4.511461556e-01 1.356962204e+00 4.312643409e-01
 1.362380862e+00 4.126842320e-01 1.367581248e+00 3.950370252e-01 1.372444630e+00
 3.780425787e-01 1.376920342e+00 3.615578115e-01 1.381010056e+00 3.455251455e-01
 1.384852529e+00 3.300348222e-01 1.388531923e+00 3.151011169e-01 1.392049432e+00
 3.006562591e-01 1.395391822e+00 2.866302431e-01 1.398528218e+00 2.729505002e-01
 1.401414037e+00 2.595473528e-01 1.404101729e+00 2.464305907e-01 1.406626821e+00
 2.335938215e-01 1.408980846e+00 2.210022807e-01 1.411157370e+00 2.086274177e-01
 1.413151860e+00 1.964456588e-01 1.414961100e+00 1.844373196e-01 1.416582465e+00
 1.725855768e-01 1.418036819e+00 1.608852595e-01 1.419348955e+00 1.493309736e-01
 1.420530200e+00 1.379111558e-01 1.421589851e+00 1.266133934e-01 1.422535181e+00
 1.154246852e-01 1.423371673e+00 1.043318585e-01 1.424103975e+00 9.332168102e-02
 1.424735308e+00 8.238098770e-02 1.425266862e+00 7.149657607e-02 1.425699711e+00
 6.065563485e-02 1.426034331e+00 4.984561726e-02 1.426271081e+00 3.905419633e-02
 1.426409721e+00 2.826919965e-02 1.426449656e+00 1.747865044e-02 1.426389933e+00
 6.670466159e-03 1.426229119e+00-4.167229403e-03 1.425967097e+00-1.504657790e-02
 1.425602436e+00-2.597986162e-02 1.425132871e+00-3.697949648e-02 1.424555898e+00
-4.805809259e-02 1.423868060e+00-5.922846869e-02 1.423065662e+00-7.050366700e-02
 1.422143698e+00-8.189696074e-02 1.421098471e+00-9.342238307e-02 1.419931054e+00
-1.050967351e-01 1.418632746e+00-1.169343516e-01 1.417191267e+00-1.289482564e-01
 1.415590525e+00-1.411497593e-01 1.413810134e+00-1.535473317e-01 1.411824107e+00
-1.661453694e-01 1.409592509e+00-1.789374501e-01 1.407021046e+00-1.918761134e-01
 1.404117823e+00-2.049733251e-01 1.400928497e+00-2.182739079e-01 1.397516847e+00
-2.318497747e-01 1.393973112e+00-2.458137572e-01 1.390413761e+00-2.603297234e-01
 1.386843920e+00-2.754876316e-01 1.383161664e+00-2.912778258e-01 1.379293799e+00
-3.077113628e-01 1.375146985e+00-3.247706890e-01 1.370611191e+00-3.424047232e-01
 1.365538478e+00-3.604918718e-01 1.359807491e+00-3.789125383e-01 1.353515983e+00
-3.978585899e-01 1.346898675e+00-4.178118110e-01 1.340110421e+00-4.392544925e-01
 1.332900047e+00-4.620165229e-01 1.325029135e+00-4.858837724e-01 1.316576600e+00
-5.112931728e-01 1.307909489e+00-5.395674109e-01 1.299001217e+00-5.714555979e-01
 1.289220333e+00-6.061437130e-01 1.277805567e+00-6.419564486e-01 1.264903426e+00
-6.798587441e-01 1.250975132e+00-7.228188515e-01 1.235161901e+00-7.689347267e-01
 1.217776179e+00-8.221244812e-01 1.197921634e+00-8.807399273e-01 1.175043344e+00
-9.445258975e-01 1.148210049e+00-1.006830335e+00 1.117548823e+00-1.068320036e+00
 1.083087087e+00-1.125709891e+00 1.044967771e+00-1.184709430e+00 1.003120661e+00
-1.242761374e+00 9.581992626e-01-1.292906404e+00 9.098910093e-01-1.342719555e+00
 8.595623374e-01-1.383010745e+00 8.065772057e-01-1.421246648e+00 7.529076338e-01
-1.448868990e+00 6.986140013e-01-1.469154954e+00 6.435415745e-01-1.484656692e+00
 5.881995559e-01-1.494838238e+00 5.332012773e-01-1.499097586e+00 4.787249267e-01
-1.498175621e+00 4.246078432e-01-1.493386745e+00 3.724394143e-01-1.485369205e+00
 3.792370856e-01-1.353114367e+00 3.712694943e-01-1.266522288e+00 3.614110351e-01
-1.192018509e+00 3.518287539e-01-1.124009609e+00 3.432797492e-01-1.060324311e+00
 3.360607028e-01-9.999244809e-01 3.299574554e-01-9.426597357e-01 3.248369098e-01
-8.882978559e-01 3.205381036e-01-8.366729021e-01 3.168896437e-01-7.876482606e-01
 3.137769699e-01-7.410409451e-01 3.110922575e-01-6.966822743e-01 3.087553382e-01
-6.543961167e-01 3.067105412e-01-6.140053868e-01 3.049090207e-01-5.753476024e-01
 3.033174574e-01-5.382666588e-01 3.019023240e-01-5.026234388e-01 3.006429374e-01
-4.682849944e-01 2.995159924e-01-4.351334870e-01 2.985047698e-01-4.030586183e-01
 2.975972593e-01-3.719578981e-01 2.967810631e-01-3.417383730e-01 2.960466743e-01
-3.123136461e-01 2.953870893e-01-2.836033404e-01 2.947961688e-01-2.555330396e-01
 2.942664325e-01-2.280342132e-01 2.937951684e-01-2.010413408e-01 2.933818400e-01
-1.744926870e-01 2.930225432e-01-1.483311951e-01 2.927134633e-01-1.225026846e-01
 2.924548388e-01-9.695470333e-02 2.922462821e-01-7.163728774e-02 2.920843661e-01
-4.650263116e-02 2.919687927e-01-2.150380798e-02 2.918998897e-01 3.405074123e-03
 2.918770909e-01 2.826913074e-02
 1.851000041e-01 0.000000000e+00 1.851000041e-01 1.008100033e+00 2.793999910e-01
 1.171399951e+00 2.793999910e-01 1.577999949e+00 2.978999913e-01 1.603399992e+00
 5.712000132e-01 1.603399992e+00 6.169999838e-01 1.628000021e+00 1.043300033e+00
 1.460287452e+00 1.043300033e+00 1.429999948e+00 1.319200039e+00 1.039700031e+00
 1.335800052e+00 9.976000190e-01 1.485100031e+00 5.450000167e-01 1.483999968e+00
 4.900000095e-01 1.559000015e+00 1.141000018e-01 1.565000057e+00 7.636000216e-02
 1.569000006e+00 3.826100007e-02 1.570000052e+00 0.000000000e+00 1.569000006e+00
-3.826100007e-02 1.565000057e+00-7.636000216e-02 1.559000015e+00-1.141000018e-01
 1.483999968e+00-4.900000095e-01 1.485100031e+00-5.450000167e-01 1.335800052e+00
-9.976000190e-01 1.319200039e+00-1.039700031e+00 1.043300033e+00-1.429999948e+00
 1.043300033e+00-1.460287452e+00 6.169999838e-01-1.628000021e+00 5.712000132e-01
-1.603399992e+00 2.978999913e-01-1.603399992e+00 2.793999910e-01-1.577999949e+00
 2.793999910e-01-1.171399951e+00 1.851000041e-01-1.008100033e+00 1.851000041e-01
 0.000000000e+00
    0 0.000000000e+00    0
 0.000000000e+00 8.583973348e-02 1.205716953e-01 1.489415467e-01 1.735846698e-01
 1.957576275e-01 2.161437124e-01 2.351281792e-01 2.530017495e-01 2.700326443e-01
 2.864682078e-01 3.024664819e-01 3.181945384e-01 3.338721693e-01 3.497110605e-01
 3.659094572e-01 3.827072680e-01 4.005046785e-01 4.198275506e-01 4.412754774e-01
 4.657228589e-01 4.940961003e-01 5.264332891e-01 5.610927939e-01 5.953631997e-01
 6.274743080e-01 6.568415165e-01 6.836668253e-01 7.082700729e-01 7.311280370e-01
 7.526766062e-01 7.733098269e-01 7.935361266e-01 8.138036132e-01 8.344993591e-01
 8.561635613e-01 8.793432713e-01 9.044972062e-01 9.321638346e-01 9.632381201e-01
 1.000493050e+00
    1
 3.917069824e+03 3.742691162e+03 3.564176270e+03 3.378550293e+03 3.184978271e+03
 2.984968994e+03 2.781927002e+03 2.582477539e+03 2.396126465e+03 2.228991211e+03
 2.081454834e+03 1.948234375e+03 1.820239380e+03 1.695781250e+03 1.579470337e+03
 1.473699219e+03 1.377823608e+03 1.288206421e+03 1.200545776e+03 1.116354858e+03
 1.038686035e+03 9.686945801e+02 9.052268066e+02 8.452290039e+02 7.871040039e+02
 7.348984985e+02 6.920499268e+02 6.591669922e+02 6.339777832e+02 6.118837280e+02
 5.866543579e+02 5.520399780e+02 5.045624084e+02 4.444790955e+02 3.757936401e+02
 3.051787109e+02 2.412435303e+02 1.913636780e+02 1.588347626e+02 1.418379211e+02
 1.338834839e+02
