LRDFITv2   06/14/2007    #125006 00350ms           3  41  41
 1.614899993e+00 3.480000019e+00 8.542309999e-01 1.851000041e-01 0.000000000e+00
 1.068951845e+00 4.076919332e-02-5.216723680e-02-1.027691457e-02-4.934545457e-01
 7.157381875e+05-5.216723680e-02 0.000000000e+00 1.068951845e+00 0.000000000e+00
 4.076919332e-02 0.000000000e+00-1.027691457e-02 0.000000000e+00 0.000000000e+00
-4.173332751e-01-4.175421596e-01-4.177765548e-01-4.180521965e-01-4.183681309e-01
-4.187072515e-01-4.190521240e-01-4.194036424e-01-4.197677076e-01-4.201492369e-01
-4.205518663e-01-4.209779501e-01-4.214279652e-01-4.219008982e-01-4.223940969e-01
-4.229034185e-01-4.234237671e-01-4.239490628e-01-4.244647920e-01-4.249377251e-01
-4.253328145e-01-4.256198108e-01-4.257766008e-01-4.257892370e-01-4.256536365e-01
-4.253760576e-01-4.249715209e-01-4.244644344e-01-4.238857031e-01-4.232715070e-01
-4.226669073e-01-4.221305251e-01-4.217119515e-01-4.214391410e-01-4.213123620e-01
-4.213041365e-01-4.213651121e-01-4.214389026e-01-4.214936197e-01-4.215192497e-01
-4.215241373e-01
 1.569872656e+04 1.524636914e+04 1.478594238e+04 1.431005566e+04 1.381289648e+04
 1.329079297e+04 1.274236816e+04 1.216899902e+04 1.157435938e+04 1.096427734e+04
 1.034608398e+04 9.728065430e+03 9.119123047e+03 8.527979492e+03 7.962657227e+03
 7.430031738e+03 6.935859863e+03 6.484092285e+03 6.077166016e+03 5.715642090e+03
 5.398145996e+03 5.121754395e+03 4.881611816e+03 4.671603027e+03 4.484305664e+03
 4.311374023e+03 4.143920410e+03 3.972682617e+03 3.788551270e+03 3.583232178e+03
 3.349964600e+03 3.083706299e+03 2.781862549e+03 2.444083008e+03 2.072506104e+03
 1.671624634e+03 1.247756958e+03 8.088870239e+02 3.721791687e+02 7.105595398e+01
 7.550951242e-01
 8.105578274e-02 8.665454388e-02 1.012126729e-01 1.189627871e-01 1.328689903e-01
 1.374183893e-01 1.389519125e-01 1.429849565e-01 1.492074430e-01 1.572058946e-01
 1.664344966e-01 1.762666106e-01 1.860307455e-01 1.950622201e-01 2.027443945e-01
 2.085570544e-01 2.120698243e-01 2.129419148e-01 2.035956830e-01 1.789275557e-01
 1.407983452e-01 9.176265448e-02 3.519090265e-02-2.508026175e-02-8.493233472e-02
-1.403012276e-01-1.873876154e-01-2.230143249e-01-2.447277606e-01-2.508793473e-01
-2.351952046e-01-1.958855242e-01-1.404927671e-01-7.935831696e-02-2.396513149e-02
 1.534814667e-02 3.096270002e-02 2.735000849e-02 1.627932489e-02 4.809847102e-03
-2.519691861e-06
-4.307415625e+05-4.347037812e+05-4.461831562e+05-4.640695312e+05-4.866063750e+05
-5.115871875e+05-5.365680000e+05-5.591049375e+05-5.769911875e+05-5.884680000e+05
-5.924328125e+05-5.880513750e+05-5.751027500e+05-5.540980625e+05-5.258891875e+05
-4.916248438e+05-4.526734062e+05-4.106245938e+05-3.671690000e+05-3.240681250e+05
-2.830575625e+05-2.458052031e+05-2.138051875e+05-1.883583906e+05-1.704951719e+05
-1.609218281e+05-1.600799844e+05-1.681451875e+05-1.846468125e+05-2.084651406e+05
-2.379746562e+05-2.711907188e+05-3.058527188e+05-3.396183750e+05-3.701931250e+05
-3.955214062e+05-4.139478438e+05-4.245559688e+05-3.994724688e+05-1.610762812e+05
 3.685540771e+02
-1.394443400e-02-8.009736426e-03-8.172782138e-03-8.102511056e-03-7.811722811e-03
-7.411932107e-03-7.003521081e-03-6.577075459e-03-6.120597012e-03-5.619280506e-03
-5.061712116e-03-4.408608656e-03-3.616361646e-03-2.703282749e-03-1.644347911e-03
-4.161832912e-04 1.002484467e-03 2.624202520e-03 4.451482557e-03 6.480212323e-03
 8.710638620e-03 1.114874240e-02 1.380452327e-02 1.669045351e-02 1.982053556e-02
 2.320938371e-02 2.687042393e-02 3.080937639e-02 3.501149267e-02 3.940881416e-02
 4.381133616e-02 4.789697751e-02 5.125043169e-02 5.366280302e-02 5.512372404e-02
 5.588670075e-02 5.631607398e-02 5.666770786e-02 5.706895888e-02 5.755803362e-02
 7.673984766e-02-1.254709344e-02-1.179304719e-02-1.079966873e-02-1.005817484e-02
-9.474000894e-03-8.989492431e-03-8.559444919e-03-8.157529868e-03-7.751333993e-03
-7.305166684e-03-6.789452862e-03-6.191327237e-03-5.475444254e-03-4.604174756e-03
-3.551692702e-03-2.312597819e-03-8.676627767e-04 7.996881031e-04 2.707039472e-03
 4.851172678e-03 7.236709818e-03 9.875518270e-03 1.278277952e-02 1.597884484e-02
 1.949155517e-02 2.335959487e-02 2.763697878e-02 3.240292519e-02 3.777822852e-02
 4.395249486e-02 5.132835358e-02 5.870596319e-02 6.360283494e-02 6.617577374e-02
 6.600631028e-02 6.383755803e-02 6.241392717e-02 6.170196831e-02 6.149818003e-02
 6.165650114e-02 6.247293949e-02-1.322750095e-02-1.269415580e-02-1.160804089e-02
-1.083985809e-02-1.031034254e-02-9.949421510e-03-9.692174383e-03-9.486153722e-03
-9.285303764e-03-9.046423249e-03-8.728994988e-03-8.295437321e-03-7.711567450e-03
-6.947809365e-03-5.978936795e-03-4.782390781e-03-3.340778407e-03-1.641855109e-03
 3.253607138e-04 2.567465883e-03 5.083168857e-03 7.882185280e-03 1.097838487e-02
 1.439177338e-02 1.815066114e-02 2.229702659e-02 2.689399756e-02 3.203969076e-02
 3.789379075e-02 4.472952709e-02 5.307362601e-02 6.147810444e-02 6.705697626e-02
 6.995666027e-02 6.974503398e-02 6.711063534e-02 6.530345976e-02 6.449056417e-02
 6.434579939e-02 6.464455277e-02 6.514094025e-02-1.040437724e-02-1.049466245e-02
-1.029505394e-02-1.021229383e-02-1.023314707e-02-1.034495793e-02-1.052444521e-02
-1.073723938e-02-1.093903743e-02-1.107920147e-02-1.110443007e-02-1.096202154e-02
-1.060769614e-02-1.002047304e-02-9.188012220e-03-8.067698218e-03-6.635342725e-03
-4.895964637e-03-2.856494859e-03-5.181693123e-04 2.117315773e-03 5.050434265e-03
 8.284342475e-03 1.182507537e-02 1.568302326e-02 1.987598464e-02 2.443058789e-02
 2.937344462e-02 3.473227844e-02 4.049885273e-02 4.650554433e-02 5.221116915e-02
 5.689254403e-02 6.023973599e-02 6.223117560e-02 6.316567212e-02 6.374535710e-02
 6.443291157e-02 6.532181799e-02 6.639376283e-02 6.760025024e-02-6.435447372e-03
-7.512810174e-03-8.373036981e-03-9.098867886e-03-9.788691066e-03-1.049590576e-02
-1.124267839e-02-1.200922299e-02-1.273751166e-02-1.337314676e-02-1.387526374e-02
-1.419578120e-02-1.428276114e-02-1.408281177e-02-1.353371795e-02-1.254704315e-02
-1.101223286e-02-9.137035348e-03-6.975241471e-03-4.492273554e-03-1.703658956e-03
 1.381833456e-03 4.758481402e-03 8.417952806e-03 1.232536696e-02 1.646525785e-02
 2.085152268e-02 2.546888217e-02 3.027503006e-02 3.518589959e-02 4.006004706e-02
 4.472381249e-02 4.898866639e-02 5.275864154e-02 5.598409474e-02 5.873798206e-02
 6.116716936e-02 6.340033561e-02 6.553440541e-02 6.761808693e-02 6.966772676e-02
-5.276820622e-03-6.321127526e-03-7.389103062e-03-8.465241641e-03-9.574367665e-03
-1.073868945e-02-1.196309645e-02-1.318999287e-02-1.437415648e-02-1.548792608e-02
-1.647829264e-02-1.726862974e-02-1.778191887e-02-1.795454510e-02-1.773349382e-02
-1.707408018e-02-1.594199054e-02-1.433063578e-02-1.215905882e-02-9.365518577e-03
-6.347701885e-03-3.056493588e-03 5.031550536e-04 4.326889291e-03 8.391748182e-03
 1.251965109e-02 1.682331599e-02 2.130616643e-02 2.591768093e-02 3.059435263e-02
 3.526032716e-02 3.983462229e-02 4.424387217e-02 4.843658954e-02 5.239599198e-02
 5.611689389e-02 5.962651223e-02 6.295759976e-02 6.613677740e-02 6.918124110e-02
 7.209684700e-02-4.898513202e-03-5.938053131e-03-7.089629304e-03-8.337985724e-03
-9.698574431e-03-1.117927395e-02-1.275633276e-02-1.435573213e-02-1.596446894e-02
-1.752477698e-02-1.893202588e-02-2.008143440e-02-2.090504207e-02-2.136630192e-02
-2.144481242e-02-2.111280337e-02-2.032961510e-02-1.904325560e-02-1.720134355e-02
-1.477339212e-02-1.170555782e-02-8.114567026e-03-4.325893708e-03-3.389907361e-04
 3.831607988e-03 8.160190657e-03 1.261481456e-02 1.718851738e-02 2.189568244e-02
 2.669476531e-02 3.153834864e-02 3.637859598e-02 4.117171094e-02 4.588117450e-02
 5.047835410e-02 5.494193360e-02 5.929499120e-02 6.355600804e-02 6.767451763e-02
 7.163717598e-02 7.542538643e-02-4.840413574e-03-5.919890478e-03-7.121762726e-03
-8.492352441e-03-1.003385894e-02-1.174874324e-02-1.358031482e-02-1.548208948e-02
-1.742342301e-02-1.927901618e-02-2.090249583e-02-2.220343426e-02-2.316140756e-02
-2.378030494e-02-2.406292222e-02-2.399965003e-02-2.356198058e-02-2.270089649e-02
-2.134335041e-02-1.939912513e-02-1.679313928e-02-1.350962278e-02-9.409291670e-03
-5.176454317e-03-7.932577864e-04 3.733860794e-03 8.389545605e-03 1.314945333e-02
 1.811835170e-02 2.326101437e-02 2.849707752e-02 3.379089013e-02 3.911500797e-02
 4.444283620e-02 4.974833131e-02 5.500610918e-02 6.019228697e-02 6.528645009e-02
 7.037237287e-02 7.530793548e-02 8.004325628e-02-4.883893766e-03-5.975049455e-03
-7.265449967e-03-8.756465279e-03-1.045094058e-02-1.234986167e-02-1.436990127e-02
-1.649866253e-02-1.864843443e-02-2.063828148e-02-2.232540213e-02-2.367025428e-02
-2.468516864e-02-2.539400011e-02-2.581311390e-02-2.594305575e-02-2.576551773e-02
-2.524196357e-02-2.431065775e-02-2.288417146e-02-2.084665559e-02-1.806685142e-02
-1.446934044e-02-9.992583655e-03-5.367272068e-03-5.793084856e-04 4.365507048e-03
 9.459699504e-03 1.470246632e-02 2.019269951e-02 2.590340748e-02 3.175597265e-02
 3.772157058e-02 4.377152771e-02 4.987883940e-02 5.601548776e-02 6.215091795e-02
 6.824979931e-02 7.434216142e-02 8.041543514e-02 8.627846092e-02-4.933983553e-03
-6.086674053e-03-7.458984852e-03-9.052813053e-03-1.087183133e-02-1.290354133e-02
-1.507508196e-02-1.736299880e-02-1.962243393e-02-2.165105566e-02-2.334319055e-02
-2.469695732e-02-2.574358135e-02-2.651766688e-02-2.704203874e-02-2.732218057e-02
-2.734445222e-02-2.707673982e-02-2.646832541e-02-2.544624731e-02-2.391118184e-02
-2.172959782e-02-1.873815618e-02-1.482299902e-02-9.932351299e-03-4.855201114e-03
 4.204623401e-04 5.887498148e-03 1.153557654e-02 1.734565198e-02 2.342970669e-02
 2.997709811e-02 3.670498729e-02 4.358741269e-02 5.060578883e-02 5.774093047e-02
 6.496891379e-02 7.225540280e-02 7.963266224e-02 8.710202575e-02 9.441555291e-02
-5.024407059e-03-6.229183637e-03-7.670106832e-03-9.348837659e-03-1.126815565e-02
-1.340092532e-02-1.568850689e-02-1.808317751e-02-2.039303817e-02-2.242259495e-02
-2.410746925e-02-2.546753921e-02-2.654761821e-02-2.738878876e-02-2.801678330e-02
-2.843854204e-02-2.863993123e-02-2.858920023e-02-2.823833749e-02-2.752446011e-02
-2.636592649e-02-2.465634421e-02-2.225133963e-02-1.896434091e-02-1.464779489e-02
-9.238325991e-03-3.596717725e-03 2.282143570e-03 8.381722495e-03 1.467999630e-02
 2.113801800e-02 2.825686708e-02 3.584971651e-02 4.363458976e-02 5.163164809e-02
 5.985574424e-02 6.831441075e-02 7.700010389e-02 8.597156405e-02 9.524145722e-02
 1.045508012e-01-5.121629220e-03-6.375622470e-03-7.877784781e-03-9.629907086e-03
-1.163437311e-02-1.384886354e-02-1.623031311e-02-1.869704202e-02-2.102847025e-02
-2.305064723e-02-2.473328635e-02-2.611412480e-02-2.724710852e-02-2.817888744e-02
-2.893743291e-02-2.952764556e-02-2.993023023e-02-3.010613285e-02-3.000034019e-02
-2.954557166e-02-2.866713330e-02-2.728242986e-02-2.528701164e-02-2.253086306e-02
-1.880514063e-02-1.393920928e-02-7.845180109e-03-1.478458173e-03 5.165196955e-03
 1.208236348e-02 1.928055473e-02 2.678442933e-02 3.506996855e-02 4.365929216e-02
 5.256078020e-02 6.183536723e-02 7.154080272e-02 8.173035830e-02 9.253208339e-02
 1.040450037e-01 1.160975099e-01-5.215565674e-03-6.515055429e-03-8.072496392e-03
-9.889643639e-03-1.196851581e-02-1.425217930e-02-1.671203040e-02-1.923202723e-02
-2.157586254e-02-2.359802835e-02-2.529646643e-02-2.672424540e-02-2.794592269e-02
-2.901494503e-02-2.996238135e-02-3.079040907e-02-3.146984056e-02-3.194374591e-02
-3.213293850e-02-3.194916993e-02-3.130463511e-02-3.012537956e-02-2.834415250e-02
-2.587287687e-02-2.256266400e-02-1.817340963e-02-1.252384018e-02-5.565990694e-03
 1.642056042e-03 9.171491489e-03 1.707506366e-02 2.541060559e-02 3.420371190e-02
 4.330351204e-02 5.283559859e-02 6.291077286e-02 7.363768667e-02 8.514068276e-02
 9.763972461e-02 1.113895327e-01 1.265359819e-01-5.302517209e-03-6.643548142e-03
-8.251059800e-03-1.012689434e-02-1.227318309e-02-1.462074183e-02-1.715123653e-02
-1.971501671e-02-2.207032405e-02-2.410604246e-02-2.584319748e-02-2.735138871e-02
-2.870857716e-02-2.997844666e-02-3.119791672e-02-3.236730397e-02-3.344183415e-02
-3.433553502e-02-3.493294492e-02-3.510656953e-02-3.473576903e-02-3.372193128e-02
-3.200544044e-02-2.956060320e-02-2.633867227e-02-2.217658050e-02-1.673964597e-02
-9.757125750e-03-2.304122318e-03 5.609659478e-03 1.399405580e-02 2.289244533e-02
 3.240403533e-02 4.205974564e-02 5.175368488e-02 6.220042333e-02 7.345955819e-02
 8.564747870e-02 9.900923818e-02 1.138833761e-01 1.306484044e-01-5.381001160e-03
-6.759352982e-03-8.411638439e-03-1.033965033e-02-1.254411880e-02-1.495388243e-02
-1.754734293e-02-2.014883980e-02-2.252214774e-02-2.458680421e-02-2.638579160e-02
-2.800689824e-02-2.954488061e-02-3.107637540e-02-3.264430910e-02-3.423535451e-02
-3.577310219e-02-3.713331744e-02-3.818082437e-02-3.877927363e-02-3.879404068e-02
-3.809238225e-02-3.655383363e-02-3.410554677e-02-3.078315221e-02-2.664445341e-02
-2.155763470e-02-1.515411213e-02-7.268837187e-03 1.029992942e-03 9.745409712e-03
 1.888165623e-02 2.843862772e-02 3.833480552e-02 4.847893119e-02 5.913755670e-02
 7.045428455e-02 8.253321797e-02 9.555795044e-02 1.097495928e-01 1.252558231e-01
-5.450392608e-03-6.861850619e-03-8.553946391e-03-1.052859332e-02-1.278226357e-02
-1.524996944e-02-1.790235005e-02-2.053989284e-02-2.293565497e-02-2.503899857e-02
-2.691379189e-02-2.866681851e-02-3.040848486e-02-3.222555667e-02-3.415375948e-02
-3.614246100e-02-3.807200119e-02-3.980602324e-02-4.121303931e-02-4.217479005e-02
-4.257753491e-02-4.229520261e-02-4.118052498e-02-3.907160088e-02-3.585564345e-02
-3.159111366e-02-2.649196796e-02-2.047219314e-02-1.312114764e-02-4.301477224e-03
 4.731323570e-03 1.403218880e-02 2.362515777e-02 3.352013975e-02 4.373991489e-02
 5.432087183e-02 6.530587375e-02 7.673247904e-02 8.866651356e-02 1.011579335e-01
 1.140899956e-01-5.510097835e-03-6.950148381e-03-8.676714264e-03-1.069184393e-02
-1.298812591e-02-1.550658420e-02-1.821042411e-02-2.087887749e-02-2.329761721e-02
-2.544367127e-02-2.739862539e-02-2.928475477e-02-3.122486174e-02-3.330691531e-02
-3.553948179e-02-3.782325611e-02-4.001948982e-02-4.199168459e-02-4.362730309e-02
-4.483699054e-02-4.553708807e-02-4.562870041e-02-4.497782886e-02-4.340410978e-02
-4.068967700e-02-3.666151315e-02-3.141591698e-02-2.529832907e-02-1.813162118e-02
-9.388529696e-03-3.069566446e-04 9.057159536e-03 1.866835728e-02 2.851095423e-02
 3.857762739e-02 4.886372015e-02 5.936182663e-02 7.005440444e-02 8.085840195e-02
 9.166208655e-02 1.024321020e-01-5.559284240e-03-7.023085374e-03-8.778442629e-03
-1.082766708e-02-1.316041034e-02-1.572325826e-02-1.846695878e-02-2.115856670e-02
-2.360007353e-02-2.578645945e-02-2.781445533e-02-2.981956117e-02-3.193095326e-02
-3.422638401e-02-3.667728603e-02-3.915487975e-02-4.151291028e-02-4.362482950e-02
-4.540232569e-02-4.678421840e-02-4.770963639e-02-4.809145629e-02-4.780933633e-02
-4.670789465e-02-4.457633197e-02-4.114177078e-02-3.621087596e-02-3.002145141e-02
-2.303540334e-02-1.493088435e-02-5.418768618e-03 4.172335379e-03 1.387412101e-02
 2.369055897e-02 3.361137584e-02 4.361980036e-02 5.369130522e-02 6.378989667e-02
 7.373920083e-02 8.334892988e-02 9.273679554e-02-5.596946459e-03-7.079044823e-03
-8.856656030e-03-1.093232911e-02-1.329345908e-02-1.589089260e-02-1.866488904e-02
-2.137418836e-02-2.383409999e-02-2.605294995e-02-2.813934721e-02-3.023778275e-02
-3.248011693e-02-3.493008763e-02-3.752489388e-02-4.012245312e-02-4.257755354e-02
-4.477947205e-02-4.666357115e-02-4.819267243e-02-4.931211472e-02-4.992637783e-02
-4.991415143e-02-4.913302884e-02-4.741379246e-02-4.452036321e-02-4.012641311e-02
-3.410961851e-02-2.700956911e-02-1.905674115e-02-9.613418952e-03 2.634088014e-05
 9.781300090e-03 1.959442161e-02 2.942759171e-02 3.924804553e-02 4.901822656e-02
 5.869517103e-02 6.809227914e-02 7.703081518e-02 8.565875143e-02-5.622075871e-03
-7.116455119e-03-8.909039199e-03-1.100251917e-02-1.338272635e-02-1.600329578e-02
-1.879722998e-02-2.151867561e-02-2.399089374e-02-2.623264678e-02-2.836028859e-02
-3.052307852e-02-3.285202384e-02-3.539900854e-02-3.808020055e-02-4.074806347e-02
-4.326087981e-02-4.552362859e-02-4.749066383e-02-4.913740233e-02-5.040175095e-02
-5.118197948e-02-5.135728046e-02-5.078925565e-02-4.932099581e-02-4.676525667e-02
-4.282988608e-02-3.719544783e-02-3.013219684e-02-2.237516455e-02-1.356501598e-02
-3.394265892e-03 6.652577780e-03 1.660751924e-02 2.647426724e-02 3.623909131e-02
 4.587515071e-02 5.534339696e-02 6.446498632e-02 7.307244092e-02 8.133364469e-02
-5.633772351e-03-7.134134881e-03-8.933994919e-03-1.103614271e-02-1.342565659e-02
-1.605753228e-02-1.886121929e-02-2.158866450e-02-2.406694554e-02-2.632049471e-02
-2.846903726e-02-3.066400997e-02-3.303560987e-02-3.562948853e-02-3.835137561e-02
-4.105156288e-02-4.359269142e-02-4.588717595e-02-4.789932817e-02-4.961032420e-02
-5.094914138e-02-5.181320012e-02-5.208284408e-02-5.162068084e-02-5.027166009e-02
-4.786098003e-02-4.413932934e-02-3.873078153e-02-3.170328215e-02-2.389722317e-02
-1.515038405e-02-4.921834916e-03 5.211960059e-03 1.524406858e-02 2.516417950e-02
 3.495506570e-02 4.459084198e-02 5.403562635e-02 6.310204417e-02 7.161573321e-02
 7.977540046e-02-5.631797947e-03-7.131523918e-03-8.930666372e-03-1.103204861e-02
-1.342084724e-02-1.605201699e-02-1.885523833e-02-2.158257179e-02-2.406090870e-02
-2.631446347e-02-2.846291475e-02-3.065771237e-02-3.302910924e-02-3.562273085e-02
-3.834415600e-02-4.104355350e-02-4.358354956e-02-4.587654024e-02-4.788676649e-02
-4.959532991e-02-5.093086511e-02-5.179053172e-02-5.205433816e-02-5.158450082e-02
-5.022555962e-02-4.780240729e-02-4.406432435e-02-3.863443434e-02-3.158303350e-02
-2.375161834e-02-1.496323571e-02-4.682052881e-03 5.515892990e-03 1.562339719e-02
 2.563098259e-02 3.552296758e-02 4.527503997e-02 5.485233292e-02 6.405415386e-02
 7.269121706e-02 8.098150045e-02-5.616120528e-03-7.108447142e-03-8.898739703e-03
-1.098980103e-02-1.336777210e-02-1.598610915e-02-1.877859980e-02-2.149976045e-02
-2.397226170e-02-2.621415816e-02-2.834166586e-02-3.050411120e-02-3.283268213e-02
-3.537920490e-02-3.805939108e-02-4.072532803e-02-4.323505238e-02-4.549366236e-02
-4.745548591e-02-4.909555614e-02-5.035117641e-02-5.111955851e-02-5.127882957e-02
-5.068949983e-02-4.919328168e-02-4.660252854e-02-4.262031987e-02-3.692741692e-02
-2.980393916e-02-2.197740972e-02-1.306558121e-02-2.720774151e-03 7.521302905e-03
 1.769913547e-02 2.782269940e-02 3.788514808e-02 4.786376655e-02 5.772567168e-02
 6.726247072e-02 7.627614588e-02 8.496844023e-02-5.586634390e-03-7.064901292e-03
-8.838290349e-03-1.090953778e-02-1.326659415e-02-1.585994661e-02-1.863130741e-02
-2.134029008e-02-2.380092070e-02-2.602057904e-02-2.810722031e-02-3.020557761e-02
-3.244801983e-02-3.489833325e-02-3.749274090e-02-4.008841515e-02-4.253980517e-02
-4.473642260e-02-4.661371559e-02-4.813393205e-02-4.924196377e-02-4.984067380e-02
-4.980665445e-02-4.899570718e-02-4.723788425e-02-4.429230839e-02-3.982807323e-02
-3.372176737e-02-2.652909420e-02-1.844589226e-02-8.841967210e-03 1.060934504e-03
 1.111390535e-02 2.127024531e-02 3.150288016e-02 4.179189354e-02 5.211484805e-02
 6.243921816e-02 7.256356627e-02 8.227746189e-02 9.175337851e-02-5.543517880e-03
-7.001222577e-03-8.749889210e-03-1.079212036e-02-1.311846171e-02-1.567487419e-02
-1.841446571e-02-2.110589296e-02-2.354909666e-02-2.573743276e-02-2.776693366e-02
-2.977322228e-02-3.188617900e-02-3.418383375e-02-3.663661331e-02-3.911470994e-02
-4.147111624e-02-4.357926920e-02-4.535114765e-02-4.672563076e-02-4.764113203e-02
-4.800868034e-02-4.770732298e-02-4.657796398e-02-4.440683499e-02-4.091628268e-02
-3.590306267e-02-2.961294167e-02-2.250824124e-02-1.424580254e-02-4.456767812e-03
 5.445295013e-03 1.550553087e-02 2.573737875e-02 3.614663333e-02 4.673726112e-02
 5.750919506e-02 6.845114380e-02 7.944706827e-02 9.035719186e-02 1.012199968e-01
-5.487022921e-03-6.917953491e-03-8.634526283e-03-1.063924190e-02-1.292614732e-02
-1.543548144e-02-1.813244261e-02-2.080075257e-02-2.322262153e-02-2.537259646e-02
-2.733096853e-02-2.922005020e-02-3.116392717e-02-3.325133398e-02-3.549051657e-02
-3.778067604e-02-3.998169675e-02-4.195648804e-02-4.359264672e-02-4.480171204e-02
-4.550005496e-02-4.558823630e-02-4.493078962e-02-4.334355891e-02-4.060169682e-02
-3.651745245e-02-3.117739595e-02-2.493774891e-02-1.761637256e-02-8.689097129e-03
 6.915868144e-04 1.039888058e-02 2.039558627e-02 3.065990284e-02 4.120500758e-02
 5.207286403e-02 6.331830472e-02 7.498917729e-02 8.710961044e-02 9.969106317e-02
 1.127070934e-01-5.417120177e-03-6.815370172e-03-8.492856286e-03-1.045206375e-02
-1.269155741e-02-1.514507178e-02-1.778640412e-02-2.042275853e-02-2.282498591e-02
-2.493598685e-02-2.681743354e-02-2.857626975e-02-3.032398783e-02-3.214988858e-02
-3.409006074e-02-3.609350696e-02-3.803876042e-02-3.978842869e-02-4.121072218e-02
-4.218823090e-02-4.260798916e-02-4.234397039e-02-4.124626145e-02-3.914483264e-02
-3.591041267e-02-3.158790618e-02-2.640133165e-02-2.028196678e-02-1.280422416e-02
-3.753074212e-03 5.586547311e-03 1.529010013e-02 2.536617592e-02 3.567552194e-02
 4.605893046e-02 5.691298097e-02 6.842634082e-02 8.070864528e-02 9.389315546e-02
 1.081576422e-01 1.237371266e-01-5.333970767e-03-6.693609059e-03-8.324878290e-03
-1.023046393e-02-1.241333969e-02-1.480150130e-02-1.737790368e-02-1.997638308e-02
-2.235877514e-02-2.443592623e-02-2.624666877e-02-2.787753567e-02-2.942429855e-02
-3.096642159e-02-3.254872933e-02-3.416048735e-02-3.572458029e-02-3.711572662e-02
-3.819765896e-02-3.883386403e-02-3.888923675e-02-3.822848946e-02-3.672398254e-02
-3.429166973e-02-3.095961548e-02-2.680092119e-02-2.171423286e-02-1.532736421e-02
-7.381925825e-03 1.084299292e-03 1.004351210e-02 1.955813169e-02 2.976735309e-02
 3.978221864e-02 4.946006462e-02 5.998538062e-02 7.137960196e-02 8.373520523e-02
 9.723648429e-02 1.121726558e-01 1.290059984e-01-5.238235928e-03-6.552639417e-03
-8.129757829e-03-9.972285479e-03-1.208332833e-02-1.440107636e-02-1.690452360e-02
-1.946019754e-02-2.182939276e-02-2.388407290e-02-2.563912049e-02-2.716247179e-02
-2.853188664e-02-2.981313132e-02-3.104579635e-02-3.223300725e-02-3.333391622e-02
-3.426336870e-02-3.490385041e-02-3.512623161e-02-3.480694443e-02-3.384282440e-02
-3.216920793e-02-2.976256795e-02-2.658842690e-02-2.251005359e-02-1.720336080e-02
-1.036977861e-02-2.968090121e-03 4.890469369e-03 1.322817057e-02 2.210222371e-02
 3.142151237e-02 4.063341394e-02 5.028858036e-02 6.050647423e-02 7.139386237e-02
 8.307100087e-02 9.571471065e-02 1.095421389e-01 1.247680709e-01-5.130028818e-03
-6.392764393e-03-7.907688618e-03-9.677597322e-03-1.170590241e-02-1.394682843e-02
-1.636325754e-02-1.886276156e-02-2.121792734e-02-2.326677926e-02-2.499321103e-02
-2.644392475e-02-2.768309228e-02-2.876524441e-02-2.972384170e-02-3.056453355e-02
-3.126233071e-02-3.176415712e-02-3.198968619e-02-3.184982762e-02-3.125652671e-02
-3.013676591e-02-2.842675336e-02-2.605050057e-02-2.288021892e-02-1.869388856e-02
-1.329605747e-02-6.543703377e-03 4.105909611e-04 7.623692509e-03 1.513860561e-02
 2.301133983e-02 3.164894879e-02 4.052216187e-02 4.967287183e-02 5.917353556e-02
 6.909005344e-02 7.948008180e-02 9.044577926e-02 1.020647585e-01 1.142155454e-01
-5.011266563e-03-6.215846632e-03-7.659771014e-03-9.345928207e-03-1.127824746e-02
-1.342885755e-02-1.574233919e-02-1.816591434e-02-2.050096542e-02-2.255571447e-02
-2.427664027e-02-2.569129691e-02-2.685011737e-02-2.779974602e-02-2.857033350e-02
-2.916985936e-02-2.958504483e-02-2.977919020e-02-2.969955094e-02-2.928189002e-02
-2.845641598e-02-2.714460529e-02-2.525144815e-02-2.264190465e-02-1.912293211e-02
-1.452311780e-02-8.718160912e-03-2.651416464e-03 3.602571087e-03 1.001462340e-02
 1.653528772e-02 2.401431091e-02 3.206205368e-02 4.021727666e-02 4.852627590e-02
 5.702189356e-02 6.572359055e-02 7.463189214e-02 8.378389478e-02 9.317308664e-02
 1.025914848e-01-4.888441414e-03-6.028544623e-03-7.391054183e-03-8.979278617e-03
-1.079822890e-02-1.283771172e-02-1.502509322e-02-1.733664982e-02-1.962435618e-02
-2.168466896e-02-2.341626398e-02-2.482262999e-02-2.593910322e-02-2.680493332e-02
-2.744791657e-02-2.787747048e-02-2.808473818e-02-2.804299258e-02-2.770902403e-02
-2.702386305e-02-2.591370046e-02-2.428062819e-02-2.199305966e-02-1.887633093e-02
-1.479706168e-02-9.643411264e-03-4.272482358e-03 1.262082485e-03 6.936101709e-03
 1.269538421e-02 1.885664277e-02 2.585708909e-02 3.296843544e-02 4.018283263e-02
 4.749299586e-02 5.488872156e-02 6.235334277e-02 6.985843182e-02 7.741460949e-02
 8.500338346e-02 9.242726117e-02-4.785210826e-03-5.849140231e-03-7.114598993e-03
-8.584467694e-03-1.026298758e-02-1.215627510e-02-1.418704353e-02-1.633435301e-02
-1.851503737e-02-2.054851130e-02-2.228964306e-02-2.369928360e-02-2.479315363e-02
-2.559969015e-02-2.614154667e-02-2.642628364e-02-2.644476295e-02-2.616987191e-02
-2.555616200e-02-2.453834563e-02-2.302754670e-02-2.090460062e-02-1.802679896e-02
-1.430923678e-02-9.626874700e-03-4.775595386e-03 2.048732276e-04 5.310420878e-03
 1.054970641e-02 1.611758769e-02 2.201107703e-02 2.810012922e-02 3.431168944e-02
 4.059999064e-02 4.693309218e-02 5.328209698e-02 5.961724371e-02 6.590435654e-02
 7.215351611e-02 7.833941281e-02 8.430849761e-02-4.675631411e-03-5.695758853e-03
-6.853543688e-03-8.185662329e-03-9.696015157e-03-1.138945483e-02-1.322684158e-02
-1.514581870e-02-1.711980067e-02-1.903303154e-02-2.073470876e-02-2.212680504e-02
-2.318957448e-02-2.393217757e-02-2.436391450e-02-2.448565885e-02-2.428126521e-02
-2.371583506e-02-2.273358963e-02-2.125578560e-02-1.918617077e-02-1.645345055e-02
-1.303394325e-02-8.744341321e-03-4.307955969e-03 2.429435990e-04 4.890739452e-03
 9.600293823e-03 1.460416336e-02 1.985146292e-02 2.521164529e-02 3.064354323e-02
 3.611622751e-02 4.159879684e-02 4.706119001e-02 5.247523636e-02 5.781491101e-02
 6.305745244e-02 6.825889647e-02 7.330037653e-02 7.813453674e-02-4.631503019e-03
-5.580451339e-03-6.652098615e-03-7.838409394e-03-9.149895050e-03-1.059494913e-02
-1.217228081e-02-1.379948575e-02-1.544831134e-02-1.707923599e-02-1.858930662e-02
-1.986759715e-02-2.083975263e-02-2.146971785e-02-2.174382284e-02-2.164225467e-02
-2.113518678e-02-2.017560229e-02-1.870264299e-02-1.666258089e-02-1.402429771e-02
-1.062649023e-02-6.944027264e-03-2.988047898e-03 1.176815014e-03 5.508262198e-03
 9.934494272e-03 1.443172712e-02 1.911216043e-02 2.392229624e-02 2.880533040e-02
 3.370653093e-02 3.857710585e-02 4.337668046e-02 4.807395861e-02 5.264620483e-02
 5.710920319e-02 6.147232652e-02 6.568761170e-02 6.974171847e-02 7.361658663e-02
-4.815132357e-03-5.722967908e-03-6.679813843e-03-7.676600479e-03-8.728859015e-03
-9.853173047e-03-1.106719021e-02-1.234736387e-02-1.360392198e-02-1.480911765e-02
-1.591724530e-02-1.685740426e-02-1.755111106e-02-1.792921871e-02-1.793622039e-02
-1.752657071e-02-1.666579768e-02-1.533376891e-02-1.347975247e-02-1.094252430e-02
-8.039044216e-03-4.834610503e-03-1.339052105e-03 2.456321381e-03 6.530627608e-03
 1.056059450e-02 1.474980917e-02 1.914474741e-02 2.369550802e-02 2.833705954e-02
 3.299070522e-02 3.757282719e-02 4.200740159e-02 4.624266922e-02 5.026575550e-02
 5.405958742e-02 5.764592439e-02 6.105430424e-02 6.430998445e-02 6.742928177e-02
 7.041747123e-02-5.563626532e-03-6.450152025e-03-7.200882304e-03-7.877388038e-03
-8.546993136e-03-9.245913476e-03-9.992104024e-03-1.079133525e-02-1.161443070e-02
-1.240302157e-02-1.306339540e-02-1.355738472e-02-1.383462828e-02-1.383954193e-02
-1.350651868e-02-1.275052689e-02-1.146424562e-02-9.752994403e-03-7.759793662e-03
-5.420380738e-03-2.754317131e-03 2.233497362e-04 3.509251634e-03 7.092031650e-03
 1.091478858e-02 1.495239977e-02 1.923600771e-02 2.376018651e-02 2.848691121e-02
 3.333380073e-02 3.816457838e-02 4.280927032e-02 4.707373306e-02 5.086062849e-02
 5.411853641e-02 5.691718683e-02 5.939941853e-02 6.169039384e-02 6.388436258e-02
 6.602828205e-02 6.813711673e-02-8.356270380e-03-8.478449658e-03-8.405519649e-03
-8.433992043e-03-8.550108410e-03-8.742021397e-03-8.990621194e-03-9.272043593e-03
-9.553980082e-03-9.794552810e-03-9.945524856e-03-9.963900782e-03-9.806793183e-03
-9.431260638e-03-8.794686757e-03-7.857195102e-03-6.589507218e-03-4.998776130e-03
-3.104804549e-03-9.067544015e-04 1.597046154e-03 4.407451488e-03 7.526022382e-03
 1.095219702e-02 1.469147485e-02 1.876402460e-02 2.320239693e-02 2.804414369e-02
 3.331219405e-02 3.899601102e-02 4.492974654e-02 5.057821050e-02 5.522633344e-02
 5.856673792e-02 6.057666242e-02 6.154962257e-02 6.217739731e-02 6.291545928e-02
 6.385491788e-02 6.497664005e-02 6.623656303e-02-1.033569872e-02-9.930858389e-03
-9.160658345e-03-8.636679500e-03-8.297762834e-03-8.089586161e-03-7.960388437e-03
-7.867278531e-03-7.772617508e-03-7.640578318e-03-7.436073385e-03-7.124796510e-03
-6.673387252e-03-6.049679592e-03-5.223391112e-03-4.167895764e-03-2.862188267e-03
-1.293449895e-03 5.398511421e-04 2.629257739e-03 4.999298137e-03 7.661739830e-03
 1.062725857e-02 1.390674710e-02 1.753243245e-02 2.155219205e-02 2.603128739e-02
 3.106501698e-02 3.680998087e-02 4.353541508e-02 5.176077038e-02 6.005575508e-02
 6.557020545e-02 6.844778359e-02 6.826085597e-02 6.568822265e-02 6.393762678e-02
 6.317302585e-02 6.307148933e-02 6.341024488e-02 6.405038387e-02-9.471749887e-03
-9.109735489e-03-8.343620226e-03-7.786011323e-03-7.366609294e-03-7.037501782e-03
-6.745832972e-03-6.452744827e-03-6.137685385e-03-5.779062398e-03-5.351146217e-03
-4.833158571e-03-4.202507902e-03-3.437714884e-03-2.510209102e-03-1.396649168e-03
-7.674559311e-05 1.465732697e-03 3.238319885e-03 5.234916694e-03 7.473981474e-03
 9.971620515e-03 1.274296362e-02 1.580808870e-02 1.919461042e-02 2.294122241e-02
 2.710175887e-02 3.175450116e-02 3.701857477e-02 4.308087006e-02 5.033850670e-02
 5.760638416e-02 6.243294477e-02 6.497237086e-02 6.481080502e-02 6.268119812e-02
 6.129239872e-02 6.061065942e-02 6.043429673e-02 6.061988696e-02 6.070501730e-02
-1.174882334e-02-6.176406052e-03-6.155547686e-03-5.997940898e-03-5.789047573e-03
-5.562397651e-03-5.276589654e-03-4.928518552e-03-4.516850226e-03-4.067359027e-03
-3.545808606e-03-2.930043032e-03-2.216448775e-03-1.395569765e-03-4.404535866e-04
 6.762532867e-04 1.976848347e-03 3.474297933e-03 5.172310863e-03 7.069406565e-03
 9.168418124e-03 1.147728972e-02 1.400716044e-02 1.677102409e-02 1.978314854e-02
 2.305827662e-02 2.660988085e-02 3.044371307e-02 3.454520553e-02 3.884713724e-02
 4.316170514e-02 4.717060924e-02 5.046344921e-02 5.283354595e-02 5.427015945e-02
 5.502307042e-02 5.545148998e-02 5.580754578e-02 5.621637031e-02 5.671891198e-02
 7.450956851e-02
 1.865229368e+00 1.953052640e+00 2.044134617e+00 2.140928984e+00 2.221121788e+00
 2.292486668e+00 2.335283518e+00 2.362076998e+00 2.392162800e+00 2.426067591e+00
 2.465151787e+00 2.522070169e+00 2.603390932e+00 2.715264082e+00 2.844925642e+00
 3.013945103e+00 3.254041910e+00 3.566146612e+00 3.966581583e+00 4.507712364e+00
 5.236378193e+00 6.143437862e+00 7.210326672e+00 8.203574181e+00 8.866371155e+00
 9.082940102e+00 9.034911156e+00 8.829686165e+00 8.622782707e+00 8.441282272e+00
 8.311295509e+00 8.294144630e+00 8.450771332e+00 8.734607697e+00 9.184929848e+00
 9.838150978e+00 1.067212582e+01 1.170080566e+01 1.301603985e+01 1.510134029e+01
 1.922632599e+01
  201   33
 2.922245264e-01 4.148008302e-02 2.922658622e-01 6.590006500e-02 2.923590541e-01
 9.036246687e-02 2.925048769e-01 1.149109527e-01 2.927043438e-01 1.395897418e-01
 2.929589450e-01 1.644439697e-01 2.932709157e-01 1.895198077e-01 2.936434150e-01
 2.148648649e-01 2.940788567e-01 2.405287623e-01 2.945802510e-01 2.665634453e-01
 2.951533496e-01 2.930228114e-01 2.958027720e-01 3.199642599e-01 2.965325415e-01
 3.474491835e-01 2.973497808e-01 3.755424321e-01 2.982637584e-01 4.043127000e-01
 2.992823124e-01 4.338350594e-01 3.004161716e-01 4.641897976e-01 3.016796708e-01
 4.954626560e-01 3.030888438e-01 5.277466178e-01 3.046606779e-01 5.611435771e-01
 3.064213693e-01 5.957600474e-01 3.084036410e-01 6.317090988e-01 3.106401265e-01
 6.691165566e-01 3.131720424e-01 7.081161737e-01 3.160500824e-01 7.488497496e-01
 3.193432391e-01 7.914591432e-01 3.231363595e-01 8.360874057e-01 3.275305927e-01
 8.828775883e-01 3.326625228e-01 9.319487214e-01 3.387199640e-01 9.833669066e-01
 3.459279835e-01 1.037146926e+00 3.544974625e-01 1.093312860e+00 3.647005558e-01
 1.151786208e+00 3.770719767e-01 1.212011337e+00 3.920732141e-01 1.273391485e+00
 4.111672342e-01 1.333181977e+00 4.371483326e-01 1.384918094e+00 4.710659981e-01
 1.423968673e+00 5.118653774e-01 1.449455380e+00 5.571639538e-01 1.464054465e+00
 6.050741076e-01 1.470288992e+00 6.544424295e-01 1.469505668e+00 7.045269012e-01
 1.462264061e+00 7.547490001e-01 1.448799849e+00 8.048721552e-01 1.427775979e+00
 8.548255563e-01 1.395758748e+00 9.027336836e-01 1.360164523e+00 9.485641718e-01
 1.318967104e+00 9.918402433e-01 1.273021340e+00 1.032153010e+00 1.224224567e+00
 1.069322228e+00 1.176285863e+00 1.103365898e+00 1.124765992e+00 1.134160399e+00
 1.072053432e+00 1.161663532e+00 1.018348932e+00 1.186031818e+00 9.653310180e-01
 1.207617879e+00 9.146440029e-01 1.226288676e+00 8.643265963e-01 1.242827892e+00
 8.176993728e-01 1.256646514e+00 7.710600495e-01 1.267945528e+00 7.251457572e-01
 1.278667569e+00 6.857786179e-01 1.288990259e+00 6.516313553e-01 1.298283219e+00
 6.197693348e-01 1.306807756e+00 5.902765989e-01 1.315071940e+00 5.637246966e-01
 1.322699070e+00 5.387601256e-01 1.329326153e+00 5.144254565e-01 1.335141063e+00
 4.909550846e-01 1.340484262e+00 4.687629938e-01 1.345593214e+00 4.480005205e-01
 1.350626588e+00 4.286623001e-01 1.355715156e+00 4.106956124e-01 1.360689878e+00
 3.936831355e-01 1.365344524e+00 3.772515059e-01 1.369569421e+00 3.612109125e-01
 1.373314857e+00 3.454727232e-01 1.376658320e+00 3.300879300e-01 1.379721284e+00
 3.151336908e-01 1.382586122e+00 3.006345034e-01 1.385320902e+00 2.865938246e-01
 1.387980103e+00 2.729986310e-01 1.390605927e+00 2.598242462e-01 1.393276691e+00
 2.470678985e-01 1.395982981e+00 2.346667349e-01 1.398640752e+00 2.225245237e-01
 1.401165485e+00 2.105626911e-01 1.403494000e+00 1.987294406e-01 1.405575514e+00
 1.869898885e-01 1.407368779e+00 1.753222048e-01 1.408885837e+00 1.637305468e-01
 1.410202384e+00 1.522388309e-01 1.411345720e+00 1.408471614e-01 1.412338138e+00
 1.295516640e-01 1.413198471e+00 1.183455735e-01 1.413942575e+00 1.072199941e-01
 1.414584160e+00 9.616424888e-02 1.415134430e+00 8.516637981e-02 1.415587187e+00
 7.421182096e-02 1.415935874e+00 6.328722835e-02 1.416180134e+00 5.238059536e-02
 1.416319251e+00 4.148015007e-02 1.416352034e+00 3.057436086e-02 1.416276813e+00
 1.965168118e-02 1.416091323e+00 8.700889535e-03 1.415793180e+00-2.289236756e-03
 1.415395975e+00-1.333247777e-02 1.414898157e+00-2.444189973e-02 1.414286971e+00
-3.562852740e-02 1.413548231e+00-4.690199345e-02 1.412665725e+00-5.827026442e-02
 1.411619663e+00-6.973892450e-02 1.410386920e+00-8.131061494e-02 1.408928752e+00
-9.297949821e-02 1.407172084e+00-1.047204435e-01 1.405137658e+00-1.165425107e-01
 1.402866960e+00-1.284692585e-01 1.400411963e+00-1.405378878e-01 1.397837162e+00
-1.528028995e-01 1.395218968e+00-1.653401107e-01 1.392646194e+00-1.782504767e-01
 1.390076041e+00-1.915609837e-01 1.387450933e+00-2.052856386e-01 1.384722829e+00
-2.194417417e-01 1.381830931e+00-2.340331972e-01 1.378702402e+00-2.490469813e-01
 1.375250340e+00-2.644478083e-01 1.371353030e+00-2.801498473e-01 1.366992712e+00
-2.961605489e-01 1.362225175e+00-3.125784993e-01 1.357164979e+00-3.296042085e-01
 1.352005363e+00-3.475996256e-01 1.346863031e+00-3.669085801e-01 1.341590047e+00
-3.875449300e-01 1.335999250e+00-4.094458222e-01 1.329827309e+00-4.323765337e-01
 1.322733879e+00-4.558678567e-01 1.314640880e+00-4.798481762e-01 1.305953860e+00
-5.053430200e-01 1.296995163e+00-5.335556269e-01 1.287213326e+00-5.637353063e-01
 1.276425242e+00-5.959169269e-01 1.265318513e+00-6.331428885e-01 1.253781676e+00
-6.769411564e-01 1.240088224e+00-7.224820256e-01 1.223921299e+00-7.689552903e-01
 1.205906868e+00-8.208802938e-01 1.185074449e+00-8.747910261e-01 1.161489606e+00
-9.335469007e-01 1.134563684e+00-9.954991341e-01 1.103902578e+00-1.058877110e+00
 1.069322467e+00-1.123240590e+00 1.030729890e+00-1.186555982e+00 9.882727861e-01
-1.246767640e+00 9.423647523e-01-1.301592231e+00 8.931040168e-01-1.353432655e+00
 8.414427042e-01-1.397296309e+00 7.873683572e-01-1.436575174e+00 7.329443097e-01
-1.463389516e+00 6.773362160e-01-1.485205770e+00 6.210100651e-01-1.501621366e+00
 5.650214553e-01-1.510598898e+00 5.096786022e-01-1.512990594e+00 4.550152719e-01
-1.510082841e+00 4.010079205e-01-1.502903819e+00 3.653135300e-01-1.497718692e+00
 3.725180030e-01-1.326075673e+00 3.650147021e-01-1.239650965e+00 3.564428985e-01
-1.163933396e+00 3.483494222e-01-1.094591618e+00 3.411793411e-01-1.029949903e+00
 3.350501657e-01-9.691589475e-01 3.298445642e-01-9.118490219e-01 3.253625929e-01
-8.578128815e-01 3.214814961e-01-8.067789078e-01 3.181055784e-01-7.584846020e-01
 3.151462376e-01-7.126960754e-01 3.125318289e-01-6.691935658e-01 3.102089465e-01
-6.277684569e-01 3.081434369e-01-5.882219076e-01 3.062966764e-01-5.503833294e-01
 3.046361506e-01-5.140969753e-01 3.031363487e-01-4.792194068e-01 3.017820120e-01
-4.456158280e-01 3.005596399e-01-4.131649435e-01 2.994526625e-01-3.817593753e-01
 2.984523475e-01-3.512977958e-01 2.975475788e-01-3.216895461e-01 2.967288196e-01
-2.928510010e-01 2.959944308e-01-2.647021115e-01 2.953383923e-01-2.371712774e-01
 2.947523296e-01-2.101929784e-01 2.942353189e-01-1.837035120e-01 2.937853336e-01
-1.576439738e-01 2.933955193e-01-1.319601089e-01 2.930643857e-01-1.065990403e-01
 2.927914560e-01-8.151032776e-02 2.925732136e-01-5.664614961e-02 2.924077809e-01
-3.195996583e-02 2.922948897e-01-7.406339049e-03 2.922342718e-01 1.705910638e-02
 2.922245264e-01 4.148008302e-02
 1.851000041e-01 0.000000000e+00 1.851000041e-01 1.008100033e+00 2.793999910e-01
 1.171399951e+00 2.793999910e-01 1.577999949e+00 2.978999913e-01 1.603399992e+00
 5.712000132e-01 1.603399992e+00 6.169999838e-01 1.628000021e+00 1.043300033e+00
 1.460287452e+00 1.043300033e+00 1.429999948e+00 1.319200039e+00 1.039700031e+00
 1.335800052e+00 9.976000190e-01 1.485100031e+00 5.450000167e-01 1.483999968e+00
 4.900000095e-01 1.559000015e+00 1.141000018e-01 1.565000057e+00 7.636000216e-02
 1.569000006e+00 3.826100007e-02 1.570000052e+00 0.000000000e+00 1.569000006e+00
-3.826100007e-02 1.565000057e+00-7.636000216e-02 1.559000015e+00-1.141000018e-01
 1.483999968e+00-4.900000095e-01 1.485100031e+00-5.450000167e-01 1.335800052e+00
-9.976000190e-01 1.319200039e+00-1.039700031e+00 1.043300033e+00-1.429999948e+00
 1.043300033e+00-1.460287452e+00 6.169999838e-01-1.628000021e+00 5.712000132e-01
-1.603399992e+00 2.978999913e-01-1.603399992e+00 2.793999910e-01-1.577999949e+00
 2.793999910e-01-1.171399951e+00 1.851000041e-01-1.008100033e+00 1.851000041e-01
 0.000000000e+00
    0 0.000000000e+00    0
 0.000000000e+00 8.980970830e-02 1.264716238e-01 1.565956473e-01 1.828704476e-01
 2.065706253e-01 2.283306122e-01 2.484672219e-01 2.673036158e-01 2.851277888e-01
 3.021459579e-01 3.185597062e-01 3.345878720e-01 3.504485190e-01 3.662968576e-01
 3.822759986e-01 3.986594081e-01 4.157561660e-01 4.338480532e-01 4.533313215e-01
 4.747423232e-01 4.986028671e-01 5.252366066e-01 5.544575453e-01 5.851522088e-01
 6.157646179e-01 6.451634765e-01 6.728766561e-01 6.988757849e-01 7.233893275e-01
 7.466717958e-01 7.690380812e-01 7.909548879e-01 8.128384352e-01 8.350374103e-01
 8.579766154e-01 8.820459247e-01 9.075710773e-01 9.349405766e-01 9.650056362e-01
 1.000466347e+00
    1
 4.116330566e+03 3.940530762e+03 3.759397461e+03 3.569094971e+03 3.368547119e+03
 3.159698730e+03 2.946933350e+03 2.738139648e+03 2.544000732e+03 2.371359863e+03
 2.220646240e+03 2.085947266e+03 1.957032959e+03 1.830942749e+03 1.711239624e+03
 1.599796387e+03 1.496108032e+03 1.397323120e+03 1.300199097e+03 1.206751587e+03
 1.120209717e+03 1.041797363e+03 9.702926025e+02 9.024613647e+02 8.367589722e+02
 7.779370728e+02 7.299907227e+02 6.936271973e+02 6.662063599e+02 6.423922729e+02
 6.152326660e+02 5.780125732e+02 5.270028687e+02 4.624794617e+02 3.887343140e+02
 3.129314270e+02 2.444073029e+02 1.911979218e+02 1.568941956e+02 1.395143127e+02
 1.319870911e+02
