LRDFITv2   06/14/2007    #125006 00300ms           3  41  41
 1.614899993e+00 3.480000019e+00 8.632319570e-01 1.851000041e-01 0.000000000e+00
 1.052571416e+00 3.986175731e-02 5.198996142e-02 1.385466475e-02-4.883091152e-01
 7.170180625e+05 5.198996142e-02 0.000000000e+00 1.052571416e+00 0.000000000e+00
 3.986175731e-02 0.000000000e+00 1.385466475e-02 0.000000000e+00 0.000000000e+00
-4.240452945e-01-4.242452681e-01-4.244144857e-01-4.245340824e-01-4.246052206e-01
-4.246482253e-01-4.246848524e-01-4.247165918e-01-4.247393310e-01-4.247495532e-01
-4.247446954e-01-4.247230291e-01-4.246841967e-01-4.246288240e-01-4.245587587e-01
-4.244768322e-01-4.243866503e-01-4.242924154e-01-4.241977334e-01-4.241040945e-01
-4.240124226e-01-4.239234626e-01-4.238378108e-01-4.237558246e-01-4.236776233e-01
-4.236030281e-01-4.235316515e-01-4.234628677e-01-4.233958721e-01-4.233296812e-01
-4.232585132e-01-4.231659174e-01-4.230366051e-01-4.228619635e-01-4.226419330e-01
-4.223850071e-01-4.221063256e-01-4.218358994e-01-4.216358662e-01-4.215420187e-01
-4.215242565e-01
 1.155406152e+04 1.123275879e+04 1.090721777e+04 1.057355371e+04 1.022871387e+04
 9.870769531e+03 9.498998047e+03 9.114121094e+03 8.718069336e+03 8.313906250e+03
 7.905480469e+03 7.497488281e+03 7.095954590e+03 6.707088379e+03 6.336597656e+03
 5.989375488e+03 5.669519043e+03 5.379839844e+03 5.122071777e+03 4.896614746e+03
 4.702489746e+03 4.537617188e+03 4.398541016e+03 4.280910156e+03 4.179442383e+03
 4.088196777e+03 4.000696289e+03 3.907362793e+03 3.795484619e+03 3.653121094e+03
 3.470544434e+03 3.240499268e+03 2.959252197e+03 2.626299072e+03 2.244716553e+03
 1.820969604e+03 1.364155396e+03 8.857828979e+02 4.076544800e+02 7.782884216e+01
 8.270636201e-01
-9.217481315e-02-8.469147980e-02-6.523298472e-02-4.150834307e-02-2.292467467e-02
-1.684733666e-02-1.565617695e-02-1.249878574e-02-7.636213209e-03-1.386479358e-03
 5.824486725e-03 1.350703463e-02 2.113647945e-02 2.819340117e-02 3.419574723e-02
 3.873785958e-02 4.150750116e-02 4.233525693e-02 4.205454141e-02 4.136653244e-02
 4.030090198e-02 3.893001378e-02 3.734843060e-02 3.566342592e-02 3.399014100e-02
 3.244218975e-02 3.112569638e-02 3.012916073e-02 2.952734195e-02 2.948717959e-02
 3.479773179e-02 4.823369533e-02 6.716918200e-02 8.806617558e-02 1.069950238e-01
 1.204364821e-01 1.261794865e-01 1.100779027e-01 6.546913087e-02 1.934419572e-02
-1.013364727e-05
 3.366926250e+05 3.389811562e+05 3.456115000e+05 3.559424375e+05 3.689594375e+05
 3.833880312e+05 3.978166250e+05 4.108337188e+05 4.211643438e+05 4.277899688e+05
 4.300830312e+05 4.266585312e+05 4.165245625e+05 4.000901562e+05 3.780194688e+05
 3.512109062e+05 3.207351562e+05 2.878360000e+05 2.538362188e+05 2.201139219e+05
 1.880271250e+05 1.588807344e+05 1.338438281e+05 1.139338984e+05 9.995398438e+04
 9.246625781e+04 9.244458594e+04 1.051587578e+05 1.312588281e+05 1.689371094e+05
 2.156179844e+05 2.681621875e+05 3.229936562e+05 3.764072812e+05 4.247736562e+05
 4.648399688e+05 4.939556562e+05 5.105548750e+05 4.810617812e+05 1.939716562e+05
-4.438162231e+02
 1.748506725e-02 1.062781736e-02 1.088712364e-02 1.093080919e-02 1.074526086e-02
 1.044849586e-02 1.015195902e-02 9.839970618e-03 9.494656697e-03 9.095409885e-03
 8.627686650e-03 8.034972474e-03 7.250715513e-03 6.312993355e-03 5.198171362e-03
 3.883805359e-03 2.349389717e-03 5.838591023e-04-1.414021128e-03-3.638311289e-03
-6.087821443e-03-8.767843246e-03-1.168902498e-02-1.486591902e-02-1.831555367e-02
-2.205619402e-02-2.610500902e-02-3.047008067e-02-3.513484076e-02-4.001820087e-02
-4.489073902e-02-4.936246946e-02-5.293013901e-02-5.534182489e-02-5.658722296e-02
-5.697713420e-02-5.695741624e-02-5.684184656e-02-5.678993091e-02-5.684220046e-02
-7.575821131e-02 1.520066336e-02 1.445784140e-02 1.361145824e-02 1.302148402e-02
 1.260186173e-02 1.229191851e-02 1.204144582e-02 1.181369368e-02 1.156594232e-02
 1.125272829e-02 1.083588507e-02 1.029662788e-02 9.594068862e-03 8.682534099e-03
 7.537248544e-03 6.174965762e-03 4.584112670e-03 2.752397209e-03 6.550265243e-04
-1.719929511e-03-4.362311214e-03-7.278763689e-03-1.048756111e-02-1.401430275e-02
-1.789481379e-02-2.217774652e-02-2.693067305e-02-3.225151822e-02-3.828927875e-02
-4.527692124e-02-5.370697007e-02-6.212164462e-02-6.750208139e-02-7.004210353e-02
-6.923537701e-02-6.598947942e-02-6.364805251e-02-6.217346713e-02-6.132163480e-02
-6.091487780e-02-6.145165488e-02 1.579600200e-02 1.543781720e-02 1.454116032e-02
 1.398079377e-02 1.368506998e-02 1.358126942e-02 1.359375194e-02 1.365161780e-02
 1.368647348e-02 1.363640465e-02 1.344718505e-02 1.307116728e-02 1.246593613e-02
 1.159899309e-02 1.045837998e-02 9.054116905e-03 7.392136380e-03 5.471021403e-03
 3.280384932e-03 7.888849941e-04-1.987043535e-03-5.054790992e-03-8.437072858e-03
-1.218176074e-02-1.631561853e-02-2.088750713e-02-2.597394772e-02-3.169600293e-02
-3.825011477e-02-4.597200453e-02-5.550597608e-02-6.509310007e-02-7.122426480e-02
-7.408142835e-02-7.314237952e-02-6.924899668e-02-6.636097282e-02-6.468543410e-02
-6.382913888e-02-6.352242082e-02-6.345243752e-02 1.307447255e-02 1.334235631e-02
 1.336123701e-02 1.353835594e-02 1.387779508e-02 1.438140497e-02 1.500729658e-02
 1.568124071e-02 1.627524570e-02 1.670959592e-02 1.692132652e-02 1.685701497e-02
 1.644517668e-02 1.560238842e-02 1.429495867e-02 1.275377441e-02 1.097266190e-02
 8.910924196e-03 6.573442835e-03 3.960105125e-03 1.067085541e-03-2.112988383e-03
-5.592732690e-03-9.394844994e-03-1.354691479e-02-1.807433926e-02-2.300434560e-02
-2.839609981e-02-3.426605836e-02-4.059889540e-02-4.719574749e-02-5.340255424e-02
-5.834480375e-02-6.164959446e-02-6.329497695e-02-6.364901364e-02-6.357079744e-02
-6.362799555e-02-6.393885612e-02-6.448578089e-02-6.520801038e-02 9.182108566e-03
 1.043296326e-02 1.151463203e-02 1.251397654e-02 1.354852505e-02 1.469099149e-02
 1.592256874e-02 1.707553864e-02 1.805190928e-02 1.881066337e-02 1.933033764e-02
 1.959163696e-02 1.956478134e-02 1.920831949e-02 1.846994087e-02 1.728499122e-02
 1.550889015e-02 1.315368153e-02 1.063162461e-02 7.861956023e-03 4.837123211e-03
 1.555784256e-03-1.988135511e-03-5.801642779e-03-9.890177287e-03-1.425761636e-02
-1.889432780e-02-2.376946248e-02-2.882916853e-02-3.397213668e-02-3.904440627e-02
-4.386187717e-02-4.818214104e-02-5.188637227e-02-5.491798744e-02-5.737118050e-02
-5.943028256e-02-6.125713140e-02-6.297500432e-02-6.464853138e-02-6.630316377e-02
 8.029444143e-03 9.237882681e-03 1.050860528e-02 1.182893943e-02 1.323971618e-02
 1.477527153e-02 1.638490893e-02 1.784238592e-02 1.906469092e-02 2.004019357e-02
 2.077137865e-02 2.126155421e-02 2.150716260e-02 2.149275504e-02 2.118683048e-02
 2.053234726e-02 1.943493821e-02 1.777217351e-02 1.539331488e-02 1.237584464e-02
 9.202190675e-03 5.824414082e-03 2.225854667e-03-1.593987225e-03-5.624325480e-03
-9.887020104e-03-1.434955839e-02-1.896340959e-02-2.367311157e-02-2.840766683e-02
-3.308032081e-02-3.760116175e-02-4.189059511e-02-4.590969160e-02-4.968999326e-02
-5.318098515e-02-5.641995743e-02-5.945138261e-02-6.231184676e-02-6.502859294e-02
-6.761613488e-02 7.627959829e-03 8.808513172e-03 1.012031175e-02 1.154963486e-02
 1.312732883e-02 1.486559771e-02 1.667753793e-02 1.830244064e-02 1.967538521e-02
 2.079298347e-02 2.167032100e-02 2.232212014e-02 2.275585197e-02 2.296683565e-02
 2.293952927e-02 2.264366113e-02 2.202860638e-02 2.101020515e-02 1.944876090e-02
 1.715429500e-02 1.390512660e-02 1.048726030e-02 6.832213607e-03 2.954828320e-03
-1.115873223e-03-5.357069895e-03-9.765951894e-03-1.436505839e-02-1.904871687e-02
-2.377657034e-02-2.850429714e-02-3.318579122e-02-3.777746856e-02-4.224255681e-02
-4.655192792e-02-5.068387464e-02-5.472677946e-02-5.873703957e-02-6.258492172e-02
-6.626395136e-02-6.976190209e-02 7.543312851e-03 8.741269819e-03 1.002716552e-02
 1.150072645e-02 1.316552144e-02 1.501930319e-02 1.693435386e-02 1.865258068e-02
 2.011705004e-02 2.133292332e-02 2.232157439e-02 2.310305461e-02 2.368709631e-02
 2.407187223e-02 2.424753271e-02 2.419568412e-02 2.388788946e-02 2.328023314e-02
 2.230657823e-02 2.085232362e-02 1.873215474e-02 1.577037014e-02 1.181596052e-02
 7.743118331e-03 3.513574833e-03-8.691028343e-04-5.398873705e-03-1.006439794e-02
-1.488631126e-02-1.980050467e-02-2.478336170e-02-2.981228009e-02-3.485455737e-02
-3.987643495e-02-4.484783486e-02-4.974254221e-02-5.454069003e-02-5.923504382e-02
-6.405134499e-02-6.871259958e-02-7.316368073e-02 7.528695278e-03 8.665020578e-03
 1.000308711e-02 1.154375728e-02 1.328661665e-02 1.523122378e-02 1.720894501e-02
 1.898475736e-02 2.051534317e-02 2.181225456e-02 2.290248126e-02 2.380733751e-02
 2.453493886e-02 2.508184314e-02 2.543683723e-02 2.558139153e-02 2.549177781e-02
 2.513875067e-02 2.448552102e-02 2.347483672e-02 2.200845070e-02 1.989576034e-02
 1.683150232e-02 1.255858783e-02 8.157337084e-03 3.593386151e-03-1.127360272e-03
-5.996197928e-03-1.100289915e-02-1.615318842e-02-2.150342055e-02-2.703797072e-02
-3.267846629e-02-3.837750852e-02-4.410317540e-02-4.982683435e-02-5.552053079e-02
-6.115407124e-02-6.684087962e-02-7.261273265e-02-7.816003263e-02 7.483702619e-03
 8.659663610e-03 1.005010959e-02 1.165382750e-02 1.347044203e-02 1.549962815e-02
 1.752497442e-02 1.934572868e-02 2.093600668e-02 2.231658064e-02 2.351905033e-02
 2.456357516e-02 2.545386553e-02 2.618189901e-02 2.673152834e-02 2.707676403e-02
 2.718821168e-02 2.703326195e-02 2.657986619e-02 2.579255030e-02 2.462505363e-02
 2.299113013e-02 2.070975117e-02 1.743169688e-02 1.282536518e-02 8.055566810e-03
 3.099797061e-03-2.021190012e-03-7.274740841e-03-1.260870043e-02-1.826895960e-02
-2.457477152e-02-3.097559325e-02-3.747193143e-02-4.405613989e-02-5.071399361e-02
-5.742573738e-02-6.416100264e-02-7.103295624e-02-7.811588794e-02-8.503127843e-02
 7.520178799e-03 8.726393804e-03 1.016125549e-02 1.182237454e-02 1.370799728e-02
 1.581669599e-02 1.788382418e-02 1.975301281e-02 2.141387574e-02 2.289777435e-02
 2.423977852e-02 2.545877919e-02 2.655403130e-02 2.751290798e-02 2.830909006e-02
 2.890508994e-02 2.925713919e-02 2.931828983e-02 2.904411778e-02 2.839790657e-02
 2.735065483e-02 2.587855980e-02 2.392426133e-02 2.132436074e-02 1.769659854e-02
 1.262188703e-02 7.343592122e-03 1.844540006e-03-3.851400223e-03-9.719409980e-03
-1.572564058e-02-2.244848944e-02-2.963635884e-02-3.696292639e-02-4.444938898e-02
-5.211183429e-02-5.996003747e-02-6.798812747e-02-7.633693516e-02-8.509091288e-02
-9.386174381e-02 7.587440778e-03 8.830955252e-03 1.031424198e-02 1.203548815e-02
 1.399296150e-02 1.617102697e-02 1.828394271e-02 2.021211945e-02 2.196232788e-02
 2.357731946e-02 2.509552054e-02 2.653233893e-02 2.788549662e-02 2.913468517e-02
 3.024321422e-02 3.116039932e-02 3.182517737e-02 3.217045963e-02 3.213018924e-02
 3.164754808e-02 3.068273328e-02 2.922017127e-02 2.726314217e-02 2.480500750e-02
 2.170818672e-02 1.753941551e-02 1.179440692e-02 5.804447923e-03-4.494742607e-04
-6.957593374e-03-1.372432988e-02-2.077212185e-02-2.856865898e-02-3.661510721e-02
-4.491729662e-02-5.353391171e-02-6.252092123e-02-7.192987949e-02-8.196474612e-02
-9.278969467e-02-1.040965840e-01 7.669886108e-03 8.955786936e-03 1.049236488e-02
 1.227889955e-02 1.431502309e-02 1.656041853e-02 1.872074232e-02 2.071731724e-02
 2.257488668e-02 2.434691228e-02 2.607204393e-02 2.776412852e-02 2.941624820e-02
 3.100078180e-02 3.247180581e-02 3.376474231e-02 3.480229154e-02 3.549999371e-02
 3.577233851e-02 3.553792089e-02 3.472739086e-02 3.329674155e-02 3.124456480e-02
 2.861559764e-02 2.545456029e-02 2.166488767e-02 1.671847142e-02 1.008102950e-02
 3.224135609e-03-3.927717917e-03-1.142013166e-02-1.931017265e-02-2.760434523e-02
-3.608373553e-02-4.492677748e-02-5.424903333e-02-6.415507197e-02-7.476057112e-02
-8.635238558e-02-9.923665971e-02-1.133974344e-01 7.758949883e-03 9.089437313e-03
 1.068121847e-02 1.253423654e-02 1.464852970e-02 1.695560291e-02 1.916925237e-02
 2.124444582e-02 2.322363481e-02 2.516856603e-02 2.711405419e-02 2.907258086e-02
 3.103030846e-02 3.295112401e-02 3.477541730e-02 3.642431274e-02 3.780966997e-02
 3.884461522e-02 3.944649175e-02 3.953149170e-02 3.900936618e-02 3.778788820e-02
 3.579397127e-02 3.302135319e-02 2.955780178e-02 2.550958470e-02 2.075698413e-02
 1.450149994e-02 7.250144612e-03-3.474204568e-04-8.340620436e-03-1.679684781e-02
-2.584015764e-02-3.487401083e-02-4.377303645e-02-5.339245871e-02-6.376571208e-02
-7.498960942e-02-8.736916631e-02-1.012856513e-01-1.169369593e-01 7.848314010e-03
 9.223764762e-03 1.087109372e-02 1.279126853e-02 1.498553809e-02 1.734469645e-02
 1.961136796e-02 2.176733129e-02 2.387102321e-02 2.598537691e-02 2.814186551e-02
 3.034589626e-02 3.257463872e-02 3.477752209e-02 3.687743098e-02 3.878261521e-02
 4.040885344e-02 4.168586805e-02 4.254985228e-02 4.293314740e-02 4.275253788e-02
 4.190117866e-02 4.025172442e-02 3.768585995e-02 3.417190164e-02 2.985489182e-02
 2.493757010e-02 1.924795844e-02 1.178933308e-02 3.947037272e-03-4.283257760e-03
-1.289461739e-02-2.187559195e-02-3.112150542e-02-4.052174464e-02-5.036702752e-02
-6.080565229e-02-7.193329930e-02-8.400240541e-02-9.728726000e-02-1.117739901e-01
 7.933034562e-03 9.351075627e-03 1.105113234e-02 1.303532906e-02 1.530652773e-02
 1.770816185e-02 2.002173476e-02 2.225375362e-02 2.447302081e-02 2.673899196e-02
 2.907735109e-02 3.148401529e-02 3.392364457e-02 3.632827476e-02 3.860479966e-02
 4.066245258e-02 4.243236780e-02 4.386583343e-02 4.491989315e-02 4.554215446e-02
 4.566167668e-02 4.518190771e-02 4.397464171e-02 4.188050330e-02 3.873663023e-02
 3.449953347e-02 2.940393612e-02 2.376098000e-02 1.725552417e-02 8.920461871e-03
 4.283689195e-04-8.292099461e-03-1.726011001e-02-2.648078278e-02-3.597475961e-02
-4.577737302e-02-5.593041703e-02-6.646954268e-02-7.753612846e-02-8.924864978e-02
-1.013524979e-01 8.008405566e-03 9.463817813e-03 1.120989211e-02 1.324951649e-02
 1.558649167e-02 1.802103221e-02 2.037817799e-02 2.267844416e-02 2.499722689e-02
 2.738793567e-02 2.987037413e-02 3.243001923e-02 3.501807898e-02 3.755078837e-02
 3.992826864e-02 4.207070544e-02 4.392820969e-02 4.547010362e-02 4.666562378e-02
 4.747245088e-02 4.783125594e-02 4.766021296e-02 4.684301838e-02 4.522427171e-02
 4.261121154e-02 3.880664706e-02 3.378503770e-02 2.790112048e-02 2.145164087e-02
 1.357237250e-02 5.058445968e-03-3.691817401e-03-1.265105791e-02-2.180769481e-02
-3.115677647e-02-4.069520161e-02-5.041746423e-02-6.030920893e-02-7.034455240e-02
-8.046235889e-02-9.054496139e-02 8.070631884e-03 9.556357749e-03 1.133936085e-02
 1.342285611e-02 1.581101678e-02 1.827331446e-02 2.066695504e-02 2.302367613e-02
 2.542199194e-02 2.790934034e-02 3.049838915e-02 3.316593170e-02 3.585132957e-02
 3.845933825e-02 4.089214280e-02 4.308238998e-02 4.499581084e-02 4.661159590e-02
 4.790386558e-02 4.883725196e-02 4.937159270e-02 4.944230989e-02 4.894762114e-02
 4.774003848e-02 4.562328011e-02 4.237572104e-02 3.779581562e-02 3.198679164e-02
 2.550085448e-02 1.844676957e-02 9.615830146e-03 7.220889092e-04-8.278724737e-03
-1.738596149e-02-2.658802457e-02-3.586922586e-02-4.520807043e-02-5.457373708e-02
-6.382603943e-02-7.280530781e-02-8.158524334e-02 8.117693476e-03 9.625836276e-03
 1.143574342e-02 1.355050039e-02 1.597391628e-02 1.845953986e-02 2.088185772e-02
 2.328159288e-02 2.573896386e-02 2.829552256e-02 3.095837682e-02 3.369748965e-02
 3.644295409e-02 3.909342736e-02 4.155606404e-02 4.377371445e-02 4.572234303e-02
 4.738553613e-02 4.873856530e-02 4.976111278e-02 5.042674392e-02 5.067675561e-02
 5.041705072e-02 4.951750860e-02 4.779835045e-02 4.502127692e-02 4.094104469e-02
 3.541983292e-02 2.884457819e-02 2.177412249e-02 1.338034682e-02 4.470087122e-03
-4.558328539e-03-1.364668459e-02-2.275734022e-02-3.185912222e-02-4.091652855e-02
-4.989101365e-02-5.862803012e-02-6.697839499e-02-7.504541427e-02 8.148986846e-03
 9.671851061e-03 1.149931177e-02 1.363436505e-02 1.608069241e-02 1.858204417e-02
 2.102378197e-02 2.345250361e-02 2.594805323e-02 2.854895778e-02 3.125787154e-02
 3.403995186e-02 3.681967780e-02 3.949242830e-02 4.196999595e-02 4.420324415e-02
 4.617311433e-02 4.786521941e-02 4.925866798e-02 5.034640059e-02 5.110742152e-02
 5.148372427e-02 5.137885734e-02 5.067294091e-02 4.921208322e-02 4.677322134e-02
 4.309131950e-02 3.794872761e-02 3.151797503e-02 2.454340644e-02 1.700873859e-02
 7.594220340e-03-1.703762566e-03-1.091840491e-02-2.005451918e-02-2.909977362e-02
-3.802925721e-02-4.680671915e-02-5.528472736e-02-6.332384050e-02-7.104609162e-02
 8.164620958e-03 9.694643319e-03 1.153064892e-02 1.367561147e-02 1.613314450e-02
 1.864199713e-02 2.109359391e-02 2.353693731e-02 2.605119161e-02 2.867374383e-02
 3.140487522e-02 3.420713544e-02 3.700219095e-02 3.968468308e-02 4.216857627e-02
 4.440891743e-02 4.638898373e-02 4.809543490e-02 4.951012507e-02 5.063413829e-02
 5.144739151e-02 5.188742653e-02 5.185924098e-02 5.124471337e-02 4.990121350e-02
 4.762566090e-02 4.413976893e-02 3.920046240e-02 3.285390884e-02 2.582756802e-02
 1.837957650e-02 8.951588534e-03-4.052531440e-04-9.678990580e-03-1.885706186e-02
-2.792179771e-02-3.684815764e-02-4.560231045e-02-5.402713642e-02-6.197519228e-02
-6.959981471e-02 8.164454252e-03 9.694191627e-03 1.152995694e-02 1.367472578e-02
 1.613213308e-02 1.864069700e-02 2.109211683e-02 2.353548817e-02 2.604997344e-02
 2.867293172e-02 3.140453622e-02 3.420719132e-02 3.700238466e-02 3.968467191e-02
 4.216811061e-02 4.440791905e-02 4.638737813e-02 4.809305817e-02 4.950673878e-02
 5.062953383e-02 5.144111067e-02 5.187859386e-02 5.184662715e-02 5.122656748e-02
 4.987578839e-02 4.759002104e-02 4.408993199e-02 3.913237900e-02 3.276515752e-02
 2.571727335e-02 1.823172905e-02 8.749876171e-03-6.696247729e-04-1.001503505e-02
-1.927511394e-02-2.843411081e-02-3.746885806e-02-4.634683207e-02-5.489731207e-02
-6.295771897e-02-7.070209086e-02 8.148041554e-03 9.670129046e-03 1.149686240e-02
 1.363132056e-02 1.607725583e-02 1.857776195e-02 2.101897076e-02 2.344778366e-02
 2.594410069e-02 2.854632959e-02 3.125683963e-02 3.404036164e-02 3.682081774e-02
 3.949322179e-02 4.196971282e-02 4.420163482e-02 4.617002979e-02 4.786025360e-02
 4.925112054e-02 5.033561587e-02 5.109226704e-02 5.146228895e-02 5.134779960e-02
 5.062808469e-02 4.914727807e-02 4.667994007e-02 4.295888171e-02 3.776552901e-02
 3.127700835e-02 2.424459718e-02 1.661850885e-02 7.022967562e-03-2.463856712e-03
-1.188788842e-02-2.126255259e-02-3.058350459e-02-3.983011097e-02-4.897353798e-02
-5.783579871e-02-6.624694169e-02-7.436591387e-02 8.115166798e-03 9.621907957e-03
 1.143046748e-02 1.354409289e-02 1.596674137e-02 1.845098659e-02 2.087244391e-02
 2.327238955e-02 2.573121153e-02 2.829029970e-02 3.095638938e-02 3.369875997e-02
 3.644648939e-02 3.909746930e-02 4.155931249e-02 4.377577454e-02 4.572324827e-02
 4.738506302e-02 4.873583093e-02 4.975540936e-02 5.041697994e-02 5.066086352e-02
 5.039057881e-02 4.947456717e-02 4.772949591e-02 4.491329938e-02 4.077545181e-02
 3.517213836e-02 2.849654295e-02 2.130017430e-02 1.265887823e-02 3.542084945e-03
-5.745179486e-03-1.514222007e-02-2.461639792e-02-3.414636478e-02-4.371092469e-02
-5.328131467e-02-6.268976629e-02-7.175466418e-02-8.060631156e-02 8.065427653e-03
 9.548724629e-03 1.132936962e-02 1.341087371e-02 1.579775102e-02 1.825789735e-02
 2.065034024e-02 2.300740778e-02 2.540802211e-02 2.789954282e-02 3.049420379e-02
 3.316800296e-02 3.585887700e-02 3.847015277e-02 4.090429097e-02 4.309517890e-02
 4.500977695e-02 4.662742093e-02 4.792156816e-02 4.885667935e-02 4.939274490e-02
 4.946432263e-02 4.896767810e-02 4.775232822e-02 4.561790451e-02 4.233567789e-02
 3.769316152e-02 3.178053722e-02 2.516453527e-02 1.795808971e-02 8.848202415e-03
-3.579574986e-04-9.701753035e-03-1.919678412e-02-2.884830534e-02-3.865963221e-02
-4.863090813e-02-5.875267833e-02-6.896127015e-02-7.916358858e-02-8.931989968e-02
 7.998857647e-03 9.450073354e-03 1.119192317e-02 1.322773006e-02 1.556175016e-02
 1.799371280e-02 2.034958079e-02 2.265048958e-02 2.497250959e-02 2.736922726e-02
 2.986042760e-02 3.243071958e-02 3.502972797e-02 3.757152334e-02 3.995556384e-02
 4.210349917e-02 4.396760091e-02 4.551855475e-02 4.672584310e-02 4.754683375e-02
 4.792247340e-02 4.777081683e-02 4.697405547e-02 4.537295178e-02 4.276743159e-02
 3.894281015e-02 3.383902088e-02 2.779917978e-02 2.115203440e-02 1.298785768e-02
 4.228573292e-03-4.837026820e-03-1.416121237e-02-2.371396497e-02-3.350413963e-02
-4.357112572e-02-5.396760255e-02-6.473875791e-02-7.597744465e-02-8.775757253e-02
-9.992597252e-02 7.916782983e-03 9.327713400e-03 1.102043502e-02 1.299769245e-02
 1.526307315e-02 1.766178198e-02 1.997385733e-02 2.220667899e-02 2.442963980e-02
 2.670334093e-02 2.905369736e-02 3.147623688e-02 3.393440694e-02 3.635779396e-02
 3.865110874e-02 4.072422162e-02 4.251098260e-02 4.396548495e-02 4.504706711e-02
 4.570461810e-02 4.586802423e-02 4.544139653e-02 4.429558292e-02 4.226570576e-02
 3.917026147e-02 3.492269665e-02 2.972400747e-02 2.392697148e-02 1.730528660e-02
 8.703586645e-03-1.463314402e-04-9.312377311e-03-1.879795454e-02-2.844381705e-02
-3.807413206e-02-4.810764641e-02-5.873741582e-02-7.006480545e-02-8.228547126e-02
-9.562478215e-02-1.101679578e-01 7.821789943e-03 9.185686707e-03 1.082076039e-02
 1.272870600e-02 1.491150912e-02 1.726641878e-02 1.953220367e-02 2.168925852e-02
 2.379686013e-02 2.591950633e-02 2.808983624e-02 3.031400964e-02 3.256906942e-02
 3.480273113e-02 3.693518415e-02 3.887332231e-02 4.053464159e-02 4.185215756e-02
 4.276653379e-02 4.321372136e-02 4.311327264e-02 4.235973209e-02 4.082119092e-02
 3.835881501e-02 3.490266204e-02 3.056329675e-02 2.557377703e-02 1.987339184e-02
 1.239685994e-02 4.319783766e-03-4.232857376e-03-1.331064478e-02-2.306219190e-02
-3.246312961e-02-4.135288671e-02-5.105718970e-02-6.157087907e-02-7.296728343e-02
-8.548433334e-02-9.944877774e-02-1.151545569e-01 7.717341185e-03 9.030015208e-03
 1.060249284e-02 1.243598387e-02 1.453215070e-02 1.683053933e-02 1.904213056e-02
 2.111848630e-02 2.310101129e-02 2.505265549e-02 2.701086365e-02 2.898993343e-02
 3.097748198e-02 3.293764591e-02 3.480960429e-02 3.651260957e-02 3.795795515e-02
 3.906091675e-02 3.974248096e-02 3.992150724e-02 3.950889781e-02 3.840735182e-02
 3.652850538e-02 3.383956850e-02 3.041773848e-02 2.641498484e-02 2.186320350e-02
 1.618548483e-02 8.675912395e-03 9.385367739e-04-7.142215502e-03-1.566837169e-02
-2.454923280e-02-3.317379579e-02-4.216229916e-02-5.164400861e-02-6.172438711e-02
-7.251660526e-02-8.425614983e-02-9.720466286e-02-1.114318892e-01 7.607881911e-03
 8.866459131e-03 1.037256513e-02 1.212689467e-02 1.413067710e-02 1.635758579e-02
 1.851770654e-02 2.051715367e-02 2.237748913e-02 2.415368147e-02 2.588714659e-02
 2.759421989e-02 2.927134931e-02 3.089282475e-02 3.241321817e-02 3.376796469e-02
 3.487867489e-02 3.565990180e-02 3.602503240e-02 3.589025512e-02 3.517979756e-02
 3.383886069e-02 3.185320273e-02 2.926411480e-02 2.614458837e-02 2.248511836e-02
 1.789576747e-02 1.159421634e-02 4.937286023e-03-1.973627368e-03-9.156492539e-03
-1.665637456e-02-2.483209223e-02-3.318079561e-02-4.174821451e-02-5.060569197e-02
-5.981846526e-02-6.944344193e-02-7.964731008e-02-9.056270123e-02-1.019539610e-01
 7.499382365e-03 8.702471852e-03 1.013940386e-02 1.181056350e-02 1.371715777e-02
 1.585960202e-02 1.796931215e-02 1.990257762e-02 2.165761404e-02 2.327441238e-02
 2.479509637e-02 2.623733319e-02 2.760323696e-02 2.887484245e-02 3.001714125e-02
 3.098076396e-02 3.170393407e-02 3.211725503e-02 3.215167299e-02 3.174536675e-02
 3.085303865e-02 2.945472486e-02 2.755537070e-02 2.516715042e-02 2.221415751e-02
 1.836323552e-02 1.297661569e-02 7.284347434e-03 1.403629896e-03-4.634089302e-03
-1.077759080e-02-1.787782274e-02-2.551013604e-02-3.320536762e-02-4.100752622e-02
-4.894903302e-02-5.705074966e-02-6.531482190e-02-7.384781539e-02-8.270455897e-02
-9.157004952e-02 7.403700612e-03 8.551015519e-03 9.914784692e-03 1.149697974e-02
 1.330076996e-02 1.533007808e-02 1.739432849e-02 1.927795261e-02 2.095275000e-02
 2.244308591e-02 2.378544584e-02 2.500178665e-02 2.609623782e-02 2.705957741e-02
 2.786868438e-02 2.848698385e-02 2.887037769e-02 2.897155285e-02 2.874481492e-02
 2.815040946e-02 2.716099471e-02 2.575646713e-02 2.389058098e-02 2.143527009e-02
 1.807134971e-02 1.328185480e-02 8.242650889e-03 3.054898931e-03-2.242662944e-03
-7.569904439e-03-1.334004756e-02-2.007136680e-02-2.684043720e-02-3.366154805e-02
-4.053624719e-02-4.745819420e-02-5.441406369e-02-6.137892604e-02-6.843176484e-02
-7.561641932e-02-8.262740076e-02 7.363779005e-03 8.438630961e-03 9.712719359e-03
 1.119032502e-02 1.287487056e-02 1.476994995e-02 1.678180136e-02 1.862702705e-02
 2.024487779e-02 2.164397202e-02 2.285216190e-02 2.389337122e-02 2.477722988e-02
 2.549928427e-02 2.604509704e-02 2.639281936e-02 2.651325800e-02 2.637454122e-02
 2.594486624e-02 2.518982068e-02 2.406645380e-02 2.249780856e-02 2.032412030e-02
 1.723488793e-02 1.282599103e-02 8.219174109e-03 3.487923183e-03-1.366714598e-03
-6.349814590e-03-1.158395689e-02-1.712583378e-02-2.289350145e-02-2.877397090e-02
-3.470721841e-02-4.065802321e-02-4.659751430e-02-5.249842256e-02-5.833121389e-02
-6.417289376e-02-7.003675401e-02-7.567541301e-02 7.270097267e-03 8.357229643e-03
 9.531834163e-03 1.089044940e-02 1.244075969e-02 1.418582629e-02 1.609798335e-02
 1.789934188e-02 1.947261952e-02 2.080624178e-02 2.191783115e-02 2.282868512e-02
 2.355185710e-02 2.408916876e-02 2.443233132e-02 2.456488274e-02 2.446334064e-02
 2.409843914e-02 2.343078889e-02 2.240185067e-02 2.091249637e-02 1.879139058e-02
 1.577625796e-02 1.168097649e-02 7.413685787e-03 3.037123010e-03-1.441130415e-03
-5.994915031e-03-1.081416570e-02-1.581935026e-02-2.091455832e-02-2.606982179e-02
-3.125088289e-02-3.642160818e-02-4.154902697e-02-4.660445452e-02-5.156532675e-02
-5.641891435e-02-6.132810190e-02-6.607789546e-02-7.061798871e-02 7.206161506e-03
 8.220659569e-03 9.357430041e-03 1.060715690e-02 1.200055610e-02 1.355122775e-02
 1.527680829e-02 1.699905470e-02 1.851764508e-02 1.979200542e-02 2.082558721e-02
 2.163225971e-02 2.222303674e-02 2.260046639e-02 2.275583521e-02 2.266957425e-02
 2.231002226e-02 2.162823640e-02 2.054254711e-02 1.892618276e-02 1.658646390e-02
 1.324030850e-02 9.718005545e-03 5.890632048e-03 1.855664537e-03-2.350648632e-03
-6.673323456e-03-1.110587548e-02-1.568976231e-02-2.037034184e-02-2.509179898e-02
-2.980016731e-02-3.444645554e-02-3.898971900e-02-4.339755699e-02-4.764562100e-02
-5.179318041e-02-5.588047206e-02-5.981178209e-02-6.357835978e-02-6.716633588e-02
 7.371916436e-03 8.345798589e-03 9.380361065e-03 1.046292018e-02 1.162519678e-02
 1.289116312e-02 1.429000963e-02 1.579960622e-02 1.719373651e-02 1.837290078e-02
 1.931133308e-02 2.000622079e-02 2.045748010e-02 2.065651491e-02 2.058145218e-02
 2.019220963e-02 1.942964457e-02 1.820549369e-02 1.635557786e-02 1.366468053e-02
 1.079720166e-02 7.611564361e-03 4.167833831e-03 4.510778526e-04-3.532505129e-03
-7.591731381e-03-1.182172541e-02-1.623611525e-02-2.078286558e-02-2.539210580e-02
-2.997833863e-02-3.445166349e-02-3.873156384e-02-4.276981950e-02-4.657242447e-02
-5.010995641e-02-5.341512337e-02-5.652712286e-02-5.947806314e-02-6.229098141e-02
-6.497697532e-02 8.083668537e-03 9.032076225e-03 9.862070903e-03 1.062813774e-02
 1.140972041e-02 1.224610955e-02 1.316032186e-02 1.416509598e-02 1.522584446e-02
 1.620417275e-02 1.696958393e-02 1.748313941e-02 1.772644557e-02 1.766812429e-02
 1.724783704e-02 1.636659540e-02 1.488654688e-02 1.298572309e-02 1.085194387e-02
 8.384302258e-03 5.639451556e-03 2.609349089e-03-7.127569406e-04-4.325166345e-03
-8.204790764e-03-1.233832259e-02-1.673405990e-02-2.137345821e-02-2.621055767e-02
-3.115217015e-02-3.604780883e-02-4.071451724e-02-4.493167996e-02-4.858886451e-02
-5.163114518e-02-5.414326116e-02-5.629386008e-02-5.823102221e-02-6.006713957e-02
-6.186023727e-02-6.363164634e-02 1.076798141e-02 1.096787397e-02 1.098859869e-02
 1.110995747e-02 1.132998988e-02 1.163712889e-02 1.201175991e-02 1.242756937e-02
 1.284579933e-02 1.320526842e-02 1.344237197e-02 1.350867655e-02 1.336418558e-02
 1.297040749e-02 1.228700019e-02 1.127397083e-02 9.902637452e-03 8.197037503e-03
 6.195676513e-03 3.896725364e-03 1.297333860e-03-1.605549594e-03-4.820404574e-03
-8.361158893e-03-1.224605646e-02-1.649623737e-02-2.113939635e-02-2.622017078e-02
-3.176217154e-02-3.775421157e-02-4.400975257e-02-4.991909117e-02-5.466694757e-02
-5.790472403e-02-5.960998312e-02-6.012278423e-02-6.023957580e-02-6.048603728e-02
-6.097025797e-02-6.167393550e-02-6.254974753e-02 1.266443450e-02 1.234319992e-02
 1.167893689e-02 1.124746632e-02 1.100124698e-02 1.088791154e-02 1.085402630e-02
 1.085335854e-02 1.084420551e-02 1.078620367e-02 1.064037997e-02 1.036999002e-02
 9.940102696e-03 9.317626245e-03 8.473130874e-03 7.382803131e-03 6.030922756e-03
 4.408589099e-03 2.506690100e-03 3.106384538e-04-2.174910391e-03-4.959207959e-03
-8.060263470e-03-1.151096541e-02-1.534001809e-02-1.959449053e-02-2.434595861e-02
-2.970622666e-02-3.585719317e-02-4.310983047e-02-5.206189305e-02-6.107725203e-02
-6.689297408e-02-6.967663020e-02-6.894128025e-02-6.546777487e-02-6.293477863e-02
-6.153322384e-02-6.089614704e-02-6.077106670e-02-6.100864708e-02 1.172654796e-02
 1.150218025e-02 1.084695105e-02 1.036879793e-02 1.002898626e-02 9.783059359e-03
 9.568726644e-03 9.339536540e-03 9.077616967e-03 8.762262762e-03 8.367759176e-03
 7.886841893e-03 7.284901105e-03 6.521508563e-03 5.568902008e-03 4.422150552e-03
 3.061473137e-03 1.471628435e-03-3.635657195e-04-2.461117459e-03-4.822777119e-03
-7.457398809e-03-1.038182434e-02-1.361945458e-02-1.720277406e-02-2.117644995e-02
-2.560266294e-02-3.057195060e-02-3.622213751e-02-4.276901484e-02-5.066948757e-02
-5.856769532e-02-6.365676224e-02-6.611567736e-02-6.547264755e-02-6.256997585e-02
-6.051405519e-02-5.926869437e-02-5.860507861e-02-5.836229771e-02-5.792382360e-02
 1.402485371e-02 8.569405414e-03 8.590228856e-03 8.487330750e-03 8.345332928e-03
 8.199690841e-03 7.977717556e-03 7.675518282e-03 7.294465322e-03 6.888545118e-03
 6.399067584e-03 5.795541219e-03 5.083258729e-03 4.258674569e-03 3.288810141e-03
 2.145867096e-03 8.056035149e-04-7.467285614e-04-2.515982138e-03-4.500641022e-03
-6.702844519e-03-9.129848331e-03-1.179295965e-02-1.470637508e-02-1.788620465e-02
-2.134944499e-02-2.511191368e-02-2.918085083e-02-3.354047984e-02-3.811493888e-02
-4.269040003e-02-4.690371454e-02-5.028635636e-02-5.260333419e-02-5.384417623e-02
-5.429681018e-02-5.437463522e-02-5.436843261e-02-5.442388356e-02-5.459078401e-02
-7.107498497e-02
 2.952572823e+00 3.120869160e+00 3.250473022e+00 3.297620058e+00 3.302127838e+00
 3.290142059e+00 3.290700436e+00 3.292817593e+00 3.300397158e+00 3.306237221e+00
 3.314250469e+00 3.330244064e+00 3.359897137e+00 3.404402494e+00 3.454589128e+00
 3.524621487e+00 3.628123999e+00 3.760060787e+00 3.913867235e+00 4.099354744e+00
 4.328336716e+00 4.613044262e+00 4.951528072e+00 5.346767426e+00 5.828202248e+00
 6.423671722e+00 7.132780552e+00 7.985548496e+00 8.958102226e+00 9.943267822e+00
 1.081602955e+01 1.140440178e+01 1.175023842e+01 1.187170029e+01 1.191978931e+01
 1.196449661e+01 1.204343891e+01 1.230178642e+01 1.285032368e+01 1.407442665e+01
 1.655716324e+01
  201   33
 3.092446327e-01 3.945186362e-02 3.092661500e-01 6.283631921e-02 3.093419075e-01
 8.626224846e-02 3.094720840e-01 1.097710803e-01 3.096578121e-01 1.334047765e-01
 3.099021316e-01 1.572058797e-01 3.102083504e-01 1.812178493e-01 3.105776608e-01
 2.054859996e-01 3.110147715e-01 2.300567180e-01 3.115264475e-01 2.549778223e-01
 3.121179044e-01 2.802998126e-01 3.127931654e-01 3.060765266e-01 3.135654330e-01
 3.323618770e-01 3.144503832e-01 3.592116535e-01 3.154595494e-01 3.866869509e-01
 3.166012466e-01 4.148551524e-01 3.178861439e-01 4.437884390e-01 3.193393946e-01
 4.735573232e-01 3.209715486e-01 5.042471290e-01 3.227928877e-01 5.359526873e-01
 3.248472810e-01 5.687558055e-01 3.271240592e-01 6.027872562e-01 3.296174705e-01
 6.381933689e-01 3.323733211e-01 6.750974059e-01 3.354099989e-01 7.136626840e-01
 3.387769163e-01 7.540466189e-01 3.424842656e-01 7.964699864e-01 3.465839922e-01
 8.411450982e-01 3.510702550e-01 8.883883953e-01 3.560293317e-01 9.384601116e-01
 3.617021739e-01 9.914532304e-01 3.683208227e-01 1.047473550e+00 3.760904968e-01
 1.106676102e+00 3.855526149e-01 1.168672085e+00 3.972482979e-01 1.232935786e+00
 4.127006829e-01 1.296839356e+00 4.342685938e-01 1.355112672e+00 4.634596705e-01
 1.402657986e+00 5.000668168e-01 1.436940312e+00 5.427730083e-01 1.457694054e+00
 5.891379118e-01 1.468216181e+00 6.375423670e-01 1.470745564e+00 6.870504022e-01
 1.466178656e+00 7.369309664e-01 1.455126047e+00 7.868010998e-01 1.436863303e+00
 8.369704485e-01 1.405755162e+00 8.857572675e-01 1.366256237e+00 9.318306446e-01
 1.325221181e+00 9.754836559e-01 1.277445078e+00 1.015909433e+00 1.231517911e+00
 1.053371668e+00 1.183982253e+00 1.087930679e+00 1.139137864e+00 1.119418263e+00
 1.089232564e+00 1.147825003e+00 1.038664699e+00 1.173585176e+00 9.910398722e-01
 1.196484685e+00 9.430319667e-01 1.217154503e+00 8.980317712e-01 1.235286832e+00
 8.532935977e-01 1.251658559e+00 8.117285371e-01 1.265538454e+00 7.697350383e-01
 1.278232336e+00 7.315019965e-01 1.288987875e+00 6.939011812e-01 1.297458053e+00
 6.559439301e-01 1.305056810e+00 6.210620403e-01 1.312916875e+00 5.910136104e-01
 1.320906043e+00 5.645176768e-01 1.328127265e+00 5.392306447e-01 1.334203005e+00
 5.143118501e-01 1.339405179e+00 4.901686907e-01 1.344234467e+00 4.674436450e-01
 1.349004388e+00 4.463554621e-01 1.353882194e+00 4.268678427e-01 1.358923674e+00
 4.088009000e-01 1.363820910e+00 3.915874958e-01 1.368344069e+00 3.748635352e-01
 1.372369051e+00 3.584492803e-01 1.375852585e+00 3.422816992e-01 1.378906727e+00
 3.264496624e-01 1.381689191e+00 3.110597730e-01 1.384322405e+00 2.961636484e-01
 1.386903048e+00 2.817766368e-01 1.389503956e+00 2.678872049e-01 1.392189741e+00
 2.544724047e-01 1.395024776e+00 2.415050417e-01 1.397909999e+00 2.288634628e-01
 1.400711179e+00 2.164302915e-01 1.403324723e+00 2.041273415e-01 1.405668616e+00
 1.919044554e-01 1.407679796e+00 1.797324568e-01 1.409327030e+00 1.676037610e-01
 1.410703659e+00 1.555561274e-01 1.411864638e+00 1.436037570e-01 1.412846327e+00
 1.317493469e-01 1.413679481e+00 1.199902818e-01 1.414389968e+00 1.083198637e-01
 1.415000439e+00 9.672830999e-02 1.415530562e+00 8.520323038e-02 1.415966749e+00
 7.372725755e-02 1.416295886e+00 6.228518486e-02 1.416517496e+00 5.086424574e-02
 1.416630864e+00 3.945193067e-02 1.416634798e+00 2.803598717e-02 1.416527510e+00
 1.660416089e-02 1.416306734e+00 5.144528579e-03 1.415975571e+00-6.355531514e-03
 1.415555120e+00-1.791223884e-02 1.415032983e+00-2.953859419e-02 1.414390326e+00
-4.124522954e-02 1.413605809e+00-5.304042995e-02 1.412655115e+00-6.492950022e-02
 1.411509275e+00-7.691397518e-02 1.410132170e+00-8.898970485e-02 1.408438444e+00
-1.011289060e-01 1.406422257e+00-1.133266315e-01 1.404128194e+00-1.256014854e-01
 1.401614070e+00-1.379863918e-01 1.398954391e+00-1.505337209e-01 1.396239877e+00
-1.633196920e-01 1.393581510e+00-1.764517277e-01 1.390973687e+00-1.899820715e-01
 1.388358116e+00-2.039299309e-01 1.385694742e+00-2.183242291e-01 1.382923722e+00
-2.331771404e-01 1.379962921e+00-2.484769225e-01 1.376704097e+00-2.641773820e-01
 1.373018384e+00-2.801946402e-01 1.368871927e+00-2.965216041e-01 1.364297748e+00
-3.132244349e-01 1.359397531e+00-3.304697275e-01 1.354357481e+00-3.485764861e-01
 1.349316120e+00-3.678805530e-01 1.344204307e+00-3.884952366e-01 1.338884354e+00
-4.104439914e-01 1.333067417e+00-4.334876835e-01 1.326286554e+00-4.569782317e-01
 1.318403959e+00-4.807031453e-01 1.309862614e+00-5.056189895e-01 1.301360130e+00
-5.336152911e-01 1.292471647e+00-5.644453764e-01 1.282602191e+00-5.972601175e-01
 1.271720767e+00-6.325572133e-01 1.260075212e+00-6.720259190e-01 1.246957421e+00
-7.145145535e-01 1.231151462e+00-7.558884025e-01 1.213871121e+00-8.019147515e-01
 1.194065928e+00-8.488560319e-01 1.172125101e+00-9.005769491e-01 1.147182465e+00
-9.529610276e-01 1.119433880e+00-1.010575414e+00 1.088258266e+00-1.070652127e+00
 1.053371787e+00-1.130672455e+00 1.014800668e+00-1.187903762e+00 9.722272754e-01
-1.250304341e+00 9.252327085e-01-1.316118240e+00 8.746724725e-01-1.375099540e+00
 8.200308681e-01-1.433805108e+00 7.639272213e-01-1.477869987e+00 7.050161362e-01
-1.519001961e+00 6.473335624e-01-1.541962981e+00 5.902232528e-01-1.554715991e+00
 5.336998701e-01-1.559934139e+00 4.782133698e-01-1.558112264e+00 4.239760637e-01
-1.550220490e+00 3.710077703e-01-1.537398577e+00 3.354548216e-01-1.526465774e+00
 3.627142310e-01-1.316040039e+00 3.638070226e-01-1.214861870e+00 3.619207442e-01
-1.129728079e+00 3.591572940e-01-1.054455161e+00 3.560283482e-01-9.866578579e-01
 3.527493179e-01-9.248722196e-01 3.494128585e-01-8.680865169e-01 3.460575640e-01
-8.155441284e-01 3.427587152e-01-7.665804625e-01 3.395467997e-01-7.206945419e-01
 3.365480006e-01-6.773719192e-01 3.337441981e-01-6.363233924e-01 3.311347663e-01
-5.972856879e-01 3.286891878e-01-5.600576997e-01 3.264363706e-01-5.244169831e-01
 3.243680596e-01-4.902003109e-01 3.224661946e-01-4.572710395e-01 3.207596540e-01
-4.254778922e-01 3.192146122e-01-3.947274387e-01 3.178220689e-01-3.649199605e-01
 3.165845275e-01-3.359599710e-01 3.154774904e-01-3.077748120e-01 3.144907951e-01
-2.802904546e-01 3.136198819e-01-2.534365952e-01 3.128548265e-01-2.271506190e-01
 3.121827245e-01-2.013750374e-01 3.115930259e-01-1.760547608e-01 3.110792637e-01
-1.511364430e-01 3.106377125e-01-1.265688539e-01 3.102627993e-01-1.023037359e-01
 3.099499643e-01-7.829457521e-02 3.096970916e-01-5.449608713e-02 3.095019460e-01
-3.086453117e-02 3.093623519e-01-7.357236464e-03 3.092767596e-01 1.606773771e-02
 3.092446327e-01 3.945186362e-02
 1.851000041e-01 0.000000000e+00 1.851000041e-01 1.008100033e+00 2.793999910e-01
 1.171399951e+00 2.793999910e-01 1.577999949e+00 2.978999913e-01 1.603399992e+00
 5.712000132e-01 1.603399992e+00 6.169999838e-01 1.628000021e+00 1.043300033e+00
 1.460287452e+00 1.043300033e+00 1.429999948e+00 1.319200039e+00 1.039700031e+00
 1.335800052e+00 9.976000190e-01 1.485100031e+00 5.450000167e-01 1.483999968e+00
 4.900000095e-01 1.559000015e+00 1.141000018e-01 1.565000057e+00 7.636000216e-02
 1.569000006e+00 3.826100007e-02 1.570000052e+00 0.000000000e+00 1.569000006e+00
-3.826100007e-02 1.565000057e+00-7.636000216e-02 1.559000015e+00-1.141000018e-01
 1.483999968e+00-4.900000095e-01 1.485100031e+00-5.450000167e-01 1.335800052e+00
-9.976000190e-01 1.319200039e+00-1.039700031e+00 1.043300033e+00-1.429999948e+00
 1.043300033e+00-1.460287452e+00 6.169999838e-01-1.628000021e+00 5.712000132e-01
-1.603399992e+00 2.978999913e-01-1.603399992e+00 2.793999910e-01-1.577999949e+00
 2.793999910e-01-1.171399951e+00 1.851000041e-01-1.008100033e+00 1.851000041e-01
 0.000000000e+00
    0 0.000000000e+00    0
 0.000000000e+00 1.096182317e-01 1.545289755e-01 1.907465756e-01 2.214325666e-01
 2.483006269e-01 2.724924088e-01 2.947142720e-01 3.154043257e-01 3.348568976e-01
 3.532766700e-01 3.708419502e-01 3.877237737e-01 4.040782750e-01 4.200116694e-01
 4.356221855e-01 4.510601163e-01 4.664720893e-01 4.819586277e-01 4.976138771e-01
 5.135609508e-01 5.299562812e-01 5.469515324e-01 5.646771193e-01 5.832978487e-01
 6.030503511e-01 6.241825223e-01 6.469302773e-01 6.715227962e-01 6.979553699e-01
 7.258976698e-01 7.546590567e-01 7.835214734e-01 8.118731380e-01 8.394660354e-01
 8.662713766e-01 8.923972249e-01 9.181171656e-01 9.439389706e-01 9.707395434e-01
 1.000377655e+00
    1
 3.208740723e+03 3.047365723e+03 2.886543701e+03 2.726671631e+03 2.567861816e+03
 2.409911377e+03 2.252402344e+03 2.098096436e+03 1.954495972e+03 1.826605225e+03
 1.714737915e+03 1.614573608e+03 1.518641479e+03 1.424863770e+03 1.335972290e+03
 1.253400024e+03 1.176760498e+03 1.103872559e+03 1.032242798e+03 9.633329468e+02
 8.995324097e+02 8.417463989e+02 7.890711670e+02 7.391135254e+02 6.907668457e+02
 6.476611938e+02 6.128396606e+02 5.868410645e+02 5.676539307e+02 5.512051392e+02
 5.319212646e+02 5.041601257e+02 4.647800293e+02 4.140135193e+02 3.554768677e+02
 2.952070007e+02 2.410768433e+02 1.998647461e+02 1.745996857e+02 1.636099701e+02
 1.609310455e+02
