   EFIT?   05/12/98      #127744  3150             3  65  65
  1.70000005e+00  3.20000005e+00  1.69550002e+00  8.39999974e-01  0.00000000e+00
  1.75544560e+00  4.07809056e-02 -3.56671482e-01 -9.72951651e-02 -1.96084940e+00
  1.14807925e+06 -3.56671482e-01  0.00000000e+00  1.75544560e+00  0.00000000e+00
  4.07809056e-02  0.00000000e+00 -9.72951651e-02  0.00000000e+00  0.00000000e+00
 -3.36217308e+00 -3.36087346e+00 -3.35960412e+00 -3.35836506e+00 -3.35715580e+00
 -3.35597587e+00 -3.35482502e+00 -3.35370278e+00 -3.35260892e+00 -3.35154271e+00
 -3.35050416e+00 -3.34949303e+00 -3.34850836e+00 -3.34755039e+00 -3.34661818e+00
 -3.34571171e+00 -3.34483051e+00 -3.34397435e+00 -3.34314251e+00 -3.34233499e+00
 -3.34155107e+00 -3.34079051e+00 -3.34005308e+00 -3.33933806e+00 -3.33864546e+00
 -3.33797455e+00 -3.33732486e+00 -3.33669639e+00 -3.33608866e+00 -3.33550096e+00
 -3.33493328e+00 -3.33438516e+00 -3.33385587e+00 -3.33334541e+00 -3.33285332e+00
 -3.33237886e+00 -3.33192205e+00 -3.33148241e+00 -3.33105946e+00 -3.33065271e+00
 -3.33026195e+00 -3.32988667e+00 -3.32952666e+00 -3.32918119e+00 -3.32885003e+00
 -3.32853293e+00 -3.32822943e+00 -3.32793880e+00 -3.32766104e+00 -3.32739568e+00
 -3.32714200e+00 -3.32690001e+00 -3.32666922e+00 -3.32644916e+00 -3.32623911e+00
 -3.32603931e+00 -3.32584882e+00 -3.32566762e+00 -3.32549500e+00 -3.32533097e+00
 -3.32517457e+00 -3.32502580e+00 -3.32488394e+00 -3.32474899e+00 -3.32462025e+00
  7.82974375e+04  7.61722500e+04  7.40756953e+04  7.20077578e+04  6.99684531e+04
  6.79577812e+04  6.59757344e+04  6.40223164e+04  6.20975273e+04  6.02013633e+04
  5.83338281e+04  5.64949258e+04  5.46846484e+04  5.29030000e+04  5.11499766e+04
  4.94255859e+04  4.77298203e+04  4.60626836e+04  4.44241797e+04  4.28142969e+04
  4.12330469e+04  3.96804258e+04  3.81564297e+04  3.66610625e+04  3.51943281e+04
  3.37562188e+04  3.23467363e+04  3.09658828e+04  2.96136582e+04  2.82900605e+04
  2.69950938e+04  2.57287539e+04  2.44910410e+04  2.32819590e+04  2.21015039e+04
  2.09496758e+04  1.98264785e+04  1.87319082e+04  1.76659648e+04  1.66286523e+04
  1.56199658e+04  1.46399092e+04  1.36884805e+04  1.27656797e+04  1.18715078e+04
  1.10059639e+04  1.01690479e+04  9.36075977e+03  8.58110059e+03  7.83007031e+03
  7.10766748e+03  6.41389307e+03  5.74874707e+03  5.11222949e+03  4.50433984e+03
  3.92507861e+03  3.37444556e+03  2.85244092e+03  2.35906445e+03  1.89431641e+03
  1.45819653e+03  1.05070496e+03  6.71841736e+02  3.21606720e+02  0.00000000e+00
 -1.09097135e+00 -1.06510806e+00 -1.03957582e+00 -1.01437461e+00 -9.89504516e-01
 -9.64965343e-01 -9.40757215e-01 -9.16880131e-01 -8.93334091e-01 -8.70119095e-01
 -8.47235084e-01 -8.24682117e-01 -8.02460194e-01 -7.80569315e-01 -7.59009421e-01
 -7.37780571e-01 -7.16882765e-01 -6.96316004e-01 -6.76080287e-01 -6.56175554e-01
 -6.36601865e-01 -6.17359221e-01 -5.98447621e-01 -5.79867005e-01 -5.61617434e-01
 -5.43698907e-01 -5.26111424e-01 -5.08854926e-01 -4.91929501e-01 -4.75335121e-01
 -4.59071726e-01 -4.43139404e-01 -4.27538067e-01 -4.12267804e-01 -3.97328556e-01
 -3.82720321e-01 -3.68443131e-01 -3.54496986e-01 -3.40881854e-01 -3.27597767e-01
 -3.14644694e-01 -3.02022666e-01 -2.89731652e-01 -2.77771682e-01 -2.66142726e-01
 -2.54844815e-01 -2.43877947e-01 -2.33242095e-01 -2.22937271e-01 -2.12963492e-01
 -2.03320727e-01 -1.94009006e-01 -1.85028300e-01 -1.76378638e-01 -1.68060005e-01
 -1.60072401e-01 -1.52415827e-01 -1.45090297e-01 -1.38095781e-01 -1.31432295e-01
 -1.25099853e-01 -1.19098432e-01 -1.13428041e-01 -1.08088687e-01 -1.03080362e-01
 -5.27913125e+05 -5.20849188e+05 -5.13785312e+05 -5.06721406e+05 -4.99657500e+05
 -4.92593594e+05 -4.85529688e+05 -4.78465781e+05 -4.71401875e+05 -4.64337969e+05
 -4.57274062e+05 -4.50210156e+05 -4.43146250e+05 -4.36082344e+05 -4.29018438e+05
 -4.21954531e+05 -4.14890625e+05 -4.07826719e+05 -4.00762812e+05 -3.93698906e+05
 -3.86635000e+05 -3.79571094e+05 -3.72507188e+05 -3.65443281e+05 -3.58379375e+05
 -3.51315469e+05 -3.44251562e+05 -3.37187656e+05 -3.30123750e+05 -3.23059844e+05
 -3.15995938e+05 -3.08932031e+05 -3.01868125e+05 -2.94804219e+05 -2.87740312e+05
 -2.80676406e+05 -2.73612500e+05 -2.66548594e+05 -2.59484688e+05 -2.52420781e+05
 -2.45356875e+05 -2.38292969e+05 -2.31229062e+05 -2.24165156e+05 -2.17101250e+05
 -2.10037344e+05 -2.02973438e+05 -1.95909531e+05 -1.88845625e+05 -1.81781719e+05
 -1.74717812e+05 -1.67653906e+05 -1.60590000e+05 -1.53526094e+05 -1.46462188e+05
 -1.39398281e+05 -1.32334391e+05 -1.25270477e+05 -1.18206570e+05 -1.11142664e+05
 -1.04078758e+05 -9.70148516e+04 -8.99509453e+04 -8.28870391e+04 -7.58231328e+04
 -5.71091510e-02 -6.21433370e-02 -6.74014986e-02 -7.28925467e-02 -7.86019713e-02
 -8.44899788e-02 -9.04989541e-02 -9.65719000e-02 -1.01699330e-01 -1.04887955e-01
 -1.08810365e-01 -1.14911228e-01 -1.21675834e-01 -1.26194328e-01 -1.28984034e-01
 -1.30241930e-01 -1.29990011e-01 -1.28146052e-01 -1.24485292e-01 -1.18542165e-01
 -1.09424524e-01 -9.99821723e-02 -9.23914462e-02 -8.59288648e-02 -8.02084878e-02
 -7.50179589e-02 -7.02381954e-02 -6.58102706e-02 -6.17254749e-02 -5.80132119e-02
 -5.40602505e-02 -4.96484712e-02 -4.48160544e-02 -3.95135172e-02 -3.37102897e-02
 -2.73351390e-02 -2.06027050e-02 -1.40987281e-02 -7.72962393e-03 -1.43600267e-03
  4.81966697e-03  1.10605760e-02  1.72995161e-02  2.35410761e-02  2.97830924e-02
  3.60176861e-02  4.22320217e-02  4.84088995e-02  5.45272306e-02  6.05625212e-02
  6.64874166e-02  7.22723827e-02  7.78864846e-02  8.32984000e-02  8.84774998e-02
  9.33950245e-02  9.80252549e-02  1.02346599e-01  1.06342494e-01  1.10002041e-01
  1.13320269e-01  1.16298139e-01  1.18942156e-01  1.21263735e-01  1.23278350e-01
 -6.23495132e-02 -6.79167658e-02 -7.37887621e-02 -8.00246894e-02 -8.66430700e-02
 -9.35833007e-02 -1.00072972e-01 -1.04989439e-01 -1.08162224e-01 -1.09614067e-01
 -1.11725703e-01 -1.15173712e-01 -1.18956223e-01 -1.21860169e-01 -1.23664841e-01
 -1.24314077e-01 -1.23747520e-01 -1.21871956e-01 -1.18554488e-01 -1.13638334e-01
 -1.07107513e-01 -1.00093774e-01 -9.36300084e-02 -8.77339020e-02 -8.23055282e-02
 -7.72558227e-02 -7.25234076e-02 -6.80777803e-02 -6.39245138e-02 -6.00964800e-02
 -5.60104102e-02 -5.14457040e-02 -4.64327410e-02 -4.09394130e-02 -3.49235833e-02
 -2.83042546e-02 -2.13113446e-02 -1.44989435e-02 -7.77987391e-03 -1.09738647e-03
  5.58318757e-03  1.22825690e-02  1.90115590e-02  2.57731285e-02  3.25635448e-02
  3.93730253e-02  4.61860932e-02  5.29818349e-02  5.97341470e-02  6.64120093e-02
  7.29799941e-02  7.93989673e-02  8.56271237e-02  9.16213766e-02  9.73390117e-02
  1.02739580e-01  1.07786864e-01  1.12450726e-01  1.16708651e-01  1.20546803e-01
  1.23960495e-01  1.26954019e-01  1.29539832e-01  1.31737426e-01  1.33571655e-01
 -6.73399717e-02 -7.32424483e-02 -7.94824883e-02 -8.62843990e-02 -9.37643945e-02
 -9.99530405e-02 -1.04431555e-01 -1.07169442e-01 -1.08144686e-01 -1.08874910e-01
 -1.10020526e-01 -1.11512855e-01 -1.13055587e-01 -1.14310391e-01 -1.15016393e-01
 -1.15004741e-01 -1.14167325e-01 -1.12435848e-01 -1.09783635e-01 -1.06252886e-01
 -1.01999536e-01 -9.72952321e-02 -9.24187377e-02 -8.75498205e-02 -8.27703029e-02
 -7.81058148e-02 -7.35562742e-02 -6.91108480e-02 -6.47502393e-02 -6.04147241e-02
 -5.58969490e-02 -5.10533862e-02 -4.58427072e-02 -4.02393267e-02 -3.42232287e-02
 -2.77944840e-02 -2.10811831e-02 -1.42684840e-02 -7.38789514e-03 -4.35062015e-04
  6.59792032e-03  1.37169510e-02  2.09241435e-02  2.82170307e-02  3.55880409e-02
  4.30240631e-02  5.05059995e-02  5.80083318e-02  6.54987767e-02  7.29380548e-02
  8.02800357e-02  8.74722824e-02  9.44571868e-02  1.01173885e-01  1.07560776e-01
  1.13558702e-01  1.19114377e-01  1.24183729e-01  1.28734723e-01  1.32749319e-01
  1.36224091e-01  1.39169902e-01  1.41610071e-01  1.43578067e-01  1.45114422e-01
 -7.22553357e-02 -7.81537741e-02 -8.40974674e-02 -9.02853832e-02 -9.66425389e-02
 -1.00982994e-01 -1.03122376e-01 -1.04274675e-01 -1.05226874e-01 -1.06098019e-01
 -1.06950007e-01 -1.07768178e-01 -1.08467892e-01 -1.08926564e-01 -1.09018736e-01
 -1.08638436e-01 -1.07708484e-01 -1.06184192e-01 -1.04057156e-01 -1.01359926e-01
 -9.81665105e-02 -9.45812911e-02 -9.07158330e-02 -8.66653770e-02 -8.24969411e-02
 -7.82492831e-02 -7.39376768e-02 -6.95578307e-02 -6.50862232e-02 -6.04784824e-02
 -5.56747876e-02 -5.06175086e-02 -4.52650525e-02 -3.95938344e-02 -3.35982293e-02
 -2.72934288e-02 -2.07153037e-02 -1.39064481e-02 -6.89863320e-03  2.90580327e-04
  7.65256351e-03  1.51824150e-02  2.28755269e-02  3.07253450e-02  3.87217328e-02
  4.68495861e-02  5.50875328e-02  6.34066015e-02  7.17689320e-02  8.01265761e-02
  8.84207040e-02  9.65813994e-02  1.04528554e-01  1.12174213e-01  1.19426474e-01
  1.26194969e-01  1.32397264e-01  1.37965292e-01  1.42850965e-01  1.47029862e-01
  1.50502473e-01  1.53292865e-01  1.55445024e-01  1.57017618e-01  1.58078134e-01
 -7.80045539e-02 -8.37545544e-02 -8.86647180e-02 -9.29730982e-02 -9.67199057e-02
 -9.89385992e-02 -1.00507520e-01 -1.01677574e-01 -1.02595799e-01 -1.03347205e-01
 -1.03970036e-01 -1.04462624e-01 -1.04791142e-01 -1.04900829e-01 -1.04728796e-01
 -1.04215391e-01 -1.03312537e-01 -1.01989187e-01 -1.00234546e-01 -9.80588868e-02
 -9.54915658e-02 -9.25756022e-02 -8.93596560e-02 -8.58898312e-02 -8.22034404e-02
 -7.83257857e-02 -7.42692575e-02 -7.00337514e-02 -6.56078234e-02 -6.09707572e-02
 -5.60962856e-02 -5.09576425e-02 -4.55322824e-02 -3.98050100e-02 -3.37694995e-02
 -2.74282675e-02 -2.07908619e-02 -1.38702197e-02 -6.67875446e-03  7.73919863e-04
  8.48119427e-03  1.64384041e-02  2.46413089e-02  3.30844857e-02  4.17597108e-02
  5.06542213e-02  5.97487688e-02  6.90153614e-02  7.84146339e-02  8.78929719e-02
  9.73795578e-02  1.06784001e-01  1.15995504e-01  1.24884725e-01  1.33309469e-01
  1.41124487e-01  1.48194343e-01  1.54406890e-01  1.59685016e-01  1.63994223e-01
  1.67345077e-01  1.69789761e-01  1.71413451e-01  1.72322586e-01  1.72632322e-01
 -8.70505646e-02 -9.38309059e-02 -9.57949311e-02 -9.65607092e-02 -9.75602418e-02
 -9.84971970e-02 -9.93027315e-02 -9.99853685e-02 -1.00565843e-01 -1.01056501e-01
 -1.01455644e-01 -1.01746865e-01 -1.01900950e-01 -1.01879723e-01 -1.01640955e-01
 -1.01143457e-01 -1.00351498e-01 -9.92382020e-02 -9.77876559e-02 -9.59954485e-02
 -9.38676596e-02 -9.14183334e-02 -8.86660144e-02 -8.56300145e-02 -8.23272318e-02
 -7.87698328e-02 -7.49640167e-02 -7.09096193e-02 -6.66006207e-02 -6.20262511e-02
 -5.71727455e-02 -5.20254485e-02 -4.65707928e-02 -4.07978557e-02 -3.46992202e-02
 -2.82710288e-02 -2.15123147e-02 -1.44238062e-02 -7.00662099e-03  7.38727220e-04
  8.81276373e-03  1.72169376e-02  2.59530582e-02  3.50224003e-02  4.44244668e-02
  5.41553609e-02  6.42055869e-02  7.45570734e-02  8.51790830e-02  9.60227922e-02
  1.07014358e-01  1.18046947e-01  1.28973365e-01  1.39602661e-01  1.49705857e-01
  1.59034282e-01  1.67348474e-01  1.74449444e-01  1.80203900e-01  1.84560180e-01
  1.87553495e-01  1.89298600e-01  1.89968958e-01  1.89766869e-01  1.88894421e-01
 -9.34983119e-02 -1.00793831e-01 -1.01302274e-01 -9.98079628e-02 -9.90168303e-02
 -9.86754298e-02 -9.86051932e-02 -9.86971334e-02 -9.88817811e-02 -9.91090909e-02
 -9.93369892e-02 -9.95255411e-02 -9.96345356e-02 -9.96231437e-02 -9.94509012e-02
 -9.90792140e-02 -9.84732360e-02 -9.76036265e-02 -9.64482129e-02 -9.49925482e-02
 -9.32295248e-02 -9.11579654e-02 -8.87804553e-02 -8.61013010e-02 -8.31248015e-02
 -7.98538476e-02 -7.62889683e-02 -7.24278688e-02 -6.82653859e-02 -6.37939423e-02
 -5.90042062e-02 -5.38859889e-02 -4.84290682e-02 -4.26238924e-02 -3.64619829e-02
 -2.99359635e-02 -2.30393279e-02 -1.57659259e-02 -8.10936932e-03 -6.24866734e-05
  8.38308316e-03  1.72370840e-02  2.65106168e-02  3.62158641e-02  4.63655293e-02
  5.69718629e-02  6.80450425e-02  7.95904920e-02  9.16045234e-02  1.04067154e-01
  1.16930477e-01  1.30100533e-01  1.43411413e-01  1.56595603e-01  1.69268772e-01
  1.80961892e-01  1.91209257e-01  1.99634999e-01  2.05997035e-01  2.10208029e-01
  2.12353274e-01  2.12693498e-01  2.11614370e-01  2.09528908e-01  2.06798375e-01
 -9.56643447e-02 -1.03006132e-01 -1.02797590e-01 -1.00544274e-01 -9.89845470e-02
 -9.79745910e-02 -9.73894969e-02 -9.71206129e-02 -9.70773995e-02 -9.71844792e-02
 -9.73776653e-02 -9.76005718e-02 -9.78020728e-02 -9.79347154e-02 -9.79537815e-02
 -9.78167951e-02 -9.74835232e-02 -9.69169512e-02 -9.60871130e-02 -9.49717462e-02
 -9.35561731e-02 -9.18324068e-02 -8.97948444e-02 -8.74392018e-02 -8.47620815e-02
 -8.17603841e-02 -7.84304366e-02 -7.47674704e-02 -7.07654655e-02 -6.64172024e-02
 -6.17144108e-02 -5.66481091e-02 -5.12088723e-02 -4.53871079e-02 -3.91731597e-02
 -3.25572751e-02 -2.55293977e-02 -1.80788040e-02 -1.01936702e-02 -1.86056364e-03
  6.93607796e-03  1.62144564e-02  2.59959213e-02  3.63054574e-02  4.71721552e-02
  5.86296022e-02  7.07161129e-02  8.34745169e-02  9.69509631e-02  1.11191601e-01
  1.26234457e-01  1.42090231e-01  1.58696577e-01  1.75812811e-01  1.92832574e-01
  2.08615333e-01  2.22096652e-01  2.32638583e-01  2.39853248e-01  2.43549228e-01
  2.43780464e-01  2.41112560e-01  2.36664519e-01  2.31354862e-01  2.25775018e-01
 -9.41895247e-02 -1.01378083e-01 -1.01120926e-01 -9.86664668e-02 -9.68990624e-02
 -9.57268327e-02 -9.50470194e-02 -9.47573632e-02 -9.47637334e-02 -9.49828401e-02
 -9.53421295e-02 -9.57782567e-02 -9.62352157e-02 -9.66623947e-02 -9.70125645e-02
 -9.72394496e-02 -9.72940922e-02 -9.71187502e-02 -9.66738239e-02 -9.59303379e-02
 -9.48699266e-02 -9.34934244e-02 -9.17910859e-02 -8.97517726e-02 -8.73665363e-02
 -8.46294835e-02 -8.15343559e-02 -7.80743659e-02 -7.42423683e-02 -7.00306520e-02
 -6.54308051e-02 -6.04338162e-02 -5.50300889e-02 -4.92095128e-02 -4.29614186e-02
 -3.62744443e-02 -2.91362535e-02 -2.15331726e-02 -1.34496996e-02 -4.86791786e-03
  4.23321174e-03  1.38786966e-02  2.40985323e-02  3.49289626e-02  4.64140996e-02
  5.86079843e-02  7.15773776e-02  8.54055062e-02  1.00197308e-01  1.16086952e-01
  1.33249253e-01  1.51918262e-01  1.72422826e-01  1.95279002e-01  2.20950976e-01
  2.44198650e-01  2.62793690e-01  2.76592553e-01  2.85296828e-01  2.88262814e-01
  2.85314471e-01  2.75339723e-01  2.64038444e-01  2.53580987e-01  2.44120702e-01
 -8.96349698e-02 -9.66054723e-02 -9.64428186e-02 -9.41128060e-02 -9.25524756e-02
 -9.16570798e-02 -9.12974477e-02 -9.13550854e-02 -9.17274356e-02 -9.23277810e-02
 -9.30831060e-02 -9.39315408e-02 -9.48200822e-02 -9.57026407e-02 -9.65383574e-02
 -9.72899646e-02 -9.79211926e-02 -9.82584804e-02 -9.82804373e-02 -9.79522616e-02
 -9.72225666e-02 -9.62069035e-02 -9.48583558e-02 -9.31464434e-02 -9.10537317e-02
 -8.85837227e-02 -8.57281908e-02 -8.24775472e-02 -7.88243413e-02 -7.47604966e-02
 -7.02772960e-02 -6.53653294e-02 -6.00145943e-02 -5.42145334e-02 -4.79539484e-02
 -4.12207395e-02 -3.40015851e-02 -2.62814946e-02 -1.80432871e-02 -9.26691387e-03
  7.13646441e-05  1.00000128e-02  2.05535479e-02  3.17742527e-02  4.37144786e-02
  5.64397350e-02  7.00330660e-02  8.46012533e-02  1.00284040e-01  1.17268197e-01
  1.35809854e-01  1.56271428e-01  1.79183602e-01  2.05338910e-01  2.35849276e-01
  2.67181993e-01  2.91625381e-01  3.09108973e-01  3.19792539e-01  3.23559284e-01
  3.19365710e-01  3.06578547e-01  2.87635475e-01  2.71731317e-01  2.58504063e-01
 -8.18994194e-02 -8.86635408e-02 -8.83314908e-02 -8.65327120e-02 -8.57383460e-02
 -8.56570303e-02 -8.60873908e-02 -8.68867412e-02 -8.79513994e-02 -8.92026871e-02
 -9.05783847e-02 -9.20277238e-02 -9.35084969e-02 -9.49856043e-02 -9.64310095e-02
 -9.78255942e-02 -9.89847854e-02 -9.98662561e-02 -1.00436389e-01 -1.00665815e-01
 -1.00530744e-01 -1.00021765e-01 -9.91128907e-02 -9.77672711e-02 -9.59322974e-02
 -9.37368572e-02 -9.11334753e-02 -8.80975425e-02 -8.46309438e-02 -8.07252973e-02
 -7.63716921e-02 -7.15598837e-02 -6.62791878e-02 -6.05189689e-02 -5.42682707e-02
 -4.75153774e-02 -4.02474180e-02 -3.24498788e-02 -2.41060946e-02 -1.51966121e-02
 -5.69839077e-03  4.41617565e-03  1.51805254e-02  2.66355611e-02  3.88317965e-02
  5.18322252e-02  6.57161996e-02  8.05848166e-02  9.65683311e-02  1.13836594e-01
  1.32613495e-01  1.53196156e-01  1.75978005e-01  2.01471090e-01  2.30320051e-01
  2.63106048e-01  2.91091979e-01  3.11329633e-01  3.24098200e-01  3.29481602e-01
  3.27662110e-01  3.17588598e-01  2.99039960e-01  2.80049503e-01  2.64966488e-01
 -6.84095472e-02 -7.41879940e-02 -7.52340481e-02 -7.54396021e-02 -7.64838159e-02
 -7.79526234e-02 -7.96868578e-02 -8.16022679e-02 -8.36437270e-02 -8.57698098e-02
 -8.79466012e-02 -9.01447758e-02 -9.23382565e-02 -9.45035219e-02 -9.66194570e-02
 -9.86678451e-02 -1.00453384e-01 -1.01946913e-01 -1.03119709e-01 -1.03944175e-01
 -1.04394406e-01 -1.04446270e-01 -1.04074389e-01 -1.03253014e-01 -1.01959713e-01
 -1.00185014e-01 -9.78975073e-02 -9.50463042e-02 -9.17732939e-02 -8.80349502e-02
 -8.38249847e-02 -7.91290104e-02 -7.39338920e-02 -6.82302788e-02 -6.20088391e-02
 -5.52596934e-02 -4.79719453e-02 -4.01333012e-02 -3.17297205e-02 -2.27449145e-02
 -1.31597882e-02 -2.95171840e-03  7.90632702e-03  1.94468722e-02  3.17092650e-02
  4.47413176e-02  5.86012900e-02  7.33602718e-02  8.91048834e-02  1.05940096e-01
  1.23991646e-01  1.43406972e-01  1.64353147e-01  1.87011570e-01  2.11576700e-01
  2.38314375e-01  2.65669286e-01  2.85465151e-01  2.98702747e-01  3.05906743e-01
  3.06839406e-01  3.01994383e-01  2.90512472e-01  2.73961753e-01  2.60788918e-01
 -4.95788157e-02 -5.28770015e-02 -5.77857159e-02 -6.22926429e-02 -6.60779029e-02
 -6.95451945e-02 -7.28532746e-02 -7.60722458e-02 -7.92343244e-02 -8.23529363e-02
 -8.54311287e-02 -8.84656087e-02 -9.14487913e-02 -9.43694338e-02 -9.72117111e-02
 -9.99508798e-02 -1.02404542e-01 -1.04551017e-01 -1.06364869e-01 -1.07819162e-01
 -1.08886555e-01 -1.09539784e-01 -1.09751716e-01 -1.09495804e-01 -1.08746849e-01
 -1.07481353e-01 -1.05674773e-01 -1.03303976e-01 -1.00355364e-01 -9.67825428e-02
 -9.27432552e-02 -8.81857723e-02 -8.30854625e-02 -7.74478987e-02 -7.12671801e-02
 -6.45369962e-02 -5.72495461e-02 -4.93960455e-02 -4.09665965e-02 -3.19499895e-02
 -2.23334115e-02 -1.21021150e-02 -1.23903854e-03  1.02755651e-02  2.24644653e-02
  3.53536643e-02  4.89723496e-02  6.33523390e-02  7.85265937e-02  9.45260674e-02
  1.11373611e-01  1.29072905e-01  1.47588283e-01  1.66807964e-01  1.86471298e-01
  2.06010729e-01  2.24274606e-01  2.39743695e-01  2.51507938e-01  2.59277552e-01
  2.63036370e-01  2.62966216e-01  2.59562910e-01  2.53921360e-01  2.47586921e-01
 -3.64594012e-02 -3.90462391e-02 -4.50817607e-02 -5.13616242e-02 -5.69039062e-02
 -6.19292669e-02 -6.65967911e-02 -7.10129440e-02 -7.52466917e-02 -7.93420076e-02
 -8.33262876e-02 -8.72157812e-02 -9.10192579e-02 -9.47411656e-02 -9.83858109e-02
 -1.01789586e-01 -1.04915991e-01 -1.07734010e-01 -1.10214077e-01 -1.12326764e-01
 -1.14042483e-01 -1.15331605e-01 -1.16164654e-01 -1.16512626e-01 -1.16347447e-01
 -1.15642279e-01 -1.14371799e-01 -1.12513199e-01 -1.10047527e-01 -1.06959775e-01
 -1.03249632e-01 -9.88917276e-02 -9.38405991e-02 -8.82648379e-02 -8.21224451e-02
 -7.54145011e-02 -6.81343302e-02 -6.02770895e-02 -5.18376455e-02 -4.28108163e-02
 -3.31911966e-02 -2.29731519e-02 -1.21508567e-02 -7.18483236e-04  1.13293696e-02
  2.39969026e-02  3.72857936e-02  5.11930436e-02  6.57075867e-02  8.08050558e-02
  9.64398235e-02  1.12533174e-01  1.28956035e-01  1.45505011e-01  1.61872998e-01
  1.77625924e-01  1.92218795e-01  2.05086917e-01  2.15775877e-01  2.24018231e-01
  2.29743823e-01  2.33072743e-01  2.34312132e-01  2.33928084e-01  2.32449889e-01
 -2.80807912e-02 -3.05103716e-02 -3.66273597e-02 -4.35587764e-02 -4.99807298e-02
 -5.59679680e-02 -6.16036206e-02 -6.69607893e-02 -7.20982999e-02 -7.70609900e-02
 -8.18816349e-02 -8.65829885e-02 -9.11791548e-02 -9.56754684e-02 -1.00064963e-01
 -1.04182735e-01 -1.08010150e-01 -1.11522309e-01 -1.14691079e-01 -1.17486499e-01
 -1.19877458e-01 -1.21832214e-01 -1.23318821e-01 -1.24305561e-01 -1.24761380e-01
 -1.24656379e-01 -1.23962261e-01 -1.22652926e-01 -1.20705038e-01 -1.18098319e-01
 -1.14815712e-01 -1.10840216e-01 -1.06157951e-01 -1.00767456e-01 -9.46338326e-02
 -8.79466683e-02 -8.06663036e-02 -7.27993622e-02 -6.43446073e-02 -5.53034805e-02
 -4.56780829e-02 -3.54717597e-02 -2.46893074e-02 -1.33374808e-02 -1.42574555e-03
  1.10325804e-02  2.40186304e-02  3.75055969e-02  5.14554232e-02  6.58143684e-02
  8.05072412e-02  9.54303220e-02  1.10443287e-01  1.25361636e-01  1.39952704e-01
  1.53940305e-01  1.67023554e-01  1.78910300e-01  1.89356312e-01  1.98197335e-01
  2.05366820e-01  2.10899547e-01  2.14922503e-01  2.17632115e-01  2.19259039e-01
 -2.22654641e-02 -2.46488880e-02 -3.10032498e-02 -3.82895358e-02 -4.52066436e-02
 -5.17914146e-02 -5.80889396e-02 -6.41451627e-02 -7.00019896e-02 -7.56950974e-02
 -8.12535733e-02 -8.67006779e-02 -9.20555368e-02 -9.73360389e-02 -1.02395244e-01
 -1.07201077e-01 -1.11724578e-01 -1.15936413e-01 -1.19805872e-01 -1.23300776e-01
 -1.26387730e-01 -1.29032403e-01 -1.31200045e-01 -1.32855877e-01 -1.33965537e-01
 -1.34495676e-01 -1.34414330e-01 -1.33691534e-01 -1.32299751e-01 -1.30214274e-01
 -1.27413541e-01 -1.23879276e-01 -1.19597428e-01 -1.14559211e-01 -1.08760081e-01
 -1.02209009e-01 -9.48796943e-02 -8.69830325e-02 -7.84843713e-02 -6.93988055e-02
 -5.97340688e-02 -4.95017953e-02 -3.87157798e-02 -2.73928884e-02 -1.55536663e-02
 -3.22336121e-03  9.56659857e-03  2.27766428e-02  3.63566466e-02  5.02430685e-02
  6.43557906e-02  7.85948858e-02  9.28380415e-02  1.06939383e-01  1.20731294e-01
  1.34030208e-01  1.46647304e-01  1.58403024e-01  1.69142827e-01  1.78750962e-01
  1.87159374e-01  1.94350511e-01  2.00353697e-01  2.05235988e-01  2.09089220e-01
 -1.85822081e-02 -2.10127756e-02 -2.75728777e-02 -3.50749530e-02 -4.22883481e-02
 -4.92514595e-02 -5.60007282e-02 -6.25702962e-02 -6.89902678e-02 -7.52862841e-02
 -8.14794749e-02 -8.75867456e-02 -9.36212689e-02 -9.95935649e-02 -1.05338015e-01
 -1.10832907e-01 -1.16052128e-01 -1.20966271e-01 -1.25543252e-01 -1.29748821e-01
 -1.33547053e-01 -1.36900753e-01 -1.39772028e-01 -1.42122656e-01 -1.43914685e-01
 -1.45110965e-01 -1.45675585e-01 -1.45574525e-01 -1.44776165e-01 -1.43251747e-01
 -1.40975997e-01 -1.37927562e-01 -1.34089753e-01 -1.29451066e-01 -1.24005847e-01
 -1.17755011e-01 -1.10704921e-01 -1.02877170e-01 -9.42573622e-02 -8.50775465e-02
 -7.53111839e-02 -6.49843886e-02 -5.41169681e-02 -4.27338555e-02 -3.08633298e-02
 -1.85375381e-02 -5.79386810e-03  7.32358359e-03  2.07624342e-02  3.44604254e-02
  4.83438894e-02  6.23265542e-02  7.63089433e-02  9.01788771e-02  1.03813395e-01
  1.17082462e-01  1.29854262e-01  1.42001674e-01  1.53408960e-01  1.63977548e-01
  1.73630074e-01  1.82312235e-01  1.89992398e-01  1.96659639e-01  2.02320859e-01
 -1.69903412e-02 -1.95952468e-02 -2.60798242e-02 -3.36315520e-02 -4.09596227e-02
 -4.81252521e-02 -5.51679842e-02 -6.21129461e-02 -6.89785480e-02 -7.57794231e-02
 -8.25271457e-02 -8.92298520e-02 -9.58905593e-02 -1.02502599e-01 -1.08900376e-01
 -1.15064092e-01 -1.20967172e-01 -1.26578495e-01 -1.31863609e-01 -1.36785507e-01
 -1.41305149e-01 -1.45382032e-01 -1.48974687e-01 -1.52041167e-01 -1.54539585e-01
 -1.56428650e-01 -1.57668307e-01 -1.58220246e-01 -1.58048540e-01 -1.57120243e-01
 -1.55406058e-01 -1.52880862e-01 -1.49524435e-01 -1.45322040e-01 -1.40265077e-01
 -1.34351596e-01 -1.27586842e-01 -1.19984061e-01 -1.11563221e-01 -1.02361321e-01
 -9.23796967e-02 -8.18690658e-02 -7.08144605e-02 -5.92555143e-02 -4.72264066e-02
 -3.47615518e-02 -2.18991507e-02 -8.68245680e-03  4.83943801e-03  1.86108798e-02
  3.25690098e-02  4.66433577e-02  6.07557669e-02  7.48208612e-02  8.87470618e-02
  1.02438167e-01  1.15795352e-01  1.28719240e-01  1.41111791e-01  1.52877569e-01
  1.63924575e-01  1.74164683e-01  1.83514431e-01  1.91896990e-01  1.99245960e-01
 -1.72953513e-02 -2.03022286e-02 -2.65445858e-02 -3.36948708e-02 -4.08858359e-02
 -4.81030308e-02 -5.53312451e-02 -6.25648275e-02 -6.98031411e-02 -7.70481899e-02
 -8.43035430e-02 -9.15741920e-02 -9.88685563e-02 -1.06036082e-01 -1.13038644e-01
 -1.19841948e-01 -1.26411319e-01 -1.32710248e-01 -1.38700008e-01 -1.44339725e-01
 -1.49586603e-01 -1.54396340e-01 -1.58723548e-01 -1.62522197e-01 -1.65746182e-01
 -1.68349877e-01 -1.70288771e-01 -1.71519995e-01 -1.72003090e-01 -1.71700597e-01
 -1.70578763e-01 -1.68608189e-01 -1.65764555e-01 -1.62029222e-01 -1.57389894e-01
 -1.51841193e-01 -1.45385206e-01 -1.38032004e-01 -1.29800037e-01 -1.20716944e-01
 -1.10818259e-01 -1.00158267e-01 -8.87586325e-02 -7.68877864e-02 -6.45652562e-02
 -5.18151894e-02 -3.86721976e-02 -2.51759607e-02 -1.13697965e-02  2.69945338e-03
  1.69811938e-02  3.14208828e-02  4.59599942e-02  6.05361201e-02  7.50831217e-02
  8.95311907e-02  1.03806622e-01  1.17830910e-01  1.31519049e-01  1.44776732e-01
  1.57496855e-01  1.69556022e-01  1.80813164e-01  1.91112652e-01  2.00294673e-01
 -1.80211607e-02 -2.14061886e-02 -2.74005868e-02 -3.43241952e-02 -4.14595976e-02
 -4.87525165e-02 -5.61626256e-02 -6.36669472e-02 -7.12528005e-02 -7.89131895e-02
 -8.66436511e-02 -9.44391042e-02 -1.02288358e-01 -1.10027805e-01 -1.17630377e-01
 -1.25062987e-01 -1.32288769e-01 -1.39267966e-01 -1.45958245e-01 -1.52315006e-01
 -1.58291623e-01 -1.63839862e-01 -1.68910235e-01 -1.73452482e-01 -1.77416101e-01
 -1.80750951e-01 -1.83407813e-01 -1.85339108e-01 -1.86499521e-01 -1.86846793e-01
 -1.86342403e-01 -1.84952229e-01 -1.82647392e-01 -1.79404825e-01 -1.75207958e-01
 -1.70047387e-01 -1.63921282e-01 -1.56835884e-01 -1.48805842e-01 -1.39854237e-01
 -1.30012318e-01 -1.19318821e-01 -1.07815310e-01 -9.55494866e-02 -8.28354806e-02
 -6.96667507e-02 -5.60937077e-02 -4.21576165e-02 -2.78964303e-02 -1.33474031e-02
  1.45173725e-03  1.64624304e-02  3.16452496e-02  4.69599292e-02  6.23651706e-02
  7.78180286e-02  9.32724699e-02  1.08676702e-01  1.23968527e-01  1.39068112e-01
  1.53867364e-01  1.68216199e-01  1.81907997e-01  1.94672212e-01  2.06188425e-01
 -1.80835128e-02 -2.16389690e-02 -2.78035477e-02 -3.49215902e-02 -4.22329530e-02
 -4.97229211e-02 -5.73765188e-02 -6.51804358e-02 -7.31249005e-02 -8.12039822e-02
 -8.94159377e-02 -9.77644995e-02 -1.06100745e-01 -1.14381000e-01 -1.22565553e-01
 -1.30614594e-01 -1.38486728e-01 -1.46138340e-01 -1.53523475e-01 -1.60593867e-01
 -1.67299181e-01 -1.73587263e-01 -1.79404542e-01 -1.84696510e-01 -1.89408183e-01
 -1.93484798e-01 -1.96872339e-01 -1.99518323e-01 -2.01372430e-01 -2.02387378e-01
 -2.02519581e-01 -2.01729923e-01 -1.99984610e-01 -1.97255790e-01 -1.93522304e-01
 -1.88770294e-01 -1.82993740e-01 -1.76194981e-01 -1.68385088e-01 -1.59584105e-01
 -1.49821371e-01 -1.39135838e-01 -1.27577007e-01 -1.15208127e-01 -1.02112733e-01
 -8.83348510e-02 -7.41761029e-02 -5.96581437e-02 -4.48041745e-02 -2.96376534e-02
 -1.41821587e-02  1.53975154e-03  1.75075494e-02  3.37034687e-02  5.01128435e-02
  6.67239800e-02  8.35271850e-02  1.00512400e-01  1.17664546e-01  1.34954616e-01
  1.52323648e-01  1.69653669e-01  1.86717540e-01  2.03102916e-01  2.18145788e-01
 -1.80542525e-02 -2.17660796e-02 -2.82375105e-02 -3.55692953e-02 -4.31076884e-02
 -5.08506037e-02 -5.87914959e-02 -6.69235066e-02 -7.52404779e-02 -8.37375075e-02
 -9.24112797e-02 -1.01260692e-01 -1.10116698e-01 -1.18945286e-01 -1.27709016e-01
 -1.36367530e-01 -1.44877538e-01 -1.53192982e-01 -1.61265016e-01 -1.69042245e-01
 -1.76470891e-01 -1.83495104e-01 -1.90057427e-01 -1.96099117e-01 -2.01560855e-01
 -2.06383184e-01 -2.10507318e-01 -2.13875785e-01 -2.16433197e-01 -2.18127057e-01
 -2.18908608e-01 -2.18733549e-01 -2.17562944e-01 -2.15363950e-01 -2.12110564e-01
 -2.07784250e-01 -2.02374637e-01 -1.95879921e-01 -1.88307360e-01 -1.79673538e-01
 -1.70004621e-01 -1.59336448e-01 -1.47714540e-01 -1.35193691e-01 -1.21836327e-01
 -1.07706942e-01 -9.28769484e-02 -7.76872188e-02 -6.21507503e-02 -4.62777317e-02
 -3.00815478e-02 -1.35723632e-02  3.24561913e-03  2.03757565e-02  3.78302671e-02
  5.56315109e-02  7.38132447e-02  9.24217179e-02  1.11516155e-01  1.31167904e-01
  1.51456311e-01  1.72456533e-01  1.94202363e-01  2.16526613e-01  2.38065019e-01
 -1.82257779e-02 -2.21156944e-02 -2.86866929e-02 -3.62321921e-02 -4.40161861e-02
 -5.20358719e-02 -6.02878854e-02 -6.87681660e-02 -7.74724111e-02 -8.63959417e-02
 -9.55321267e-02 -1.04867846e-01 -1.14234895e-01 -1.23603098e-01 -1.32936016e-01
 -1.42192706e-01 -1.51328504e-01 -1.60295323e-01 -1.69041917e-01 -1.77514136e-01
 -1.85655102e-01 -1.93405584e-01 -2.00704381e-01 -2.07488805e-01 -2.13695213e-01
 -2.19259694e-01 -2.24118680e-01 -2.28209749e-01 -2.31472462e-01 -2.33849108e-01
 -2.35285670e-01 -2.35732615e-01 -2.35145777e-01 -2.33487204e-01 -2.30725944e-01
 -2.26838708e-01 -2.21810594e-01 -2.15635598e-01 -2.08317056e-01 -1.99867934e-01
 -1.90311000e-01 -1.79678902e-01 -1.68013826e-01 -1.55367121e-01 -1.41798273e-01
 -1.27373636e-01 -1.12165585e-01 -9.62501690e-02 -7.99877197e-02 -6.33538887e-02
 -4.63745631e-02 -2.90570166e-02 -1.13944998e-02  6.63314154e-03  2.50607505e-02
  4.39404584e-02  6.33456334e-02  8.33765194e-02  1.04168281e-01  1.25902832e-01
  1.48827434e-01  1.73287392e-01  1.99793652e-01  2.29181901e-01  2.60080040e-01
 -1.82714257e-02 -2.23264713e-02 -2.90702917e-02 -3.68350334e-02 -4.48740274e-02
 -5.31847291e-02 -6.17641844e-02 -7.06090629e-02 -7.97174871e-02 -8.90904963e-02
 -9.87340510e-02 -1.08502567e-01 -1.18351102e-01 -1.28238410e-01 -1.38122797e-01
 -1.47960350e-01 -1.57704189e-01 -1.67304188e-01 -1.76706925e-01 -1.85855746e-01
 -1.94691032e-01 -2.03150451e-01 -2.11169377e-01 -2.18681380e-01 -2.25618780e-01
 -2.31913283e-01 -2.37496778e-01 -2.42302030e-01 -2.46263593e-01 -2.49318659e-01
 -2.51408011e-01 -2.52476871e-01 -2.52475917e-01 -2.51362145e-01 -2.49099568e-01
 -2.45660245e-01 -2.41024762e-01 -2.35182956e-01 -2.28134319e-01 -2.19888374e-01
 -2.10464865e-01 -1.99893817e-01 -1.88215435e-01 -1.75479919e-01 -1.61747113e-01
 -1.47086576e-01 -1.31578073e-01 -1.15313694e-01 -9.84034762e-02 -8.09088796e-02
 -6.31129369e-02 -4.50028516e-02 -2.65580267e-02 -7.74521474e-03  1.14847943e-02
  3.12012024e-02  5.14988229e-02  7.25061521e-02  9.43969861e-02  1.17407225e-01
  1.41859084e-01  1.68194324e-01  1.97013974e-01  2.29105845e-01  2.63730824e-01
 -1.80197768e-02 -2.22041309e-02 -2.92946193e-02 -3.72763164e-02 -4.55787145e-02
 -5.41981719e-02 -6.31222203e-02 -7.23420978e-02 -8.18539038e-02 -9.16580036e-02
 -1.01758368e-01 -1.11992255e-01 -1.22326106e-01 -1.32722810e-01 -1.43141955e-01
 -1.53539658e-01 -1.63868353e-01 -1.74076796e-01 -1.84109941e-01 -1.93909213e-01
 -2.03412622e-01 -2.12555110e-01 -2.21268937e-01 -2.29484245e-01 -2.37129584e-01
 -2.44132578e-01 -2.50420719e-01 -2.55922258e-01 -2.60566890e-01 -2.64286906e-01
 -2.67017990e-01 -2.68700421e-01 -2.69279718e-01 -2.68707901e-01 -2.66944259e-01
 -2.63956189e-01 -2.59719968e-01 -2.54221380e-01 -2.47456357e-01 -2.39431173e-01
 -2.30162829e-01 -2.19679117e-01 -2.08018526e-01 -1.95230052e-01 -1.81372866e-01
 -1.66515812e-01 -1.50736824e-01 -1.34121805e-01 -1.16762154e-01 -9.87483189e-02
 -8.01750049e-02 -6.13379702e-02 -4.22192477e-02 -2.27833521e-02 -2.97962525e-03
  1.72600094e-02  3.80257405e-02  5.94366975e-02  8.16505626e-02  1.04877308e-01
  1.29399344e-01  1.55601889e-01  1.84019774e-01  2.15404436e-01  2.49245480e-01
 -1.79005805e-02 -2.23226044e-02 -2.92082056e-02 -3.73661518e-02 -4.60019819e-02
 -5.49888685e-02 -6.42934069e-02 -7.39050433e-02 -8.38219374e-02 -9.40465331e-02
 -1.04584336e-01 -1.15268402e-01 -1.26069069e-01 -1.36952311e-01 -1.47879571e-01
 -1.58807829e-01 -1.69689596e-01 -1.80473030e-01 -1.91102073e-01 -2.01516584e-01
 -2.11652592e-01 -2.21442699e-01 -2.30816439e-01 -2.39700794e-01 -2.48020887e-01
 -2.55700588e-01 -2.62663305e-01 -2.68832982e-01 -2.74134815e-01 -2.78496414e-01
 -2.81848729e-01 -2.84127086e-01 -2.85272330e-01 -2.85231680e-01 -2.83959806e-01
 -2.81419784e-01 -2.77583778e-01 -2.72433817e-01 -2.65962422e-01 -2.58172959e-01
 -2.49080062e-01 -2.38709554e-01 -2.27098539e-01 -2.14295119e-01 -2.00357988e-01
 -1.85355812e-01 -1.69366360e-01 -1.52475476e-01 -1.34775788e-01 -1.16365612e-01
 -9.73502323e-02 -7.78454840e-02 -5.81723154e-02 -3.82836834e-02 -1.81344356e-02
  2.32722447e-03  2.31646504e-02  4.44564112e-02  6.62997067e-02  8.88140127e-02
  1.12145379e-01  1.36472926e-01  1.62024409e-01  1.89144477e-01  2.17837036e-01
 -1.59514304e-02 -2.01282427e-02 -2.79469285e-02 -3.69442701e-02 -4.61269021e-02
 -5.55622987e-02 -6.52774349e-02 -7.52874464e-02 -8.56033862e-02 -9.62327346e-02
 -1.07175745e-01 -1.18274130e-01 -1.29504636e-01 -1.40836358e-01 -1.52232394e-01
 -1.63650408e-01 -1.75043061e-01 -1.86358094e-01 -1.97538614e-01 -2.08523214e-01
 -2.19246298e-01 -2.29638398e-01 -2.39626646e-01 -2.49135286e-01 -2.58086294e-01
 -2.66400158e-01 -2.73996592e-01 -2.80795544e-01 -2.86718100e-01 -2.91687489e-01
 -2.95630246e-01 -2.98477203e-01 -3.00164670e-01 -3.00635457e-01 -2.99840033e-01
 -2.97737271e-01 -2.94295639e-01 -2.89493650e-01 -2.83320844e-01 -2.75777966e-01
 -2.66877532e-01 -2.56643891e-01 -2.45113254e-01 -2.32333392e-01 -2.18363270e-01
 -2.03272417e-01 -1.87140033e-01 -1.70053780e-01 -1.52108148e-01 -1.33402243e-01
 -1.14035770e-01 -9.41015184e-02 -7.40406886e-02 -5.38570397e-02 -3.35410759e-02
 -1.30743589e-02  7.56717892e-03  2.84100603e-02  4.94789518e-02  7.07893595e-02
  9.23340470e-02  1.14056297e-01  1.35793492e-01  1.57153338e-01  1.77308649e-01
 -1.47760175e-02 -1.89639963e-02 -2.72458047e-02 -3.66534591e-02 -4.62421030e-02
 -5.60598597e-02 -6.61419556e-02 -7.65169859e-02 -8.72103795e-02 -9.82482508e-02
 -1.09507538e-01 -1.20955549e-01 -1.32560819e-01 -1.44289389e-01 -1.56103224e-01
 -1.67959571e-01 -1.79810703e-01 -1.91603899e-01 -2.03281492e-01 -2.14780986e-01
 -2.26035386e-01 -2.36973509e-01 -2.47520372e-01 -2.57597804e-01 -2.67125130e-01
 -2.76019722e-01 -2.84198046e-01 -2.91576505e-01 -2.98072398e-01 -3.03605080e-01
 -3.08097005e-01 -3.11474949e-01 -3.13671142e-01 -3.14624310e-01 -3.14281017e-01
 -3.12596500e-01 -3.09535652e-01 -3.05073977e-01 -2.99198210e-01 -2.91906953e-01
 -2.83210963e-01 -2.73133516e-01 -2.61710316e-01 -2.48989433e-01 -2.35030949e-01
 -2.19906390e-01 -2.03698173e-01 -1.86498672e-01 -1.68409467e-01 -1.49540499e-01
 -1.30009890e-01 -1.09945036e-01 -8.94880667e-02 -6.90480322e-02 -4.86356281e-02
 -2.82542743e-02 -7.90879689e-03  1.23887621e-02  3.26127075e-02  5.27146868e-02
  7.26103708e-02  9.21602845e-02  1.11144975e-01  1.29242346e-01  1.46030858e-01
 -1.45526240e-02 -1.88389365e-02 -2.70608030e-02 -3.66642550e-02 -4.64936309e-02
 -5.65710180e-02 -6.69241250e-02 -7.75802135e-02 -8.85655507e-02 -9.99056026e-02
 -1.11464880e-01 -1.23222969e-01 -1.35153383e-01 -1.47224233e-01 -1.59398451e-01
 -1.71633676e-01 -1.83882177e-01 -1.96090996e-01 -2.08201855e-01 -2.20151454e-01
 -2.31871635e-01 -2.43289769e-01 -2.54329175e-01 -2.64909595e-01 -2.74948061e-01
 -2.84359336e-01 -2.93057024e-01 -3.00954461e-01 -3.07965666e-01 -3.14006537e-01
 -3.18995982e-01 -3.22857141e-01 -3.25518578e-01 -3.26915503e-01 -3.26990902e-01
 -3.25696707e-01 -3.22994769e-01 -3.18857849e-01 -3.13270271e-01 -3.06228667e-01
 -2.97742426e-01 -2.87833959e-01 -2.76538789e-01 -2.63905555e-01 -2.49995723e-01
 -2.34883249e-01 -2.18653962e-01 -2.01405078e-01 -1.83244556e-01 -1.64290696e-01
 -1.44672021e-01 -1.24527983e-01 -1.04010828e-01 -8.32894668e-02 -6.27824590e-02
 -4.24848795e-02 -2.24108472e-02 -2.58988631e-03  1.69313010e-02  3.60843167e-02
  5.47729805e-02  7.28669614e-02  9.01975110e-02  1.06559299e-01  1.21723153e-01
 -1.44463945e-02 -1.87992956e-02 -2.71631945e-02 -3.68877016e-02 -4.68549877e-02
 -5.70894815e-02 -6.76176175e-02 -7.84656554e-02 -8.96591097e-02 -1.01222761e-01
 -1.13017268e-01 -1.25023589e-01 -1.37216702e-01 -1.49565876e-01 -1.62034720e-01
 -1.74581230e-01 -1.87157810e-01 -1.99711323e-01 -2.12183118e-01 -2.24509254e-01
 -2.36620694e-01 -2.48443663e-01 -2.59900093e-01 -2.70908117e-01 -2.81382769e-01
 -2.91236788e-01 -3.00381362e-01 -3.08727235e-01 -3.16185653e-01 -3.22669625e-01
 -3.28095019e-01 -3.32381845e-01 -3.35455567e-01 -3.37248236e-01 -3.37699860e-01
 -3.36759418e-01 -3.34386140e-01 -3.30550283e-01 -3.25234115e-01 -3.18432570e-01
 -3.10153753e-01 -3.00419360e-01 -2.89264798e-01 -2.76739210e-01 -2.62905329e-01
 -2.47839093e-01 -2.31629267e-01 -2.14376733e-01 -1.96193919e-01 -1.77203864e-01
 -1.57539174e-01 -1.37340277e-01 -1.16751902e-01 -9.59153399e-02 -7.53529370e-02
 -5.51116243e-02 -3.52287218e-02 -1.57457925e-02  3.28488578e-03  2.17965040e-02
  3.97052504e-02  5.69093041e-02  7.32901320e-02  8.87170807e-02  1.03056081e-01
 -1.45772267e-02 -1.89869497e-02 -2.74986923e-02 -3.72636132e-02 -4.72732782e-02
 -5.75686544e-02 -6.81805462e-02 -7.91350529e-02 -9.04559493e-02 -1.02166325e-01
 -1.14123262e-01 -1.26306951e-01 -1.38692200e-01 -1.51248276e-01 -1.63938925e-01
 -1.76722243e-01 -1.89550638e-01 -2.02370822e-01 -2.15123907e-01 -2.27745488e-01
 -2.40165904e-01 -2.52310544e-01 -2.64100313e-01 -2.75452107e-01 -2.86279529e-01
 -2.96493590e-01 -3.06003720e-01 -3.14718544e-01 -3.22547168e-01 -3.29400212e-01
 -3.35191101e-01 -3.39837283e-01 -3.43261600e-01 -3.45393568e-01 -3.46170574e-01
 -3.45539242e-01 -3.43456388e-01 -3.39890212e-01 -3.34821135e-01 -3.28242481e-01
 -3.20161223e-01 -3.10598254e-01 -2.99588740e-01 -2.87182063e-01 -2.73441732e-01
 -2.58445233e-01 -2.42283404e-01 -2.25060001e-01 -2.06891030e-01 -1.87904119e-01
 -1.68237761e-01 -1.48041040e-01 -1.27474040e-01 -1.06711075e-01 -8.59514698e-02
 -6.56602755e-02 -4.58486937e-02 -2.65473910e-02 -7.80062657e-03  1.03355115e-02
  2.77939346e-02  4.44978513e-02  6.03632294e-02  7.53028020e-02  8.92316028e-02
 -1.53184831e-02 -1.98427606e-02 -2.81314068e-02 -3.77595983e-02 -4.76757996e-02
 -5.79288937e-02 -6.85401410e-02 -7.95252696e-02 -9.09009576e-02 -1.02685936e-01
 -1.14733428e-01 -1.27022043e-01 -1.39525726e-01 -1.52213380e-01 -1.65048584e-01
 -1.77989393e-01 -1.90988198e-01 -2.03991637e-01 -2.16940686e-01 -2.29770690e-01
 -2.42411643e-01 -2.54788399e-01 -2.66821235e-01 -2.78426200e-01 -2.89515942e-01
 -3.00000310e-01 -3.09787422e-01 -3.18784446e-01 -3.26898843e-01 -3.34039509e-01
 -3.40117991e-01 -3.45049798e-01 -3.48755777e-01 -3.51163357e-01 -3.52207929e-01
 -3.51834029e-01 -3.49996626e-01 -3.46662015e-01 -3.41809005e-01 -3.35429490e-01
 -3.27529222e-01 -3.18128228e-01 -3.07261050e-01 -2.94976890e-01 -2.81339526e-01
 -2.66427070e-01 -2.50331491e-01 -2.33158216e-01 -2.15025395e-01 -1.96063116e-01
 -1.76412582e-01 -1.56224936e-01 -1.35659501e-01 -1.14880577e-01 -9.40496475e-02
 -7.36992359e-02 -5.38806431e-02 -3.46348993e-02 -1.60045642e-02  1.96210807e-03
  1.92103032e-02  3.56796049e-02  5.13061732e-02  6.60259351e-02  7.97784850e-02
 -1.64908208e-02 -2.13319827e-02 -2.89749838e-02 -3.81254256e-02 -4.78595681e-02
 -5.80255836e-02 -6.85927048e-02 -7.95585960e-02 -9.09323022e-02 -1.02728933e-01
 -1.14799835e-01 -1.27122685e-01 -1.39670998e-01 -1.52413532e-01 -1.65313825e-01
 -1.78330034e-01 -1.91414639e-01 -2.04514369e-01 -2.17570230e-01 -2.30517596e-01
 -2.43286341e-01 -2.55801201e-01 -2.67982125e-01 -2.79744834e-01 -2.91001439e-01
 -3.01661193e-01 -3.11631441e-01 -3.20818484e-01 -3.29128802e-01 -3.36470157e-01
 -3.42752844e-01 -3.47891092e-01 -3.51804286e-01 -3.54418397e-01 -3.55667263e-01
 -3.55493903e-01 -3.53851676e-01 -3.50705445e-01 -3.46032470e-01 -3.39823306e-01
 -3.32082421e-01 -3.22828740e-01 -3.12095881e-01 -2.99932271e-01 -2.86401242e-01
 -2.71580607e-01 -2.55562454e-01 -2.38452554e-01 -2.20369816e-01 -2.01445594e-01
 -1.81822985e-01 -1.61656260e-01 -1.41110435e-01 -1.20361805e-01 -9.96005759e-02
 -7.90401772e-02 -5.91009222e-02 -3.97921614e-02 -2.11397894e-02 -3.18122911e-03
  1.40375439e-02  3.04646026e-02  4.60448600e-02  6.07232712e-02  7.44483769e-02
 -1.56078143e-02 -2.01923698e-02 -2.83619892e-02 -3.78076322e-02 -4.75861244e-02
 -5.77317327e-02 -6.82582706e-02 -7.91776180e-02 -9.05043259e-02 -1.02256007e-01
 -1.14286579e-01 -1.26574650e-01 -1.39094308e-01 -1.51814774e-01 -1.64699957e-01
 -1.77708328e-01 -1.90792665e-01 -2.03900009e-01 -2.16971666e-01 -2.29943216e-01
 -2.42744803e-01 -2.55301327e-01 -2.67532825e-01 -2.79355139e-01 -2.90680349e-01
 -3.01417619e-01 -3.11474115e-01 -3.20755899e-01 -3.29169035e-01 -3.36620867e-01
 -3.43021065e-01 -3.48283201e-01 -3.52325827e-01 -3.55074078e-01 -3.56460720e-01
 -3.56427759e-01 -3.54927361e-01 -3.51923198e-01 -3.47391188e-01 -3.41320664e-01
 -3.33714664e-01 -3.24590802e-01 -3.13981354e-01 -3.01933408e-01 -2.88509011e-01
 -2.73784757e-01 -2.57851541e-01 -2.40814060e-01 -2.22790241e-01 -2.03910604e-01
 -1.84317529e-01 -1.64164498e-01 -1.43615410e-01 -1.22843444e-01 -1.02029584e-01
 -8.13590512e-02 -6.13004901e-02 -4.18709181e-02 -2.30976213e-02 -5.01808664e-03
  1.23211769e-02  2.88666133e-02  4.45603281e-02  5.93434833e-02  7.31602907e-02
 -1.50861265e-02 -1.95988063e-02 -2.77372450e-02 -3.72088701e-02 -4.69845161e-02
 -5.70884086e-02 -6.75449371e-02 -7.83763230e-02 -8.96042734e-02 -1.01250999e-01
 -1.13175951e-01 -1.25359654e-01 -1.37777388e-01 -1.50399059e-01 -1.63189188e-01
 -1.76106736e-01 -1.89104959e-01 -2.02131391e-01 -2.15127826e-01 -2.28030384e-01
 -2.40769699e-01 -2.53271192e-01 -2.65455484e-01 -2.77238846e-01 -2.88533896e-01
 -2.99250275e-01 -3.09295505e-01 -3.18575978e-01 -3.26998115e-01 -3.34469318e-01
 -3.40899438e-01 -3.46201956e-01 -3.50295275e-01 -3.53104234e-01 -3.54561210e-01
 -3.54607522e-01 -3.53194714e-01 -3.50285441e-01 -3.45854670e-01 -3.39890420e-01
 -3.32394361e-01 -3.23382556e-01 -3.12885493e-01 -3.00948471e-01 -2.87631363e-01
 -2.73008555e-01 -2.57168531e-01 -2.40213439e-01 -2.22258434e-01 -2.03431159e-01
 -1.83871016e-01 -1.63728446e-01 -1.43164337e-01 -1.22349039e-01 -1.01461112e-01
 -8.06841329e-02 -6.04806319e-02 -4.08677533e-02 -2.18746923e-02 -3.54337413e-03
  1.40720196e-02  3.09065394e-02  4.68871519e-02  6.19368106e-02  7.59799108e-02
 -1.44560579e-02 -1.88713986e-02 -2.71282904e-02 -3.65239233e-02 -4.62002419e-02
 -5.61850443e-02 -6.65033311e-02 -7.71806166e-02 -8.82425979e-02 -9.97152850e-02
 -1.11465290e-01 -1.23473994e-01 -1.35716915e-01 -1.48164287e-01 -1.60780996e-01
 -1.73526525e-01 -1.86354667e-01 -1.99213609e-01 -2.12045819e-01 -2.24788159e-01
 -2.37372071e-01 -2.49723867e-01 -2.61765063e-01 -2.73412883e-01 -2.84580916e-01
 -2.95179784e-01 -3.05117995e-01 -3.14302891e-01 -3.22641760e-01 -3.30042899e-01
 -3.36416841e-01 -3.41677725e-01 -3.45744431e-01 -3.48542094e-01 -3.50003242e-01
 -3.50069165e-01 -3.48691046e-01 -3.45831037e-01 -3.41463298e-01 -3.35574716e-01
 -3.28165650e-01 -3.19250435e-01 -3.08857501e-01 -2.97029793e-01 -2.83824414e-01
 -2.69312620e-01 -2.53579319e-01 -2.36722648e-01 -2.18853310e-01 -2.00094029e-01
 -1.80578843e-01 -1.60452709e-01 -1.39871240e-01 -1.19001552e-01 -9.80253220e-02
 -7.71484077e-02 -5.67732118e-02 -3.69072892e-02 -1.75795313e-02  1.16198452e-03
  1.92501675e-02  3.65991555e-02  5.31061552e-02  6.86561018e-02  8.31299275e-02
 -1.42788710e-02 -1.86213218e-02 -2.65738256e-02 -3.58068682e-02 -4.53000329e-02
 -5.50797507e-02 -6.51756003e-02 -7.56165609e-02 -8.64313245e-02 -9.76503864e-02
 -1.09157018e-01 -1.20923311e-01 -1.32922068e-01 -1.45123035e-01 -1.57491431e-01
 -1.69987276e-01 -1.82565048e-01 -1.95173696e-01 -2.07756564e-01 -2.20251471e-01
 -2.32590944e-01 -2.44702473e-01 -2.56508857e-01 -2.67928690e-01 -2.78876990e-01
 -2.89265901e-01 -2.99005449e-01 -3.08004528e-01 -3.16171974e-01 -3.23417485e-01
 -3.29653054e-01 -3.34794044e-01 -3.38760525e-01 -3.41478497e-01 -3.42881262e-01
 -3.42910588e-01 -3.41517806e-01 -3.38664979e-01 -3.34325731e-01 -3.28486174e-01
 -3.21145326e-01 -3.12315792e-01 -3.02023917e-01 -2.90309846e-01 -2.77227491e-01
 -2.62844235e-01 -2.47240528e-01 -2.30509281e-01 -2.12755203e-01 -1.94094062e-01
 -1.74651787e-01 -1.54563516e-01 -1.33972064e-01 -1.13025188e-01 -9.18687731e-02
 -7.10029826e-02 -5.04618660e-02 -3.02731674e-02 -1.04734283e-02  8.88268929e-03
  2.77149100e-02  4.59108539e-02  6.33219630e-02  7.97652528e-02  9.50350836e-02
 -1.41418800e-02 -1.83853414e-02 -2.61540972e-02 -3.51370908e-02 -4.43404540e-02
 -5.38110137e-02 -6.35873303e-02 -7.36990869e-02 -8.41697305e-02 -9.50171128e-02
 -1.06250495e-01 -1.17722146e-01 -1.29414797e-01 -1.41302526e-01 -1.53352574e-01
 -1.65526092e-01 -1.77778497e-01 -1.90059602e-01 -2.02313721e-01 -2.14479864e-01
 -2.26491839e-01 -2.38278612e-01 -2.49764606e-01 -2.60870218e-01 -2.71512330e-01
 -2.81605095e-01 -2.91060627e-01 -2.99789906e-01 -3.07703823e-01 -3.14714283e-01
 -3.20735246e-01 -3.25683951e-01 -3.29482257e-01 -3.32057744e-01 -3.33345026e-01
 -3.33286881e-01 -3.31835389e-01 -3.28952909e-01 -3.24613035e-01 -3.18801254e-01
 -3.11515629e-01 -3.02767187e-01 -2.92580128e-01 -2.80991793e-01 -2.68052727e-01
 -2.53826112e-01 -2.38387361e-01 -2.21823528e-01 -2.04232484e-01 -1.85722083e-01
 -1.66409463e-01 -1.46420583e-01 -1.25890702e-01 -1.04967631e-01 -8.38224143e-02
 -6.28732592e-02 -4.20961119e-02 -2.14854237e-02 -1.05280732e-03  1.91671364e-02
  3.91054377e-02  5.86414412e-02  7.75801763e-02  9.56316739e-02  1.12413980e-01
 -1.43087814e-02 -1.84845384e-02 -2.60973610e-02 -3.46090235e-02 -4.33424748e-02
 -5.23758382e-02 -6.17384538e-02 -7.14489520e-02 -8.15232843e-02 -9.19771194e-02
 -1.02827258e-01 -1.13921970e-01 -1.25237793e-01 -1.36745736e-01 -1.48411602e-01
 -1.60196126e-01 -1.72054902e-01 -1.83938369e-01 -1.95791796e-01 -2.07555413e-01
 -2.19164550e-01 -2.30549932e-01 -2.41637930e-01 -2.52351075e-01 -2.62608618e-01
 -2.72327125e-01 -2.81421304e-01 -2.89804757e-01 -2.97391117e-01 -3.04094911e-01
 -3.09832692e-01 -3.14524263e-01 -3.18093866e-01 -3.20471197e-01 -3.21592838e-01
 -3.21403116e-01 -3.19855392e-01 -3.16912860e-01 -3.12549502e-01 -3.06750745e-01
 -2.99513966e-01 -2.90849000e-01 -2.80778110e-01 -2.69336164e-01 -2.56570399e-01
 -2.42539868e-01 -2.27315038e-01 -2.10976914e-01 -1.93616033e-01 -1.75331429e-01
 -1.56229019e-01 -1.36419684e-01 -1.16015680e-01 -9.51228216e-02 -7.42164776e-02
 -5.32908030e-02 -3.23201790e-02 -1.12723829e-02  9.88395605e-03  3.11714988e-02
  5.25913350e-02  7.40983263e-02  9.55493599e-02  1.16589792e-01  1.36465281e-01
 -1.54938335e-02 -1.98507551e-02 -2.63653044e-02 -3.40007767e-02 -4.21274677e-02
 -5.06532602e-02 -5.95512986e-02 -6.88155815e-02 -7.84493014e-02 -8.84616449e-02
 -9.88681838e-02 -1.09533459e-01 -1.20421015e-01 -1.31496534e-01 -1.42723724e-01
 -1.54062644e-01 -1.65469021e-01 -1.76893935e-01 -1.88283786e-01 -1.99580237e-01
 -2.10720390e-01 -2.21636966e-01 -2.32258663e-01 -2.42510542e-01 -2.52314568e-01
 -2.61590213e-01 -2.70255178e-01 -2.78226316e-01 -2.85420358e-01 -2.91755050e-01
 -2.97150165e-01 -3.01528573e-01 -3.04817438e-01 -3.06949198e-01 -3.07862908e-01
 -3.07505071e-01 -3.05830866e-01 -3.02804887e-01 -2.98402011e-01 -2.92608082e-01
 -2.85420358e-01 -2.76847899e-01 -2.66911685e-01 -2.55644530e-01 -2.43090868e-01
 -2.29306340e-01 -2.14357018e-01 -1.98318675e-01 -1.81275666e-01 -1.63319886e-01
 -1.44549668e-01 -1.25069574e-01 -1.04992315e-01 -8.44480023e-02 -6.38115853e-02
 -4.30107564e-02 -2.19719820e-02 -6.11580617e-04  2.11693235e-02  4.34887931e-02
  6.64882511e-02  9.03385133e-02  1.15254156e-01  1.41556129e-01  1.69252068e-01
 -1.48577020e-02 -1.89941823e-02 -2.53474284e-02 -3.26735005e-02 -4.03864756e-02
 -4.84760441e-02 -5.69311343e-02 -6.57448992e-02 -7.49149323e-02 -8.44417512e-02
 -9.43263173e-02 -1.04564920e-01 -1.15000844e-01 -1.25608921e-01 -1.36356220e-01
 -1.47204325e-01 -1.58110067e-01 -1.69025734e-01 -1.79899171e-01 -1.90673843e-01
 -2.01288909e-01 -2.11679474e-01 -2.21776873e-01 -2.31509030e-01 -2.40801036e-01
 -2.49575675e-01 -2.57754117e-01 -2.65256792e-01 -2.72004068e-01 -2.77917415e-01
 -2.82920271e-01 -2.86939055e-01 -2.89904416e-01 -2.91752040e-01 -2.92423964e-01
 -2.91869402e-01 -2.90045887e-01 -2.86919951e-01 -2.82467902e-01 -2.76676625e-01
 -2.69543827e-01 -2.61078417e-01 -2.51300752e-01 -2.40242362e-01 -2.27945760e-01
 -2.14464039e-01 -1.99860066e-01 -1.84205607e-01 -1.67580038e-01 -1.50068566e-01
 -1.31759718e-01 -1.12740926e-01 -9.30898711e-02 -7.32265115e-02 -5.31186610e-02
 -3.27020176e-02 -1.18867150e-02  9.44496319e-03  3.14459726e-02  5.43165840e-02
  7.83226416e-02  1.03823386e-01  1.31314397e-01  1.61489099e-01  1.93882301e-01
 -1.36005254e-02 -1.75242983e-02 -2.36918442e-02 -3.07276994e-02 -3.81004326e-02
 -4.58120592e-02 -5.38600087e-02 -6.22416921e-02 -7.09558427e-02 -8.00033659e-02
 -8.93884227e-02 -9.91209969e-02 -1.09058112e-01 -1.19161896e-01 -1.29394233e-01
 -1.39715135e-01 -1.50081679e-01 -1.60447329e-01 -1.70761660e-01 -1.80970207e-01
 -1.91014543e-01 -2.00832456e-01 -2.10358277e-01 -2.19523147e-01 -2.28255630e-01
 -2.36482143e-01 -2.44127735e-01 -2.51116753e-01 -2.57373661e-01 -2.62824029e-01
 -2.67395318e-01 -2.71018058e-01 -2.73626655e-01 -2.75160581e-01 -2.75565296e-01
 -2.74793208e-01 -2.72804648e-01 -2.69568563e-01 -2.65063345e-01 -2.59277374e-01
 -2.52209425e-01 -2.43869066e-01 -2.34276623e-01 -2.23463252e-01 -2.11470634e-01
 -1.98350519e-01 -1.84164226e-01 -1.68981761e-01 -1.52881056e-01 -1.35946959e-01
 -1.18270531e-01 -9.99491587e-02 -8.10889676e-02 -6.20168932e-02 -4.26583812e-02
 -2.29320135e-02 -2.73784949e-03  1.80523880e-02  3.96068841e-02  6.21495172e-02
  8.59821662e-02  1.11515306e-01  1.39304340e-01  1.70074984e-01  2.03150913e-01
 -1.20272487e-02 -1.57391448e-02 -2.15692446e-02 -2.83106398e-02 -3.53615694e-02
 -4.27193046e-02 -5.03820218e-02 -5.83471209e-02 -6.66120946e-02 -7.51750544e-02
 -8.40348154e-02 -9.31901857e-02 -1.02637544e-01 -1.12230070e-01 -1.21930078e-01
 -1.31699875e-01 -1.41499147e-01 -1.51283920e-01 -1.61006287e-01 -1.70614392e-01
 -1.80052623e-01 -1.89261809e-01 -1.98179543e-01 -2.06740484e-01 -2.14876965e-01
 -2.22519383e-01 -2.29596913e-01 -2.36038193e-01 -2.41772071e-01 -2.46728480e-01
 -2.50839353e-01 -2.54039466e-01 -2.56267548e-01 -2.57467061e-01 -2.57587284e-01
 -2.56584167e-01 -2.54421264e-01 -2.51070380e-01 -2.46512383e-01 -2.40737677e-01
 -2.33746737e-01 -2.25550294e-01 -2.16169521e-01 -2.05635935e-01 -1.93991259e-01
 -1.81286991e-01 -1.67583957e-01 -1.52951553e-01 -1.37467161e-01 -1.21215165e-01
 -1.04286067e-01 -8.67753029e-02 -6.90201670e-02 -5.09979241e-02 -3.26666832e-02
 -1.39679099e-02  5.17574465e-03  2.48652510e-02  4.52324860e-02  6.64510727e-02
  8.87534544e-02  1.12460874e-01  1.38045266e-01  1.66275069e-01  1.95891067e-01
 -9.99181252e-03 -1.34512810e-02 -1.90501940e-02 -2.55086850e-02 -3.22500877e-02
 -3.92719768e-02 -4.65692282e-02 -5.41359857e-02 -6.19667433e-02 -7.00568333e-02
 -7.84023479e-02 -8.69995877e-02 -9.58438143e-02 -1.04927197e-01 -1.14081256e-01
 -1.23280182e-01 -1.32489890e-01 -1.41670212e-01 -1.50776178e-01 -1.59758747e-01
 -1.68565273e-01 -1.77139759e-01 -1.85423300e-01 -1.93354324e-01 -2.00869128e-01
 -2.07902342e-01 -2.14387521e-01 -2.20257789e-01 -2.25446627e-01 -2.29888603e-01
 -2.33520269e-01 -2.36280963e-01 -2.38113835e-01 -2.38966644e-01 -2.38792717e-01
 -2.37551793e-01 -2.35210881e-01 -2.31744975e-01 -2.27137744e-01 -2.21382067e-01
 -2.14480489e-01 -2.06445515e-01 -1.97299719e-01 -1.87075764e-01 -1.75816163e-01
 -1.63572982e-01 -1.50407374e-01 -1.36388943e-01 -1.21595338e-01 -1.06111445e-01
 -9.00285840e-02 -7.37012774e-02 -5.71272485e-02 -4.02966216e-02 -2.31902022e-02
 -5.77894039e-03  1.19765690e-02  3.01266275e-02  4.87325899e-02  6.78658634e-02
  8.76040533e-02  1.08019836e-01  1.29147083e-01  1.50835574e-01  1.71834454e-01
 -7.64153199e-03 -1.08360825e-02 -1.61907803e-02 -2.23733857e-02 -2.88269091e-02
 -3.55416499e-02 -4.25029509e-02 -4.96978946e-02 -5.71166910e-02 -6.47524893e-02
 -7.26009831e-02 -8.06603357e-02 -8.89320597e-02 -9.74238366e-02 -1.05987430e-01
 -1.14586778e-01 -1.23186029e-01 -1.31744325e-01 -1.40217453e-01 -1.48558259e-01
 -1.56716749e-01 -1.64640188e-01 -1.72273293e-01 -1.79558456e-01 -1.86436146e-01
 -1.92845389e-01 -1.98724285e-01 -2.04010621e-01 -2.08642647e-01 -2.12559670e-01
 -2.15702981e-01 -2.18016639e-01 -2.19448268e-01 -2.19950020e-01 -2.19479337e-01
 -2.17999861e-01 -2.15482175e-01 -2.11904570e-01 -2.07253709e-01 -2.01525167e-01
 -1.94723889e-01 -1.86864510e-01 -1.77971572e-01 -1.68079451e-01 -1.57232255e-01
 -1.45483330e-01 -1.32894784e-01 -1.19536735e-01 -1.05487436e-01 -9.08331722e-02
 -7.59287849e-02 -6.07897863e-02 -4.54283766e-02 -2.98532359e-02 -1.40694538e-02
  1.92087481e-03  1.81173123e-02  3.45184729e-02  5.11173159e-02  6.78927153e-02
  8.47944990e-02  1.01716742e-01  1.18451670e-01  1.34619638e-01  1.49606451e-01
 -5.05269226e-03 -7.98715372e-03 -1.29831843e-02 -1.89034138e-02 -2.51321699e-02
 -3.16043161e-02 -3.82810980e-02 -4.51417044e-02 -5.21744639e-02 -5.93724959e-02
 -6.67315498e-02 -7.42488503e-02 -8.19224492e-02 -8.97503793e-02 -9.77288708e-02
 -1.05720460e-01 -1.13706127e-01 -1.21638760e-01 -1.29473820e-01 -1.37166306e-01
 -1.44669518e-01 -1.51934460e-01 -1.58909902e-01 -1.65542468e-01 -1.71777010e-01
 -1.77557051e-01 -1.82825357e-01 -1.87524483e-01 -1.91597432e-01 -1.94988340e-01
 -1.97643280e-01 -1.99510917e-01 -2.00543404e-01 -2.00697184e-01 -1.99933767e-01
 -1.98220551e-01 -1.95531681e-01 -1.91848636e-01 -1.87161043e-01 -1.81467131e-01
 -1.74774364e-01 -1.67099714e-01 -1.58470005e-01 -1.48921996e-01 -1.38502270e-01
 -1.27266675e-01 -1.15279585e-01 -1.02609418e-01 -8.93338621e-02 -7.57902265e-02
 -6.20064512e-02 -4.80103567e-02 -3.38294692e-02 -1.94911491e-02 -5.02303988e-03
  9.54589713e-03  2.41835248e-02  3.88514772e-02  5.35003580e-02  6.80626109e-02
  8.24424252e-02  9.65028480e-02  1.10052370e-01  1.22838207e-01  1.34559274e-01
 -1.29603734e-03 -3.59426555e-03 -8.84393696e-03 -1.50144147e-02 -2.12537199e-02
 -2.76017543e-02 -3.40575129e-02 -4.06194292e-02 -4.72867675e-02 -5.40591404e-02
 -6.09359518e-02 -6.79158419e-02 -7.49960169e-02 -8.21712166e-02 -8.94320235e-02
 -9.67617854e-02 -1.04168050e-01 -1.11488618e-01 -1.18690014e-01 -1.25734776e-01
 -1.32582143e-01 -1.39188170e-01 -1.45506233e-01 -1.51487440e-01 -1.57081112e-01
 -1.62235335e-01 -1.66897491e-01 -1.71014860e-01 -1.74535245e-01 -1.77407563e-01
 -1.79582536e-01 -1.81013376e-01 -1.81656569e-01 -1.81472629e-01 -1.80426866e-01
 -1.78490207e-01 -1.75639957e-01 -1.71860546e-01 -1.67144194e-01 -1.61491558e-01
 -1.54912218e-01 -1.47425264e-01 -1.39059797e-01 -1.29855320e-01 -1.19862407e-01
 -1.09141134e-01 -9.77727175e-02 -8.58040005e-02 -7.35345632e-02 -6.09987341e-02
 -4.82346676e-02 -3.52829620e-02 -2.21862290e-02 -8.98907799e-03  4.26158449e-03
  1.75159313e-02  3.07201389e-02  4.38146628e-02  5.67317121e-02  6.93919286e-02
  8.17004889e-02  9.35436785e-02  1.04787499e-01  1.15280919e-01  1.24865904e-01
  2.03062571e-03  2.05446893e-04 -5.01399953e-03 -1.13539742e-02 -1.76106263e-02
 -2.38388963e-02 -3.00724786e-02 -3.63313928e-02 -4.26281840e-02 -4.89709489e-02
 -5.53646199e-02 -6.18114658e-02 -6.83112666e-02 -7.48613551e-02 -8.14568400e-02
 -8.80914629e-02 -9.47604179e-02 -1.01457521e-01 -1.08019225e-01 -1.14413522e-01
 -1.20605968e-01 -1.26556814e-01 -1.32223576e-01 -1.37561515e-01 -1.42524064e-01
 -1.47063509e-01 -1.51131749e-01 -1.54680714e-01 -1.57662973e-01 -1.60032094e-01
 -1.61743388e-01 -1.62754402e-01 -1.63025692e-01 -1.62521467e-01 -1.61210403e-01
 -1.59066364e-01 -1.56069279e-01 -1.52205929e-01 -1.47470698e-01 -1.41865969e-01
 -1.35402516e-01 -1.28100365e-01 -1.19989976e-01 -1.11110993e-01 -1.01523079e-01
 -9.12487358e-02 -8.05805549e-02 -6.95209801e-02 -5.81305251e-02 -4.64634597e-02
 -3.45731825e-02 -2.25147214e-02 -1.03458753e-02  1.87233393e-03  1.40756583e-02
  2.61968970e-02  3.81662622e-02  4.99116741e-02  6.13588020e-02  7.24307969e-02
  8.30479115e-02  9.31273550e-02  1.02584131e-01  1.11333542e-01  1.19295835e-01
  4.09154501e-03  2.53066747e-03 -2.43342877e-03 -8.59051012e-03 -1.46545041e-02
 -2.06416938e-02 -2.65762806e-02 -3.24793980e-02 -3.83680314e-02 -4.42549661e-02
 -5.01490682e-02 -5.60556203e-02 -6.19766153e-02 -6.79110810e-02 -7.38554299e-02
 -7.98039362e-02 -8.57492983e-02 -9.16828215e-02 -9.75952670e-02 -1.03331298e-01
 -1.08873561e-01 -1.14178017e-01 -1.19205564e-01 -1.23915583e-01 -1.28264070e-01
 -1.32206887e-01 -1.35700271e-01 -1.38700947e-01 -1.41166314e-01 -1.43054709e-01
 -1.44325882e-01 -1.44941553e-01 -1.44865945e-01 -1.44066498e-01 -1.42514512e-01
 -1.40185967e-01 -1.37062386e-01 -1.33132085e-01 -1.28391206e-01 -1.22844279e-01
 -1.16500661e-01 -1.09378003e-01 -1.01512775e-01 -9.29065421e-02 -8.38290602e-02
 -7.42715746e-02 -6.42838255e-02 -5.39095998e-02 -4.31991667e-02 -3.22073549e-02
 -2.09938437e-02 -9.62392520e-03  1.83095003e-03  1.32932430e-02  2.46802121e-02
  3.59056965e-02  4.68826927e-02  5.75263314e-02  6.77568242e-02  7.75018483e-02
  8.66980553e-02  9.52917039e-02  1.03238642e-01  1.10503986e-01  1.17062092e-01
  5.26176905e-03  3.96519760e-03 -9.19495651e-04 -6.81614038e-03 -1.25670265e-02
 -1.82010159e-02 -2.37419847e-02 -2.92132664e-02 -3.46349515e-02 -4.00227569e-02
 -4.53878343e-02 -5.07369861e-02 -5.60730249e-02 -6.13951497e-02 -6.66992143e-02
 -7.19779208e-02 -7.72206932e-02 -8.24132562e-02 -8.75363126e-02 -9.25627202e-02
 -9.74929407e-02 -1.02166705e-01 -1.06572382e-01 -1.10681087e-01 -1.14441209e-01
 -1.17811620e-01 -1.20754227e-01 -1.23231634e-01 -1.25206664e-01 -1.26642644e-01
 -1.27503797e-01 -1.27755821e-01 -1.27366319e-01 -1.26305386e-01 -1.24546058e-01
 -1.22064926e-01 -1.18842967e-01 -1.14867285e-01 -1.10135578e-01 -1.04668029e-01
 -9.84611139e-02 -9.14937183e-02 -8.39979276e-02 -7.59555995e-02 -6.74036369e-02
 -5.83724007e-02 -4.88981940e-02 -3.90218981e-02 -2.87904609e-02 -1.82581507e-02
 -7.48807192e-03  3.44625115e-03  1.44596025e-02  2.54547745e-02  3.63239758e-02
  4.69525307e-02  5.72250113e-02  6.70329332e-02  7.62825459e-02  8.49010423e-02
  9.28400457e-02  1.00076027e-01  1.06607758e-01  1.12451337e-01  1.17634028e-01
  5.03846211e-03  3.87437083e-03 -6.01913955e-04 -6.13361225e-03 -1.14628747e-02
 -1.66271999e-02 -2.16668509e-02 -2.66154371e-02 -3.14985141e-02 -3.63341756e-02
 -4.11341600e-02 -4.59048860e-02 -5.06482795e-02 -5.53623587e-02 -6.00415990e-02
 -6.46771193e-02 -6.92566931e-02 -7.37645254e-02 -7.81810209e-02 -8.24825093e-02
 -8.66418853e-02 -9.06202942e-02 -9.43986326e-02 -9.79789346e-02 -1.01185068e-01
 -1.04007266e-01 -1.06422797e-01 -1.08403131e-01 -1.09917261e-01 -1.10933460e-01
 -1.11420266e-01 -1.11347176e-01 -1.10685110e-01 -1.09406725e-01 -1.07486479e-01
 -1.04900181e-01 -1.01623580e-01 -9.76285338e-02 -9.28736702e-02 -8.75588804e-02
 -8.16458166e-02 -7.51311108e-02 -6.80486783e-02 -6.04202822e-02 -5.22695221e-02
 -4.36213277e-02 -3.45037915e-02 -2.49496270e-02 -1.49981435e-02 -4.69773216e-03
  5.89091424e-03  1.66909043e-02  2.76049245e-02  3.85117009e-02  4.92651872e-02
  5.96993864e-02  6.96410239e-02  7.89285600e-02  8.74317288e-02  9.50654000e-02
  1.01796009e-01  1.07641064e-01  1.12662233e-01  1.16951331e-01  1.20611303e-01
  3.48693295e-03  2.39880453e-03 -1.73838867e-03 -6.74687885e-03 -1.14579052e-02
 -1.59754660e-02 -2.03713905e-02 -2.46893913e-02 -2.89556123e-02 -3.31852064e-02
 -3.73860449e-02 -4.15607989e-02 -4.57081012e-02 -4.98232134e-02 -5.38983643e-02
 -5.79229146e-02 -6.18833713e-02 -6.57633245e-02 -6.95433617e-02 -7.32009634e-02
 -7.67105296e-02 -8.00432414e-02 -8.31691176e-02 -8.60534385e-02 -8.86451080e-02
 -9.09069106e-02 -9.28064957e-02 -9.43132639e-02 -9.53974202e-02 -9.60299000e-02
 -9.61825401e-02 -9.58284289e-02 -9.49421898e-02 -9.35003534e-02 -9.14817080e-02
 -8.88677984e-02 -8.56438279e-02 -8.18006769e-02 -7.73401335e-02 -7.22887814e-02
 -6.66560978e-02 -6.04500808e-02 -5.36823049e-02 -4.63645384e-02 -3.85090411e-02
 -3.01289652e-02 -2.12392081e-02 -1.18577629e-02 -2.00778921e-03  8.27921648e-03
  1.89586580e-02  2.99657695e-02  4.12054695e-02  5.25387265e-02  6.37674332e-02
  7.46274590e-02  8.48105848e-02  9.40241516e-02  1.02052145e-01  1.08779646e-01
  1.14191927e-01  1.18372016e-01  1.21497162e-01  1.23813130e-01  1.25572637e-01
 -1.62243974e-04 -1.45573926e-03 -4.99787275e-03 -8.86537973e-03 -1.25339031e-02
 -1.61455814e-02 -1.97382253e-02 -2.33257748e-02 -2.69128382e-02 -3.04993335e-02
 -3.40822674e-02 -3.76564749e-02 -4.12149020e-02 -4.47487049e-02 -4.82471883e-02
 -5.16977310e-02 -5.50856628e-02 -5.83941378e-02 -6.16040342e-02 -6.46938831e-02
 -6.76398650e-02 -7.04158396e-02 -7.29934797e-02 -7.53420070e-02 -7.74281770e-02
 -7.92198926e-02 -8.06865916e-02 -8.17989931e-02 -8.25289562e-02 -8.28494355e-02
 -8.27346221e-02 -8.21600929e-02 -8.11031237e-02 -7.95429349e-02 -7.74610639e-02
 -7.48418123e-02 -7.16728568e-02 -6.79459870e-02 -6.36579990e-02 -5.88105209e-02
 -5.34052104e-02 -4.74434718e-02 -4.09266464e-02 -3.38554457e-02 -2.62295995e-02
 -1.80476084e-02 -9.30678006e-03 -3.60565014e-06  9.86522995e-03  2.03007646e-02
  3.12978067e-02  4.28377725e-02  5.48757389e-02  6.73161745e-02  7.99632892e-02
  9.24126133e-02  1.03936523e-01  1.13812357e-01  1.21705204e-01  1.27518326e-01
  1.31267384e-01  1.33082449e-01  1.33304581e-01  1.32618621e-01  1.31747797e-01
 -5.89009747e-03 -8.00594129e-03 -9.72228590e-03 -1.17164264e-02 -1.41017763e-02
 -1.67071763e-02 -1.94507372e-02 -2.22877115e-02 -2.51898114e-02 -2.81368028e-02
 -3.11126225e-02 -3.41033451e-02 -3.70959565e-02 -4.00775559e-02 -4.30347696e-02
 -4.59533259e-02 -4.88176979e-02 -5.16108684e-02 -5.43141402e-02 -5.69070317e-02
 -5.93672581e-02 -6.16707690e-02 -6.37919009e-02 -6.57035783e-02 -6.73777536e-02
 -6.87862337e-02 -6.99011832e-02 -7.06954077e-02 -7.11425915e-02 -7.12174177e-02
 -7.08958209e-02 -7.01551139e-02 -6.89742714e-02 -6.73340932e-02 -6.52174428e-02
 -6.26094490e-02 -5.94976433e-02 -5.58720566e-02 -5.17250374e-02 -4.70506810e-02
 -4.18435782e-02 -3.60979475e-02 -2.98068300e-02 -2.29612198e-02 -1.55491093e-02
 -7.55441235e-03  1.04426185e-03  1.02749737e-02  2.01739334e-02  3.07869203e-02
  4.21702936e-02  5.43909334e-02  6.75244406e-02  8.16522613e-02  9.68662873e-02
  1.13336168e-01  1.28390148e-01  1.39532670e-01  1.47367150e-01  1.52201548e-01
  1.53745368e-01  1.52237386e-01  1.47252783e-01  1.41218871e-01  1.37171894e-01
 -9.00911912e-03 -1.12110954e-02 -1.24441171e-02 -1.36695746e-02 -1.52441934e-02
 -1.70829501e-02 -1.91166885e-02 -2.12937649e-02 -2.35759970e-02 -2.59345174e-02
 -2.83466484e-02 -3.07937060e-02 -3.32594328e-02 -3.57288495e-02 -3.81873958e-02
 -4.06202674e-02 -4.30119261e-02 -4.53457423e-02 -4.76037189e-02 -4.97663878e-02
 -5.18127382e-02 -5.37202880e-02 -5.54652102e-02 -5.70225753e-02 -5.83666787e-02
 -5.94714433e-02 -6.03108108e-02 -6.08590841e-02 -6.10912107e-02 -6.09830655e-02
 -6.05116822e-02 -5.96554987e-02 -5.83945215e-02 -5.67105189e-02 -5.45870923e-02
 -5.20097278e-02 -4.89657111e-02 -4.54439670e-02 -4.14346606e-02 -3.69286351e-02
 -3.19166109e-02 -2.63883118e-02 -2.03314498e-02 -1.37305399e-02 -6.56546187e-03
  1.19036727e-03  9.57238302e-03  1.86280869e-02  2.84214541e-02  3.90389971e-02
  5.05980179e-02  6.32572100e-02  7.72285163e-02  9.27871615e-02  1.10276945e-01
  1.28889784e-01  1.43690407e-01  1.54570907e-01  1.61742553e-01  1.65031046e-01
  1.64534733e-01  1.59668386e-01  1.51146725e-01  1.44095495e-01  1.38826862e-01
 -1.05716567e-02 -1.27183031e-02 -1.36923688e-02 -1.45436740e-02 -1.56544875e-02
 -1.69848520e-02 -1.84945259e-02 -2.01466028e-02 -2.19095461e-02 -2.37572901e-02
 -2.56684497e-02 -2.76251975e-02 -2.96121407e-02 -3.16153057e-02 -3.36212665e-02
 -3.56164239e-02 -3.75864692e-02 -3.95159647e-02 -4.13880683e-02 -4.31843959e-02
 -4.48849797e-02 -4.64683436e-02 -4.79116514e-02 -4.91909385e-02 -5.02814129e-02
 -5.11577912e-02 -5.17946519e-02 -5.21667935e-02 -5.22495881e-02 -5.20192869e-02
 -5.14533669e-02 -5.05307540e-02 -4.92320769e-02 -4.75397930e-02 -4.54382449e-02
 -4.29136045e-02 -3.99537049e-02 -3.65477130e-02 -3.26856934e-02 -2.83580180e-02
 -2.35546194e-02 -1.82641428e-02 -1.24729332e-02 -6.16380852e-03  6.85458654e-04
  8.10412876e-03  1.61311962e-02  2.48192046e-02  3.42398845e-02  4.44927886e-02
  5.57191074e-02  6.81245476e-02  8.20168853e-02  9.78542194e-02  1.16130807e-01
  1.32560849e-01  1.45483956e-01  1.54919177e-01  1.60752058e-01  1.62949398e-01
  1.60843715e-01  1.54050514e-01  1.46509275e-01  1.40540317e-01  1.35820255e-01
 -1.10570360e-02 -1.31059382e-02 -1.39723122e-02 -1.45946527e-02 -1.54110361e-02
 -1.63979363e-02 -1.75275188e-02 -1.87733509e-02 -2.01124307e-02 -2.15257667e-02
 -2.29980350e-02 -2.45167520e-02 -2.60712933e-02 -2.76519153e-02 -2.92488951e-02
 -3.08518074e-02 -3.24489698e-02 -3.40270437e-02 -3.55707780e-02 -3.70629355e-02
 -3.84842753e-02 -3.98137234e-02 -4.10285704e-02 -4.21047620e-02 -4.30172198e-02
 -4.37402315e-02 -4.42477986e-02 -4.45140637e-02 -4.45137098e-02 -4.42223921e-02
 -4.36171331e-02 -4.26767059e-02 -4.13819402e-02 -3.97159159e-02 -3.76640186e-02
 -3.52138430e-02 -3.23549435e-02 -2.90783979e-02 -2.53762994e-02 -2.12410986e-02
 -1.66649055e-02 -1.16387121e-02 -6.15155185e-03 -1.89558064e-04  6.26513734e-03
  1.32357553e-02  2.07526088e-02  2.88554169e-02  3.75965498e-02  4.70457375e-02
  5.72973788e-02  6.84830770e-02  8.07974041e-02  9.45809782e-02  1.09211355e-01
  1.21839926e-01  1.32033244e-01  1.39622793e-01  1.44543782e-01  1.46355093e-01
  1.44895047e-01  1.40446201e-01  1.36198282e-01  1.32443234e-01  1.29210114e-01
 -1.08519429e-02 -1.28182927e-02 -1.35384072e-02 -1.40173407e-02 -1.46532236e-02
 -1.54129425e-02 -1.62678063e-02 -1.71958208e-02 -1.81818455e-02 -1.92163680e-02
 -2.02938616e-02 -2.14111842e-02 -2.25661956e-02 -2.37565730e-02 -2.49788668e-02
 -2.62277592e-02 -2.74955295e-02 -2.87716929e-02 -3.00428513e-02 -3.12926918e-02
 -3.25021483e-02 -3.36496867e-02 -3.47116590e-02 -3.56627218e-02 -3.64762470e-02
 -3.71247493e-02 -3.75803113e-02 -3.78150195e-02 -3.78014669e-02 -3.75133231e-02
 -3.69259305e-02 -3.60169224e-02 -3.47667411e-02 -3.31590027e-02 -3.11806388e-02
 -2.88217384e-02 -2.60751545e-02 -2.29358934e-02 -1.94003787e-02 -1.54656684e-02
 -1.11287162e-02 -6.38571475e-03 -1.23153115e-03  4.34076088e-03  1.03402575e-02
  1.67785063e-02  2.36696377e-02  3.10301892e-02  3.88782881e-02  4.72314283e-02
  5.61010018e-02  6.54792860e-02  7.53082484e-02  8.54112059e-02  9.53612775e-02
  1.04434803e-01  1.12160183e-01  1.18265271e-01  1.22582786e-01  1.25040486e-01
  1.25721842e-01  1.25124469e-01  1.23855598e-01  1.22303426e-01  1.20700225e-01
 -9.89806559e-03 -1.17794415e-02 -1.24716563e-02 -1.29435658e-02 -1.35353403e-02
 -1.41811380e-02 -1.48440870e-02 -1.55092804e-02 -1.61758047e-02 -1.68504585e-02
 -1.75436065e-02 -1.82665642e-02 -1.90298278e-02 -1.98417883e-02 -2.07077675e-02
 -2.16293130e-02 -2.26037074e-02 -2.36237142e-02 -2.46775541e-02 -2.57490985e-02
 -2.68182885e-02 -2.78616995e-02 -2.88532116e-02 -2.97646597e-02 -3.05663999e-02
 -3.12277582e-02 -3.17173973e-02 -3.20036970e-02 -3.20552588e-02 -3.18416804e-02
 -3.13345268e-02 -3.05084828e-02 -2.93424260e-02 -2.78202184e-02 -2.59310380e-02
 -2.36691386e-02 -2.10330933e-02 -1.80246532e-02 -1.46474615e-02 -1.09058591e-02
 -6.80395728e-03 -2.34505464e-03  2.46860413e-03  7.63576478e-03  1.31558143e-02
  1.90281253e-02  2.52509844e-02  3.18198577e-02  3.87246385e-02  4.59451117e-02
  5.34437597e-02  6.11546040e-02  6.89677745e-02  7.67133608e-02  8.41580182e-02
  9.10355300e-02  9.71031860e-02  1.02180995e-01  1.06166132e-01  1.09042279e-01
  1.10889830e-01  1.11879572e-01  1.12228230e-01  1.12142675e-01  1.11790046e-01
 -7.94584770e-03 -9.65405256e-03 -1.07091246e-02 -1.15506630e-02 -1.23319607e-02
 -1.29834032e-02 -1.34934066e-02 -1.38884280e-02 -1.42047172e-02 -1.44790616e-02
 -1.47461798e-02 -1.50375450e-02 -1.53804263e-02 -1.57969985e-02 -1.63035523e-02
 -1.69098750e-02 -1.76188387e-02 -1.84262414e-02 -1.93209145e-02 -2.02851687e-02
 -2.12956220e-02 -2.23243609e-02 -2.33402904e-02 -2.43103597e-02 -2.52003875e-02
 -2.59754043e-02 -2.65995525e-02 -2.70358827e-02 -2.72464845e-02 -2.71933489e-02
 -2.68401634e-02 -2.61547733e-02 -2.51117218e-02 -2.36941669e-02 -2.18947195e-02
 -1.97149701e-02 -1.71637684e-02 -1.42546156e-02 -1.10028842e-02 -7.42354477e-03
 -3.52984038e-03  6.67123822e-04  5.15808398e-03  9.93487611e-03  1.49894152e-02
  2.03124247e-02  2.58918796e-02  3.17110345e-02  3.77458632e-02  4.39617746e-02
  5.03095537e-02  5.67209348e-02  6.31048977e-02  6.93470240e-02  7.53147900e-02
  8.08700621e-02  8.58862847e-02  9.02646855e-02  9.39460546e-02  9.69170034e-02
  9.92103592e-02  1.00898020e-01  1.02076843e-01  1.02851741e-01  1.03321820e-01
 -5.78848645e-03 -7.39397807e-03 -8.92858393e-03 -1.04262140e-02 -1.17947143e-02
 -1.23791397e-02 -1.25969285e-02 -1.25757521e-02 -1.24031939e-02 -1.21503668e-02
 -1.18791731e-02 -1.16440626e-02 -1.14917848e-02 -1.14606060e-02 -1.15794614e-02
 -1.18672838e-02 -1.23326192e-02 -1.29734781e-02 -1.37773668e-02 -1.47217214e-02
 -1.57751832e-02 -1.69000309e-02 -1.80553868e-02 -1.92001946e-02 -2.02948041e-02
 -2.13007759e-02 -2.21791193e-02 -2.28877775e-02 -2.33795810e-02 -2.36023311e-02
 -2.35023852e-02 -2.30311658e-02 -2.21519340e-02 -2.08444856e-02 -1.91071201e-02
 -1.69558395e-02 -1.44203044e-02 -1.15368534e-02 -8.34111776e-03 -4.86320117e-03
 -1.12633780e-03  2.85213906e-03  7.05890078e-03  1.14826253e-02  1.61121674e-02
  2.09348928e-02  2.59351023e-02  3.10924333e-02  3.63801718e-02  4.17635441e-02
  4.71980944e-02  5.26285656e-02  5.79888038e-02  6.32033944e-02  6.81915656e-02
  7.28731975e-02  7.71761313e-02  8.10433179e-02  8.44383761e-02  8.73486623e-02
  8.97853225e-02  9.17801708e-02  9.33801457e-02  9.46406275e-02  9.56190303e-02
 -4.04874003e-03 -5.67343691e-03 -7.42164254e-03 -9.37782880e-03 -1.15091205e-02
 -1.26266591e-02 -1.25110885e-02 -1.17667830e-02 -1.08518293e-02 -9.85063054e-03
 -8.84939358e-03 -7.92712532e-03 -7.15216855e-03 -6.58132695e-03 -6.25787349e-03
 -6.21016929e-03 -6.45197742e-03 -6.98293839e-03 -7.78776640e-03 -8.83450080e-03
 -1.00743296e-02 -1.14464443e-02 -1.28880562e-02 -1.43440841e-02 -1.57709755e-02
 -1.71342995e-02 -1.84024293e-02 -1.95377059e-02 -2.04856414e-02 -2.11664531e-02
 -2.14814357e-02 -2.13383604e-02 -2.06735954e-02 -1.94581337e-02 -1.76986195e-02
 -1.54403197e-02 -1.27630839e-02 -9.75770690e-03 -6.49753818e-03 -3.02973180e-03
  6.18506048e-04  4.43162583e-03  8.39975849e-03  1.25149311e-02  1.67686623e-02
  2.11503468e-02  2.56460514e-02  3.02375332e-02  3.49014252e-02  3.96085903e-02
  4.43237349e-02  4.90055196e-02  5.36072589e-02  5.80785125e-02  6.23675399e-02
  6.64244890e-02  7.02049434e-02  7.36733302e-02  7.68055767e-02  7.95906261e-02
  8.20305794e-02  8.41394216e-02  8.59406888e-02  8.74644369e-02  8.87441412e-02
 -2.23502959e-03 -3.75237130e-03 -5.43608377e-03 -7.38452654e-03 -9.67049412e-03
 -1.12363547e-02 -1.17626991e-02 -1.11946762e-02 -9.51646548e-03 -7.44550349e-03
 -5.43827144e-03 -3.59971821e-03 -2.01323233e-03 -7.67367950e-04  7.55925139e-05
  4.83804004e-04  4.43296856e-04 -4.94057531e-05 -9.84913320e-04 -2.32768105e-03
 -3.99518060e-03 -5.85716590e-03 -7.78523041e-03 -9.69948247e-03 -1.15666995e-02
 -1.33810816e-02 -1.51492171e-02 -1.68779660e-02 -1.85537841e-02 -2.00718399e-02
 -2.11374033e-02 -2.15191673e-02 -2.11395286e-02 -1.99688356e-02 -1.80014595e-02
 -1.52913826e-02 -1.20805278e-02 -8.67670495e-03 -5.18999854e-03 -1.64112390e-03
  1.97154097e-03  5.65459393e-03  9.41395760e-03  1.32527398e-02  1.71703491e-02
  2.11621150e-02  2.52190772e-02  2.93278806e-02  3.34707201e-02  3.76254134e-02
  4.17656265e-02  4.58613783e-02  4.98798601e-02  5.37866466e-02  5.75472489e-02
  6.11289330e-02  6.45026118e-02  6.76445812e-02  7.05379322e-02  7.31733069e-02
  7.55491182e-02  7.76709989e-02  7.95507357e-02  8.12048540e-02  8.26530457e-02
 -2.11114369e-04 -1.46140379e-03 -2.80196848e-03 -4.24398622e-03 -5.76750236e-03
 -7.29789911e-03 -8.41824897e-03 -8.41152854e-03 -7.11857341e-03 -4.38512675e-03
 -1.29936077e-03  1.74190383e-03  4.50929999e-03  6.60286285e-03  8.01960751e-03
  8.79262015e-03  8.93430971e-03  8.43081716e-03  7.24236574e-03  5.31139690e-03
  2.63627456e-03 -2.56998057e-04 -2.92481622e-03 -5.37829334e-03 -7.68149784e-03
 -9.90479346e-03 -1.21249510e-02 -1.44356117e-02 -1.69695541e-02 -1.99185628e-02
 -2.20797751e-02 -2.30716839e-02 -2.30222121e-02 -2.18649898e-02 -1.95689984e-02
 -1.59977637e-02 -1.16032306e-02 -7.63704441e-03 -3.90324439e-03 -2.94676429e-04
  3.25399893e-03  6.78484282e-03  1.03248479e-02  1.38903037e-02  1.74893718e-02
  2.11237166e-02  2.47895718e-02  2.84784976e-02  3.21779624e-02  3.58718559e-02
  3.95410098e-02  4.31638360e-02  4.67170551e-02  5.01766056e-02  5.35186604e-02
  5.67207299e-02  5.97627535e-02  6.26280606e-02  6.53041825e-02  6.77832812e-02
  7.00623170e-02  7.21428394e-02  7.40304962e-02  7.57343099e-02  7.72658587e-02
  1.92933925e-03  1.01529073e-03  7.79332549e-05 -8.64994654e-04 -1.77043758e-03
 -2.56669614e-03 -3.15416348e-03 -3.40598868e-03 -2.71826540e-03 -2.63962604e-04
  2.96147587e-03  6.75902562e-03  1.05315791e-02  1.31506650e-02  1.48907909e-02
  1.58729367e-02  1.61237437e-02  1.56175196e-02  1.42699815e-02  1.18853506e-02
  8.07439070e-03  4.15264955e-03  9.88577958e-04 -1.74142630e-03 -4.22601169e-03
 -6.59425557e-03 -8.95827077e-03 -1.14414468e-02 -1.42052593e-02 -1.74289886e-02
 -1.98617540e-02 -2.10512988e-02 -2.11191848e-02 -2.00368334e-02 -1.77462734e-02
 -1.40952077e-02 -9.63826478e-03 -5.67768374e-03 -2.03660200e-03  1.41333893e-03
  4.75474726e-03  8.04089103e-03  1.13058472e-02  1.45704541e-02  1.78460144e-02
  2.11367197e-02  2.44412888e-02  2.77541168e-02  3.10660824e-02  3.43652293e-02
  3.76373380e-02  4.08665128e-02  4.40357886e-02  4.71277833e-02  5.01253903e-02
  5.30124642e-02  5.57745025e-02  5.83992228e-02  6.08770177e-02  6.32012710e-02
  6.53684735e-02  6.73781261e-02  6.92325458e-02  7.09364489e-02  7.24965408e-02
  1.28514624e+00  1.30365634e+00  1.31749928e+00  1.33292592e+00  1.34924793e+00
  1.36593163e+00  1.38456941e+00  1.40217078e+00  1.41953897e+00  1.43815351e+00
  1.45705533e+00  1.47656465e+00  1.49686813e+00  1.51726604e+00  1.53866899e+00
  1.56032288e+00  1.58304560e+00  1.60599291e+00  1.62988961e+00  1.65436029e+00
  1.67968488e+00  1.70571923e+00  1.73262501e+00  1.76025867e+00  1.78881872e+00
  1.81838012e+00  1.84890020e+00  1.88030624e+00  1.91287875e+00  1.94657218e+00
  1.98149443e+00  2.01759434e+00  2.05505252e+00  2.09390116e+00  2.13422799e+00
  2.17618704e+00  2.21974277e+00  2.26514435e+00  2.31233239e+00  2.36170125e+00
  2.41317749e+00  2.46700263e+00  2.52326179e+00  2.58236623e+00  2.64438486e+00
  2.70962501e+00  2.77823687e+00  2.85092926e+00  2.92771935e+00  3.00903797e+00
  3.09589767e+00  3.18864036e+00  3.28760529e+00  3.39486790e+00  3.51107693e+00
  3.63768697e+00  3.77784801e+00  3.93331671e+00  4.10974026e+00  4.31325054e+00
  4.55518150e+00  4.85549784e+00  5.26880264e+00  5.95237446e+00  9.51483059e+00
   89   87
  1.06691027e+00 -5.00000007e-02  1.06784761e+00  5.00000007e-02  1.07345736e+00
  1.50000006e-01  1.07906246e+00  2.06760406e-01  1.09207976e+00  3.00000012e-01
  1.10562503e+00  3.67325872e-01  1.12720215e+00  4.49999988e-01  1.14372694e+00
  5.00000000e-01  1.16299176e+00  5.50000012e-01  1.18531251e+00  6.00843787e-01
  1.21187496e+00  6.52618587e-01  1.24034750e+00  6.99999988e-01  1.27505028e+00
  7.50000000e-01  1.31677306e+00  8.00000012e-01  1.34468746e+00  8.28030407e-01
  1.37125003e+00  8.50915074e-01  1.42437506e+00  8.88106763e-01  1.45093751e+00
  9.02870297e-01  1.50406253e+00  9.25621152e-01  1.55718756e+00  9.39421177e-01
  1.61031246e+00  9.45757926e-01  1.66343749e+00  9.45276976e-01  1.71656251e+00
  9.38073993e-01  1.76968753e+00  9.23720241e-01  1.82281256e+00  9.01055694e-01
  1.84937501e+00  8.87195289e-01  1.90250003e+00  8.53469372e-01  1.92906249e+00
  8.33782911e-01  1.96864486e+00  8.00000012e-01  2.00874996e+00  7.61949599e-01
  2.03531241e+00  7.33105659e-01  2.06293678e+00  6.99999988e-01  2.09907222e+00
  6.49999976e-01  2.12985086e+00  6.00000024e-01  2.15612483e+00  5.50000012e-01
  2.17873096e+00  5.00000000e-01  2.19842649e+00  4.49999988e-01  2.22125006e+00
  3.82337779e-01  2.24505162e+00  3.00000012e-01  2.25745153e+00  2.50000000e-01
  2.27437496e+00  1.55936569e-01  2.27970195e+00  1.00000001e-01  2.27735448e+00
  0.00000000e+00  2.27023745e+00 -5.00000007e-02  2.24781251e+00 -1.43613204e-01
  2.22985983e+00 -2.00000003e-01  2.21111393e+00 -2.50000000e-01  2.19043303e+00
 -3.00000012e-01  2.16812491e+00 -3.50162715e-01  2.14156246e+00 -4.04075176e-01
  2.11500001e+00 -4.53011364e-01  2.08669472e+00 -5.00000000e-01  2.05396295e+00
 -5.50000012e-01  2.01803946e+00 -6.00000024e-01  1.98218751e+00 -6.45562112e-01
  1.95562506e+00 -6.77604377e-01  1.92906249e+00 -7.07829535e-01  1.88942146e+00
 -7.50000000e-01  1.84937501e+00 -7.91225553e-01  1.82281256e+00 -8.17562521e-01
  1.78749895e+00 -8.50000024e-01  1.74312496e+00 -8.90583098e-01  1.71656251e+00
 -9.13889527e-01  1.67183769e+00 -9.49999988e-01  1.63687503e+00 -9.78341281e-01
  1.60650742e+00 -1.00000000e+00  1.55718756e+00 -1.03638816e+00  1.53062499e+00
 -1.05445862e+00  1.47749996e+00 -1.08870125e+00  1.45093751e+00 -1.10511732e+00
  1.39781249e+00 -1.13574731e+00  1.36863708e+00 -1.14999998e+00  1.31812501e+00
 -1.18068850e+00  1.25467837e+00 -1.20343781e+00  1.23843753e+00 -1.14959085e+00
  1.22062659e+00 -1.04999995e+00  1.21187496e+00 -9.96480823e-01  1.19510889e+00
 -8.99999976e-01  1.18510282e+00 -8.50000024e-01  1.16438937e+00 -7.50000000e-01
  1.15301752e+00 -6.99999988e-01  1.13218749e+00 -6.07069135e-01  1.12028205e+00
 -5.50000012e-01  1.10562503e+00 -4.72481877e-01  1.09388530e+00 -4.00000006e-01
  1.08163941e+00 -3.00000012e-01  1.07676697e+00 -2.50000000e-01  1.07003868e+00
 -1.50000006e-01  1.06691027e+00 -5.00000007e-02
  1.01600003e+00  0.00000000e+00  1.01600003e+00  9.63999987e-01  1.01600003e+00
  9.67999995e-01  1.01600003e+00  1.00100005e+00  1.01600003e+00  1.01900005e+00
  1.01600003e+00  1.07700002e+00  1.01600003e+00  1.07000005e+00  1.01600003e+00
  1.09599996e+00  1.01600003e+00  1.11300004e+00  1.01600003e+00  1.13800001e+00
  1.01600003e+00  1.14699996e+00  1.01199996e+00  1.16499996e+00  1.00100005e+00
  1.21700001e+00  1.02900004e+00  1.21700001e+00  1.04200006e+00  1.16240001e+00
  1.04600000e+00  1.16237998e+00  1.05599999e+00  1.16260004e+00  1.09700000e+00
  1.16450000e+00  1.10800004e+00  1.16594005e+00  1.11600006e+00  1.16591001e+00
  1.13399994e+00  1.16895998e+00  1.14800000e+00  1.17174995e+00  1.16199994e+00
  1.17556000e+00  1.18099999e+00  1.18299997e+00  1.18200004e+00  1.18350005e+00
  1.18499994e+00  1.18499994e+00  1.19000006e+00  1.18799996e+00  1.19500005e+00
  1.19099998e+00  1.20099998e+00  1.19599998e+00  1.20899999e+00  1.20200002e+00
  1.21500003e+00  1.20799994e+00  1.22200000e+00  1.21399999e+00  1.22800004e+00
  1.22099996e+00  1.23399997e+00  1.23099995e+00  1.23899996e+00  1.23800004e+00
  1.24199998e+00  1.24399996e+00  1.24800003e+00  1.25399995e+00  1.25800002e+00
  1.27800000e+00  1.26300001e+00  1.28999996e+00  1.27999997e+00  1.33099997e+00
  1.27999997e+00  1.34700000e+00  1.27999997e+00  1.34800005e+00  1.30999994e+00
  1.34800005e+00  1.32799995e+00  1.34800005e+00  1.36099994e+00  1.34800005e+00
  1.38000000e+00  1.34800005e+00  1.41900003e+00  1.34800005e+00  1.41900003e+00
  1.30999994e+00  1.37199998e+00  1.30999994e+00  1.37199998e+00  1.29200006e+00
  1.60800004e+00  1.09500003e+00  1.64699996e+00  1.07700002e+00  1.78499997e+00
  1.07700002e+00  2.06999993e+00  1.03999996e+00  2.12800002e+00  9.92999971e-01
  2.24499989e+00  7.08999991e-01  2.32299995e+00  5.18999994e-01  2.37700009e+00
  3.88999999e-01  2.35200000e+00  4.00000006e-01  2.35100007e+00  3.37000012e-01
  2.35100007e+00  2.04999998e-01  2.35400009e+00  6.80000037e-02  2.35400009e+00
  0.00000000e+00  2.35400009e+00 -6.80000037e-02  2.35299993e+00 -2.04999998e-01
  2.35100007e+00 -3.37000012e-01  2.35299993e+00 -4.00000006e-01  2.37700009e+00
 -3.88999999e-01  2.13400006e+00 -9.72999990e-01  1.78600001e+00 -1.17400002e+00
  1.76800001e+00 -1.21099997e+00  1.76800001e+00 -1.25000000e+00  1.68200004e+00
 -1.25000000e+00  1.37199998e+00 -1.25000000e+00  1.37199998e+00 -1.32900000e+00
  1.41999996e+00 -1.32900000e+00  1.41999996e+00 -1.36300004e+00  1.27300000e+00
 -1.36300004e+00  1.15300000e+00 -1.36300004e+00  1.01600003e+00 -1.22300005e+00
  1.01600003e+00 -1.22300005e+00  1.01600003e+00 -8.29999983e-01  1.01600003e+00
 -8.00000012e-01  1.01600003e+00 -4.14999992e-01  1.01600003e+00 -4.00000006e-01
  1.01600003e+00 -1.00000005e-03  1.01600003e+00  0.00000000e+00
    0 0.000000000e+00    0
  0.00000000e+00  9.07398164e-02  1.28893688e-01  1.58430040e-01  1.83525115e-01
  2.05865920e-01  2.25018471e-01  2.44018763e-01  2.61927933e-01  2.78907776e-01
  2.95029014e-01  3.10635298e-01  3.25596571e-01  3.40132385e-01  3.54292154e-01
  3.68037641e-01  3.81502450e-01  3.94726604e-01  4.07657146e-01  4.20388430e-01
  4.32944238e-01  4.45327193e-01  4.57562745e-01  4.69647825e-01  4.81632680e-01
  4.93531048e-01  5.05318940e-01  5.17024279e-01  5.28676867e-01  5.40280044e-01
  5.51848233e-01  5.63341916e-01  5.74848592e-01  5.86324692e-01  5.97790778e-01
  6.09271348e-01  6.20734036e-01  6.32247210e-01  6.43761337e-01  6.55326426e-01
  6.66923225e-01  6.78571641e-01  6.90280735e-01  7.02068388e-01  7.13918805e-01
  7.25871027e-01  7.37900198e-01  7.50063837e-01  7.62333572e-01  7.74728119e-01
  7.87289441e-01  8.00010383e-01  8.12893689e-01  8.25994849e-01  8.39316666e-01
  8.52882624e-01  8.66737366e-01  8.80881429e-01  8.95426035e-01  9.10416424e-01
  9.25898373e-01  9.42055643e-01  9.59133148e-01  9.77648675e-01  1.00000000e+00
    0
