  EFITD    08/02/2006    #127581  3000ms           3  65  65
 0.170000000E+01 0.320000000E+01 0.169550002E+01 0.840000000E+00 0.000000000E+00
 0.169818525E+01-0.205466639E-01-0.662952722E-01 0.152213874E+00 0.140900600E+01
 0.779161326E+06-0.662952722E-01 0.000000000E+00 0.169818525E+01 0.000000000E+00
-0.205466639E-01 0.000000000E+00 0.152213874E+00 0.000000000E+00 0.000000000E+00
 0.248295650E+01 0.247944727E+01 0.247601913E+01 0.247267144E+01 0.246940354E+01
 0.246621477E+01 0.246310444E+01 0.246007186E+01 0.245711633E+01 0.245423714E+01
 0.245143357E+01 0.244870488E+01 0.244605032E+01 0.244346915E+01 0.244096061E+01
 0.243852391E+01 0.243615827E+01 0.243386291E+01 0.243163703E+01 0.242947980E+01
 0.242739042E+01 0.242536806E+01 0.242341188E+01 0.242152103E+01 0.241969467E+01
 0.241793194E+01 0.241623196E+01 0.241459387E+01 0.241301679E+01 0.241149981E+01
 0.241004206E+01 0.240864262E+01 0.240730059E+01 0.240601505E+01 0.240478508E+01
 0.240360977E+01 0.240248816E+01 0.240141933E+01 0.240040234E+01 0.239943623E+01
 0.239852006E+01 0.239765287E+01 0.239683369E+01 0.239606156E+01 0.239533552E+01
 0.239465458E+01 0.239401777E+01 0.239342411E+01 0.239287262E+01 0.239236230E+01
 0.239189217E+01 0.239146124E+01 0.239106850E+01 0.239071296E+01 0.239039363E+01
 0.239010949E+01 0.238985954E+01 0.238964278E+01 0.238945819E+01 0.238930477E+01
 0.238918151E+01 0.238908738E+01 0.238902138E+01 0.238898250E+01 0.238896970E+01
 0.144158182E+05 0.138675716E+05 0.133327432E+05 0.128111800E+05 0.123027289E+05
 0.118072367E+05 0.113245503E+05 0.108545167E+05 0.103969827E+05 0.995179523E+04
 0.951880111E+04 0.909784727E+04 0.868878059E+04 0.829144796E+04 0.790569627E+04
 0.753137239E+04 0.716832322E+04 0.681639564E+04 0.647543655E+04 0.614529282E+04
 0.582581135E+04 0.551683902E+04 0.521822272E+04 0.492980934E+04 0.465144575E+04
 0.438297885E+04 0.412425553E+04 0.387512267E+04 0.363542717E+04 0.340501589E+04
 0.318373574E+04 0.297143360E+04 0.276795635E+04 0.257315089E+04 0.238686409E+04
 0.220894285E+04 0.203923406E+04 0.187758459E+04 0.172384135E+04 0.157785120E+04
 0.143946105E+04 0.130851777E+04 0.118486825E+04 0.106835939E+04 0.958838065E+03
 0.856151162E+03 0.760145571E+03 0.670668177E+03 0.587565868E+03 0.510685529E+03
 0.439874049E+03 0.374978313E+03 0.315845209E+03 0.262321623E+03 0.214254442E+03
 0.171490553E+03 0.133876843E+03 0.101260198E+03 0.734875045E+02 0.504056503E+02
 0.318615218E+02 0.177020058E+02 0.777398892E+01 0.192435808E+01 0.000000000E+00
-0.258164937E+01-0.251887573E+01-0.245681431E+01-0.239546514E+01-0.233482819E+01
-0.227490348E+01-0.221569101E+01-0.215719076E+01-0.209940276E+01-0.204232698E+01
-0.198596344E+01-0.193031214E+01-0.187537307E+01-0.182114623E+01-0.176763163E+01
-0.171482926E+01-0.166273913E+01-0.161136123E+01-0.156069556E+01-0.151074213E+01
-0.146150093E+01-0.141297197E+01-0.136515524E+01-0.131805074E+01-0.127165848E+01
-0.122597845E+01-0.118101066E+01-0.113675510E+01-0.109321177E+01-0.105038068E+01
-0.100826183E+01-0.966855203E+00-0.926160815E+00-0.886178660E+00-0.846908740E+00
-0.808351054E+00-0.770505602E+00-0.733372384E+00-0.696951400E+00-0.661242651E+00
-0.626246135E+00-0.591961854E+00-0.558389806E+00-0.525529993E+00-0.493382414E+00
-0.461947069E+00-0.431223959E+00-0.401213082E+00-0.371914439E+00-0.343328031E+00
-0.315453857E+00-0.288291917E+00-0.261842211E+00-0.236104739E+00-0.211079501E+00
-0.186766497E+00-0.163165728E+00-0.140277192E+00-0.118100891E+00-0.966368239E-01
-0.758849909E-01-0.558453920E-01-0.365180272E-01-0.179028965E-01-0.000000000E+00
-0.162554396E+06-0.158601837E+06-0.154694123E+06-0.150831256E+06-0.147013234E+06
-0.143240059E+06-0.139511729E+06-0.135828245E+06-0.132189607E+06-0.128595816E+06
-0.125046870E+06-0.121542770E+06-0.118083516E+06-0.114669108E+06-0.111299545E+06
-0.107974829E+06-0.104694959E+06-0.101459934E+06-0.982697559E+05-0.951244234E+05
-0.920239368E+05-0.889682961E+05-0.859575014E+05-0.829915526E+05-0.800704498E+05
-0.771941928E+05-0.743627818E+05-0.715762168E+05-0.688344976E+05-0.661376244E+05
-0.634855972E+05-0.608784158E+05-0.583160804E+05-0.557985910E+05-0.533259474E+05
-0.508981498E+05-0.485151981E+05-0.461770924E+05-0.438838326E+05-0.416354187E+05
-0.394318508E+05-0.372731288E+05-0.351592527E+05-0.330902226E+05-0.310660383E+05
-0.290867001E+05-0.271522077E+05-0.252625613E+05-0.234177608E+05-0.216178063E+05
-0.198626977E+05-0.181524350E+05-0.164870182E+05-0.148664474E+05-0.132907225E+05
-0.117598436E+05-0.102738106E+05-0.883262349E+04-0.743628233E+04-0.608478711E+04
-0.477813783E+04-0.351633447E+04-0.229937705E+04-0.112726556E+04-0.000000000E+00
 0.162812689E+00 0.159073253E+00 0.154926820E+00 0.150304860E+00 0.145238819E+00
 0.139848266E+00 0.134303100E+00 0.128777589E+00 0.124698134E+00 0.123487002E+00
 0.121807551E+00 0.118056589E+00 0.113635137E+00 0.111159911E+00 0.110192363E+00
 0.110571230E+00 0.112286912E+00 0.115421345E+00 0.120184449E+00 0.127003868E+00
 0.136692217E+00 0.146748491E+00 0.155280111E+00 0.162981824E+00 0.170264897E+00
 0.177408540E+00 0.184641844E+00 0.192192889E+00 0.200333097E+00 0.209376647E+00
 0.217443588E+00 0.223913592E+00 0.228973416E+00 0.232485243E+00 0.234352895E+00
 0.234338439E+00 0.233156598E+00 0.232764181E+00 0.232878248E+00 0.233341663E+00
 0.234075671E+00 0.235043856E+00 0.236227700E+00 0.237612494E+00 0.239181285E+00
 0.240913464E+00 0.242785150E+00 0.244769931E+00 0.246839485E+00 0.248964033E+00
 0.251112729E+00 0.253254088E+00 0.255356513E+00 0.257388967E+00 0.259321769E+00
 0.261127488E+00 0.262781842E+00 0.264264530E+00 0.265559892E+00 0.266657325E+00
 0.267551402E+00 0.268241688E+00 0.268732279E+00 0.269031131E+00 0.269149248E+00
 0.159718827E+00 0.155074888E+00 0.149953331E+00 0.144250884E+00 0.137949316E+00
 0.131162112E+00 0.124956513E+00 0.120870437E+00 0.119197625E+00 0.119981687E+00
 0.120170495E+00 0.118909114E+00 0.117193249E+00 0.116162228E+00 0.116051124E+00
 0.116936158E+00 0.118890357E+00 0.122012851E+00 0.126437668E+00 0.132321994E+00
 0.139701960E+00 0.147600635E+00 0.155136792E+00 0.162341040E+00 0.169362622E+00
 0.176361433E+00 0.183503503E+00 0.190977421E+00 0.199027107E+00 0.207935814E+00
 0.215901759E+00 0.222292336E+00 0.227279870E+00 0.230807940E+00 0.232771791E+00
 0.232928858E+00 0.232064266E+00 0.232038280E+00 0.232585089E+00 0.233539999E+00
 0.234808712E+00 0.236335892E+00 0.238087021E+00 0.240037469E+00 0.242166083E+00
 0.244451664E+00 0.246871205E+00 0.249399059E+00 0.252006616E+00 0.254662251E+00
 0.257331511E+00 0.259977545E+00 0.262561837E+00 0.265045260E+00 0.267389441E+00
 0.269558365E+00 0.271520050E+00 0.273248132E+00 0.274723132E+00 0.275933247E+00
 0.276874555E+00 0.277550623E+00 0.277971591E+00 0.278152887E+00 0.278113756E+00
 0.157369807E+00 0.152267422E+00 0.146568364E+00 0.139972261E+00 0.132347319E+00
 0.126318277E+00 0.122483426E+00 0.120931242E+00 0.121731591E+00 0.122918149E+00
 0.123622453E+00 0.123888884E+00 0.124010868E+00 0.124320593E+00 0.125075303E+00
 0.126445008E+00 0.128542067E+00 0.131441525E+00 0.135181043E+00 0.139738056E+00
 0.144991134E+00 0.150719237E+00 0.156699035E+00 0.162799900E+00 0.168983581E+00
 0.175267242E+00 0.181695077E+00 0.188319294E+00 0.195175055E+00 0.202159398E+00
 0.208669393E+00 0.214301420E+00 0.218978617E+00 0.222665542E+00 0.225336392E+00
 0.227025451E+00 0.228186994E+00 0.229461163E+00 0.230975231E+00 0.232733495E+00
 0.234722624E+00 0.236927469E+00 0.239333912E+00 0.241928349E+00 0.244696354E+00
 0.247621335E+00 0.250683407E+00 0.253858525E+00 0.257117815E+00 0.260427127E+00
 0.263746872E+00 0.267032257E+00 0.270234086E+00 0.273300245E+00 0.276177924E+00
 0.278816470E+00 0.281170568E+00 0.283203341E+00 0.284888872E+00 0.286213749E+00
 0.287177376E+00 0.287791046E+00 0.288075976E+00 0.288060686E+00 0.287778176E+00
 0.155877787E+00 0.150867379E+00 0.145456403E+00 0.139404840E+00 0.132885951E+00
 0.128857011E+00 0.127635367E+00 0.127682060E+00 0.127997340E+00 0.128437498E+00
 0.128913111E+00 0.129415080E+00 0.130010212E+00 0.130808038E+00 0.131924807E+00
 0.133460919E+00 0.135491564E+00 0.138063258E+00 0.141190619E+00 0.144852524E+00
 0.148991857E+00 0.153525353E+00 0.158363868E+00 0.163432346E+00 0.168678444E+00
 0.174068903E+00 0.179578307E+00 0.185172819E+00 0.190788622E+00 0.196310950E+00
 0.201582073E+00 0.206454059E+00 0.210831372E+00 0.214675888E+00 0.218006113E+00
 0.220906706E+00 0.223528011E+00 0.226039738E+00 0.228572247E+00 0.231204304E+00
 0.233979009E+00 0.236918896E+00 0.240034640E+00 0.243329309E+00 0.246800136E+00
 0.250438957E+00 0.254231916E+00 0.258158748E+00 0.262191807E+00 0.266294987E+00
 0.270422752E+00 0.274519589E+00 0.278520327E+00 0.282351833E+00 0.285936457E+00
 0.289197221E+00 0.292064175E+00 0.294480861E+00 0.296409649E+00 0.297834921E+00
 0.298763513E+00 0.299222381E+00 0.299254054E+00 0.298910894E+00 0.298249388E+00
 0.154714934E+00 0.150172449E+00 0.145848134E+00 0.141630524E+00 0.137800074E+00
 0.135842802E+00 0.134714260E+00 0.134135771E+00 0.133934041E+00 0.133997728E+00
 0.134262865E+00 0.134707247E+00 0.135343648E+00 0.136208959E+00 0.137351419E+00
 0.138819211E+00 0.140652084E+00 0.142875892E+00 0.145499414E+00 0.148513274E+00
 0.151891381E+00 0.155595181E+00 0.159579838E+00 0.163800163E+00 0.168214027E+00
 0.172782229E+00 0.177465211E+00 0.182217976E+00 0.186985405E+00 0.191701300E+00
 0.196294260E+00 0.200699563E+00 0.204871505E+00 0.208791561E+00 0.212471866E+00
 0.215954300E+00 0.219303733E+00 0.222595303E+00 0.225900658E+00 0.229279359E+00
 0.232776754E+00 0.236425581E+00 0.240248495E+00 0.244260130E+00 0.248468324E+00
 0.252874511E+00 0.257473365E+00 0.262251754E+00 0.267187025E+00 0.272244636E+00
 0.277375292E+00 0.282511975E+00 0.287567808E+00 0.292436283E+00 0.296995720E+00
 0.301118970E+00 0.304687284E+00 0.307605042E+00 0.309811754E+00 0.311288938E+00
 0.312060780E+00 0.312188241E+00 0.311757680E+00 0.310867078E+00 0.309613737E+00
 0.152388733E+00 0.147808863E+00 0.145475228E+00 0.143766754E+00 0.142135650E+00
 0.140829449E+00 0.139898342E+00 0.139303488E+00 0.138991526E+00 0.138918593E+00
 0.139056836E+00 0.139395476E+00 0.139939062E+00 0.140703709E+00 0.141712155E+00
 0.142988646E+00 0.144554431E+00 0.146424340E+00 0.148604618E+00 0.151092069E+00
 0.153874485E+00 0.156932156E+00 0.160240012E+00 0.163769751E+00 0.167491302E+00
 0.171373327E+00 0.175382848E+00 0.179484553E+00 0.183640592E+00 0.187811730E+00
 0.191960255E+00 0.196054260E+00 0.200072132E+00 0.204006012E+00 0.207863368E+00
 0.211666304E+00 0.215448620E+00 0.219251251E+00 0.223117323E+00 0.227088127E+00
 0.231200704E+00 0.235486880E+00 0.239973230E+00 0.244681377E+00 0.249628225E+00
 0.254825858E+00 0.260280893E+00 0.265993079E+00 0.271952829E+00 0.278137291E+00
 0.284504421E+00 0.290984669E+00 0.297470687E+00 0.303808075E+00 0.309794865E+00
 0.315199574E+00 0.319797699E+00 0.323410425E+00 0.325930616E+00 0.327335753E+00
 0.327690959E+00 0.327137318E+00 0.325860691E+00 0.324051878E+00 0.321877828E+00
 0.151344296E+00 0.146850459E+00 0.145573862E+00 0.145308944E+00 0.144831399E+00
 0.144299601E+00 0.143819832E+00 0.143448145E+00 0.143210630E+00 0.143119476E+00
 0.143182795E+00 0.143409714E+00 0.143812333E+00 0.144405690E+00 0.145206519E+00
 0.146231424E+00 0.147494969E+00 0.149008031E+00 0.150776630E+00 0.152801351E+00
 0.155077350E+00 0.157594851E+00 0.160339965E+00 0.163295584E+00 0.166442186E+00
 0.169758426E+00 0.173221566E+00 0.176807913E+00 0.180493491E+00 0.184255161E+00
 0.188072227E+00 0.191928362E+00 0.195813510E+00 0.199725342E+00 0.203669943E+00
 0.207661554E+00 0.211721420E+00 0.215875994E+00 0.220154901E+00 0.224589082E+00
 0.229209391E+00 0.234045741E+00 0.239126719E+00 0.244479521E+00 0.250130002E+00
 0.256102672E+00 0.262420427E+00 0.269103737E+00 0.276168859E+00 0.283624252E+00
 0.291463727E+00 0.299653380E+00 0.308106713E+00 0.316639358E+00 0.324908317E+00
 0.332416267E+00 0.338670384E+00 0.343326886E+00 0.346198976E+00 0.347243549E+00
 0.346596013E+00 0.344608016E+00 0.341746036E+00 0.338401611E+00 0.334832680E+00
 0.152198188E+00 0.147913802E+00 0.147204144E+00 0.147507981E+00 0.147564249E+00
 0.147462505E+00 0.147278095E+00 0.147072321E+00 0.146892282E+00 0.146773929E+00
 0.146745669E+00 0.146831310E+00 0.147051975E+00 0.147427057E+00 0.147974429E+00
 0.148710159E+00 0.149647979E+00 0.150798711E+00 0.152169808E+00 0.153765091E+00
 0.155584724E+00 0.157625420E+00 0.159880812E+00 0.162341931E+00 0.164997714E+00
 0.167835529E+00 0.170841702E+00 0.174002104E+00 0.177302841E+00 0.180731096E+00
 0.184276096E+00 0.187930135E+00 0.191689516E+00 0.195555275E+00 0.199533560E+00
 0.203635609E+00 0.207877353E+00 0.212278737E+00 0.216862914E+00 0.221655484E+00
 0.226683903E+00 0.231977156E+00 0.237565720E+00 0.243481814E+00 0.249759907E+00
 0.256437461E+00 0.263555874E+00 0.271161604E+00 0.279307396E+00 0.288053465E+00
 0.297468201E+00 0.307627262E+00 0.318608078E+00 0.330471261E+00 0.343092275E+00
 0.354640474E+00 0.363635966E+00 0.369890621E+00 0.373242964E+00 0.373492440E+00
 0.370423168E+00 0.364866786E+00 0.359013635E+00 0.353286214E+00 0.347801802E+00
 0.154637085E+00 0.150588466E+00 0.150051465E+00 0.150579346E+00 0.150835094E+00
 0.150877861E+00 0.150769749E+00 0.150569767E+00 0.150330146E+00 0.150095382E+00
 0.149902854E+00 0.149784059E+00 0.149765863E+00 0.149871472E+00 0.150121073E+00
 0.150532155E+00 0.151119612E+00 0.151895714E+00 0.152870045E+00 0.154049451E+00
 0.155438085E+00 0.157037528E+00 0.158847020E+00 0.160863757E+00 0.163083257E+00
 0.165499762E+00 0.168106691E+00 0.170897121E+00 0.173864347E+00 0.177002470E+00
 0.180307030E+00 0.183775620E+00 0.187408451E+00 0.191208788E+00 0.195183234E+00
 0.199341842E+00 0.203698056E+00 0.208268547E+00 0.213072992E+00 0.218133903E+00
 0.223476562E+00 0.229129151E+00 0.235123130E+00 0.241493937E+00 0.248282063E+00
 0.255534639E+00 0.263307678E+00 0.271669283E+00 0.280704298E+00 0.290521287E+00
 0.301263557E+00 0.313127737E+00 0.326397715E+00 0.341510423E+00 0.358770948E+00
 0.374336466E+00 0.386232318E+00 0.394403184E+00 0.398707968E+00 0.398711511E+00
 0.394200203E+00 0.385036829E+00 0.375538512E+00 0.367021803E+00 0.359428276E+00
 0.158448310E+00 0.154609473E+00 0.154121142E+00 0.154664380E+00 0.154874253E+00
 0.154814160E+00 0.154558009E+00 0.154173028E+00 0.153716997E+00 0.153238378E+00
 0.152777566E+00 0.152368386E+00 0.152039455E+00 0.151815274E+00 0.151717034E+00
 0.151763170E+00 0.151969713E+00 0.152350494E+00 0.152917215E+00 0.153679440E+00
 0.154644657E+00 0.155818352E+00 0.157204148E+00 0.158804019E+00 0.160618560E+00
 0.162647296E+00 0.164889000E+00 0.167342057E+00 0.170004867E+00 0.172876274E+00
 0.175955991E+00 0.179245019E+00 0.182746022E+00 0.186463652E+00 0.190404797E+00
 0.194578755E+00 0.198997340E+00 0.203674956E+00 0.208628662E+00 0.213878291E+00
 0.219446672E+00 0.225360014E+00 0.231648511E+00 0.238347264E+00 0.245497609E+00
 0.253149002E+00 0.261361699E+00 0.270210546E+00 0.279790440E+00 0.290224284E+00
 0.301674718E+00 0.314361457E+00 0.328585975E+00 0.344759854E+00 0.363399732E+00
 0.382298109E+00 0.396869222E+00 0.406952508E+00 0.412590512E+00 0.413725629E+00
 0.409846577E+00 0.400767173E+00 0.388082413E+00 0.377169026E+00 0.367878628E+00
 0.163721288E+00 0.160053473E+00 0.159695369E+00 0.160015407E+00 0.159870034E+00
 0.159413061E+00 0.158754060E+00 0.157972643E+00 0.157128013E+00 0.156265971E+00
 0.155423311E+00 0.154630548E+00 0.153913656E+00 0.153295235E+00 0.152795293E+00
 0.152431794E+00 0.152221057E+00 0.152178064E+00 0.152316560E+00 0.152648459E+00
 0.153184186E+00 0.153932505E+00 0.154900573E+00 0.156094074E+00 0.157517536E+00
 0.159174592E+00 0.161068072E+00 0.163200238E+00 0.165573101E+00 0.168188761E+00
 0.171049692E+00 0.174159021E+00 0.177520822E+00 0.181140369E+00 0.185024364E+00
 0.189181132E+00 0.193620786E+00 0.198355401E+00 0.203399185E+00 0.208768704E+00
 0.214483188E+00 0.220564943E+00 0.227039944E+00 0.233938642E+00 0.241297063E+00
 0.249158307E+00 0.257574553E+00 0.266609747E+00 0.276343184E+00 0.286874215E+00
 0.298328264E+00 0.310864097E+00 0.324681635E+00 0.340028812E+00 0.357207326E+00
 0.376468027E+00 0.392758118E+00 0.404340318E+00 0.411345140E+00 0.413826083E+00
 0.411926484E+00 0.405113915E+00 0.393338806E+00 0.381242954E+00 0.371351291E+00
 0.171740385E+00 0.168601228E+00 0.167598467E+00 0.166938529E+00 0.165874453E+00
 0.164626311E+00 0.163284666E+00 0.161900691E+00 0.160509851E+00 0.159140007E+00
 0.157814757E+00 0.156555014E+00 0.155379850E+00 0.154307003E+00 0.153353207E+00
 0.152534435E+00 0.151866092E+00 0.151364436E+00 0.151045539E+00 0.150924066E+00
 0.151013272E+00 0.151324918E+00 0.151869114E+00 0.152654047E+00 0.153687192E+00
 0.154975911E+00 0.156526237E+00 0.158343160E+00 0.160431087E+00 0.162794398E+00
 0.165437342E+00 0.168364206E+00 0.171579617E+00 0.175088758E+00 0.178897555E+00
 0.183012858E+00 0.187442628E+00 0.192196109E+00 0.197284013E+00 0.202718733E+00
 0.208514583E+00 0.214688104E+00 0.221258434E+00 0.228247774E+00 0.235681961E+00
 0.243591140E+00 0.252010557E+00 0.260981412E+00 0.270551681E+00 0.280776733E+00
 0.291719366E+00 0.303448779E+00 0.316037970E+00 0.329560053E+00 0.344088829E+00
 0.359735638E+00 0.375577495E+00 0.386930260E+00 0.394348384E+00 0.398130864E+00
 0.398157686E+00 0.394736878E+00 0.387412328E+00 0.377110018E+00 0.368668067E+00
 0.182476273E+00 0.180614598E+00 0.177634003E+00 0.174775007E+00 0.172296703E+00
 0.170001184E+00 0.167816324E+00 0.165714430E+00 0.163686647E+00 0.161733391E+00
 0.159860150E+00 0.158075409E+00 0.156389539E+00 0.154814170E+00 0.153361834E+00
 0.152045764E+00 0.150880522E+00 0.149884488E+00 0.149075434E+00 0.148470348E+00
 0.148085277E+00 0.147935176E+00 0.148033776E+00 0.148393501E+00 0.149025521E+00
 0.149939684E+00 0.151144158E+00 0.152644990E+00 0.154446971E+00 0.156557157E+00
 0.158980958E+00 0.161722784E+00 0.164787053E+00 0.168178273E+00 0.171900982E+00
 0.175959988E+00 0.180360554E+00 0.185108522E+00 0.190210474E+00 0.195673857E+00
 0.201507122E+00 0.207719838E+00 0.214322799E+00 0.221328089E+00 0.228749086E+00
 0.236600341E+00 0.244897242E+00 0.253655308E+00 0.262888867E+00 0.272608709E+00
 0.282818061E+00 0.293505769E+00 0.304634677E+00 0.316120960E+00 0.327793835E+00
 0.339307400E+00 0.349985158E+00 0.358945796E+00 0.365661181E+00 0.369963713E+00
 0.371848712E+00 0.371430156E+00 0.369004618E+00 0.365211267E+00 0.360945405E+00
 0.190280835E+00 0.188797276E+00 0.185196996E+00 0.181385139E+00 0.177961646E+00
 0.174816624E+00 0.171874329E+00 0.169087111E+00 0.166427068E+00 0.163879340E+00
 0.161437695E+00 0.159101757E+00 0.156875246E+00 0.154764872E+00 0.152779623E+00
 0.150930321E+00 0.149233987E+00 0.147710191E+00 0.146378548E+00 0.145258446E+00
 0.144368788E+00 0.143727762E+00 0.143352619E+00 0.143259485E+00 0.143463188E+00
 0.143977082E+00 0.144812869E+00 0.145980477E+00 0.147488125E+00 0.149342427E+00
 0.151547611E+00 0.154104606E+00 0.157017359E+00 0.160289915E+00 0.163924590E+00
 0.167923559E+00 0.172288944E+00 0.177022705E+00 0.182126855E+00 0.187603490E+00
 0.193454814E+00 0.199683096E+00 0.206290562E+00 0.213279162E+00 0.220650182E+00
 0.228403619E+00 0.236537207E+00 0.245044953E+00 0.253914940E+00 0.263126103E+00
 0.272643496E+00 0.282411461E+00 0.292343904E+00 0.302311010E+00 0.312123178E+00
 0.321518678E+00 0.330173844E+00 0.337756094E+00 0.343998701E+00 0.348744947E+00
 0.351953920E+00 0.353696126E+00 0.354150858E+00 0.353589406E+00 0.352319713E+00
 0.195545091E+00 0.194137509E+00 0.190487801E+00 0.186301086E+00 0.182369965E+00
 0.178662010E+00 0.175141125E+00 0.171777224E+00 0.168548129E+00 0.165439189E+00
 0.162442125E+00 0.159553818E+00 0.156775275E+00 0.154110823E+00 0.151567509E+00
 0.149157342E+00 0.146900606E+00 0.144818582E+00 0.142933147E+00 0.141266424E+00
 0.139840449E+00 0.138676854E+00 0.137796565E+00 0.137219515E+00 0.136964364E+00
 0.137048238E+00 0.137486485E+00 0.138292457E+00 0.139477347E+00 0.141050030E+00
 0.143016871E+00 0.145381686E+00 0.148146130E+00 0.151308957E+00 0.154864602E+00
 0.158812315E+00 0.163151466E+00 0.167879378E+00 0.172993391E+00 0.178490189E+00
 0.184365845E+00 0.190615712E+00 0.197234196E+00 0.204214399E+00 0.211547573E+00
 0.219222337E+00 0.227223582E+00 0.235530972E+00 0.244116942E+00 0.252944067E+00
 0.261961738E+00 0.271102128E+00 0.280275729E+00 0.289367260E+00 0.298233710E+00
 0.306707433E+00 0.314607317E+00 0.321758202E+00 0.328013515E+00 0.333273705E+00
 0.337496331E+00 0.340697995E+00 0.342948973E+00 0.344360074E+00 0.345062522E+00
 0.199509043E+00 0.198110146E+00 0.194297076E+00 0.189872161E+00 0.185612753E+00
 0.181507166E+00 0.177540653E+00 0.173698674E+00 0.169969098E+00 0.166343172E+00
 0.162815739E+00 0.159385082E+00 0.156052629E+00 0.152822662E+00 0.149702098E+00
 0.146709396E+00 0.143867070E+00 0.141198960E+00 0.138729860E+00 0.136485152E+00
 0.134490439E+00 0.132771175E+00 0.131352298E+00 0.130257860E+00 0.129510662E+00
 0.129131899E+00 0.129140819E+00 0.129554409E+00 0.130387107E+00 0.131650553E+00
 0.133353372E+00 0.135501035E+00 0.138095771E+00 0.141136452E+00 0.144618609E+00
 0.148535000E+00 0.152874446E+00 0.157622279E+00 0.162773562E+00 0.168319375E+00
 0.174250018E+00 0.180554665E+00 0.187221105E+00 0.194235402E+00 0.201581383E+00
 0.209239946E+00 0.217188141E+00 0.225398012E+00 0.233835194E+00 0.242457251E+00
 0.251211870E+00 0.260035060E+00 0.268849717E+00 0.277565089E+00 0.286077877E+00
 0.294275705E+00 0.302043276E+00 0.309270686E+00 0.315862400E+00 0.321744995E+00
 0.326872146E+00 0.331226156E+00 0.334815981E+00 0.337672262E+00 0.339840435E+00
 0.202438920E+00 0.200991934E+00 0.197016859E+00 0.192403854E+00 0.187891580E+00
 0.183471119E+00 0.179135787E+00 0.174879849E+00 0.170699003E+00 0.166590624E+00
 0.162553951E+00 0.158590203E+00 0.154702632E+00 0.150896502E+00 0.147184441E+00
 0.143590172E+00 0.140139255E+00 0.136858792E+00 0.133777099E+00 0.130923354E+00
 0.128327210E+00 0.126018396E+00 0.124026289E+00 0.122379479E+00 0.121105321E+00
 0.120229489E+00 0.119775537E+00 0.119764481E+00 0.120214408E+00 0.121140128E+00
 0.122552870E+00 0.124460047E+00 0.126865073E+00 0.129767265E+00 0.133161811E+00
 0.137039840E+00 0.141388441E+00 0.146190947E+00 0.151427443E+00 0.157071954E+00
 0.163110200E+00 0.169526051E+00 0.176301826E+00 0.183418248E+00 0.190854088E+00
 0.198585609E+00 0.206585942E+00 0.214824333E+00 0.223265292E+00 0.231867700E+00
 0.240583943E+00 0.249359236E+00 0.258131302E+00 0.266830643E+00 0.275381625E+00
 0.283704490E+00 0.291718243E+00 0.299344077E+00 0.306508819E+00 0.313147792E+00
 0.319206670E+00 0.324642201E+00 0.329422033E+00 0.333524139E+00 0.336936395E+00
 0.204420837E+00 0.202862790E+00 0.198868753E+00 0.194117728E+00 0.189401594E+00
 0.184711787E+00 0.180047178E+00 0.175410165E+00 0.170803721E+00 0.166230921E+00
 0.161695211E+00 0.157200813E+00 0.152753111E+00 0.148359021E+00 0.144041351E+00
 0.139827175E+00 0.135745571E+00 0.131827373E+00 0.128104880E+00 0.124611516E+00
 0.121381432E+00 0.118449077E+00 0.115848724E+00 0.113613965E+00 0.111777183E+00
 0.110369017E+00 0.109417820E+00 0.108949135E+00 0.108985198E+00 0.109544480E+00
 0.110641288E+00 0.112285435E+00 0.114481987E+00 0.117231099E+00 0.120527947E+00
 0.124362751E+00 0.128720891E+00 0.133583118E+00 0.138925834E+00 0.144721348E+00
 0.150938898E+00 0.157541836E+00 0.164507089E+00 0.171811309E+00 0.179430072E+00
 0.187337179E+00 0.195504424E+00 0.203901188E+00 0.212493982E+00 0.221246015E+00
 0.230116819E+00 0.239062007E+00 0.248033238E+00 0.256978431E+00 0.265842272E+00
 0.274566935E+00 0.283092907E+00 0.291359684E+00 0.299306065E+00 0.306869864E+00
 0.313987034E+00 0.320590591E+00 0.326610205E+00 0.331973656E+00 0.336611180E+00
 0.205767591E+00 0.203999846E+00 0.199997961E+00 0.195244176E+00 0.190363768E+00
 0.185413108E+00 0.180422352E+00 0.175407510E+00 0.170378550E+00 0.165342721E+00
 0.160306177E+00 0.155274891E+00 0.150255195E+00 0.145262132E+00 0.140324124E+00
 0.135471823E+00 0.130738054E+00 0.126157648E+00 0.121767181E+00 0.117604650E+00
 0.113709071E+00 0.110120010E+00 0.106877064E+00 0.104019290E+00 0.101584594E+00
 0.996090977E-01 0.981264922E-01 0.971674009E-01 0.967587653E-01 0.969232743E-01
 0.976788565E-01 0.990382501E-01 0.101008670E+00 0.103591578E+00 0.106782575E+00
 0.110571407E+00 0.114942099E+00 0.119873196E+00 0.125338119E+00 0.131305607E+00
 0.137740267E+00 0.144603039E+00 0.151852425E+00 0.159441408E+00 0.167344821E+00
 0.175534811E+00 0.183983289E+00 0.192661344E+00 0.201539034E+00 0.210585208E+00
 0.219767383E+00 0.229051683E+00 0.238402851E+00 0.247784324E+00 0.257158285E+00
 0.266485605E+00 0.275725447E+00 0.284834273E+00 0.293763899E+00 0.302458234E+00
 0.310848473E+00 0.318847072E+00 0.326342130E+00 0.333196062E+00 0.339253949E+00
 0.207569800E+00 0.205764011E+00 0.201389190E+00 0.196252020E+00 0.191044992E+00
 0.185758604E+00 0.180403626E+00 0.174989956E+00 0.169525426E+00 0.164016584E+00
 0.158469418E+00 0.152889938E+00 0.147284708E+00 0.141679711E+00 0.136106228E+00
 0.130598186E+00 0.125192062E+00 0.119926710E+00 0.114843108E+00 0.109984026E+00
 0.105393600E+00 0.101116834E+00 0.971990255E-01 0.936851218E-01 0.906190230E-01
 0.880428459E-01 0.859961646E-01 0.845152500E-01 0.836323295E-01 0.833748910E-01
 0.837650547E-01 0.848190347E-01 0.865467122E-01 0.889513365E-01 0.920293666E-01
 0.957704626E-01 0.100157627E+00 0.105167495E+00 0.110770761E+00 0.116932729E+00
 0.123613964E+00 0.130771021E+00 0.138357231E+00 0.146323362E+00 0.154619059E+00
 0.163198886E+00 0.172037002E+00 0.181106987E+00 0.190383099E+00 0.199840300E+00
 0.209454302E+00 0.219201656E+00 0.229059864E+00 0.239007495E+00 0.249024219E+00
 0.259090613E+00 0.269187541E+00 0.279294727E+00 0.289387993E+00 0.299434216E+00
 0.309382471E+00 0.319148899E+00 0.328592593E+00 0.337486009E+00 0.345507455E+00
 0.209094657E+00 0.207210818E+00 0.202587250E+00 0.197070992E+00 0.191488435E+00
 0.185827443E+00 0.180081825E+00 0.174250968E+00 0.168336919E+00 0.162342919E+00
 0.156272813E+00 0.150130853E+00 0.143930212E+00 0.137701818E+00 0.131479640E+00
 0.125300696E+00 0.119204982E+00 0.113235318E+00 0.107437100E+00 0.101857956E+00
 0.965473062E-01 0.915558240E-01 0.869348045E-01 0.827354467E-01 0.790080643E-01
 0.758012395E-01 0.731609413E-01 0.711296317E-01 0.697453871E-01 0.690410631E-01
 0.690435325E-01 0.697730247E-01 0.712425928E-01 0.734577308E-01 0.764161601E-01
 0.801077946E-01 0.845148906E-01 0.896123800E-01 0.953683752E-01 0.101744832E+00
 0.108698349E+00 0.116181080E+00 0.124141732E+00 0.132526632E+00 0.141280885E+00
 0.150349484E+00 0.159676880E+00 0.169234785E+00 0.179001638E+00 0.188958429E+00
 0.199088824E+00 0.209379402E+00 0.219820002E+00 0.230404126E+00 0.241129388E+00
 0.251997922E+00 0.263016643E+00 0.274197178E+00 0.285555129E+00 0.297108081E+00
 0.308871044E+00 0.320845914E+00 0.332992415E+00 0.345118945E+00 0.356516432E+00
 0.210305095E+00 0.208311214E+00 0.203353869E+00 0.197562848E+00 0.191664494E+00
 0.185651034E+00 0.179519453E+00 0.173268660E+00 0.166899127E+00 0.160412365E+00
 0.153810531E+00 0.147096239E+00 0.140292684E+00 0.133432674E+00 0.126552521E+00
 0.119692058E+00 0.112894590E+00 0.106206753E+00 0.996782753E-01 0.933616350E-01
 0.873115956E-01 0.815846319E-01 0.762382403E-01 0.713301446E-01 0.669174088E-01
 0.630554750E-01 0.597971505E-01 0.571915703E-01 0.552831668E-01 0.541106821E-01
 0.537062567E-01 0.540946309E-01 0.552924911E-01 0.573079902E-01 0.601404646E-01
 0.637803644E-01 0.682094038E-01 0.734009322E-01 0.793205141E-01 0.859267041E-01
 0.931719892E-01 0.101003874E+00 0.109366071E+00 0.118199774E+00 0.127444961E+00
 0.137041703E+00 0.146931406E+00 0.157058379E+00 0.167387164E+00 0.177904497E+00
 0.188601285E+00 0.199473079E+00 0.210520711E+00 0.221751134E+00 0.233178504E+00
 0.244825544E+00 0.256725289E+00 0.268923339E+00 0.281480880E+00 0.294479062E+00
 0.308026127E+00 0.322271211E+00 0.337437433E+00 0.353919728E+00 0.371259309E+00
 0.211071277E+00 0.208924352E+00 0.203878815E+00 0.197848898E+00 0.191658659E+00
 0.185308358E+00 0.178798180E+00 0.172128985E+00 0.165301986E+00 0.158318431E+00
 0.151179449E+00 0.143890294E+00 0.136481457E+00 0.128987334E+00 0.121446274E+00
 0.113900631E+00 0.106396747E+00 0.989848450E-01 0.917188135E-01 0.846558649E-01
 0.778560596E-01 0.713816960E-01 0.652965643E-01 0.596650737E-01 0.545512647E-01
 0.500177260E-01 0.461244423E-01 0.429276032E-01 0.404784104E-01 0.388219225E-01
 0.379959807E-01 0.380302561E-01 0.389454598E-01 0.407527507E-01 0.434533698E-01
 0.470385232E-01 0.514895223E-01 0.567781842E-01 0.628674811E-01 0.697124200E-01
 0.772611244E-01 0.854560846E-01 0.942355383E-01 0.103534943E+00 0.113288501E+00
 0.123430706E+00 0.133897894E+00 0.144629798E+00 0.155571065E+00 0.166684307E+00
 0.177966246E+00 0.189419394E+00 0.201052894E+00 0.212883664E+00 0.224937951E+00
 0.237253414E+00 0.249881948E+00 0.262893529E+00 0.276381506E+00 0.290469950E+00
 0.305323872E+00 0.321163154E+00 0.338280497E+00 0.357065788E+00 0.376524859E+00
 0.211838946E+00 0.209552664E+00 0.204340353E+00 0.198075354E+00 0.191597357E+00
 0.184910765E+00 0.178019829E+00 0.170928934E+00 0.163641273E+00 0.156158385E+00
 0.148480165E+00 0.140620386E+00 0.132611159E+00 0.124488412E+00 0.116292258E+00
 0.108067219E+00 0.998623197E-01 0.917310509E-01 0.837311855E-01 0.759244506E-01
 0.683760427E-01 0.611539851E-01 0.543283264E-01 0.479701891E-01 0.421506794E-01
 0.369396800E-01 0.324045526E-01 0.286087861E-01 0.256106316E-01 0.234617684E-01
 0.222060536E-01 0.218784015E-01 0.225038426E-01 0.240968043E-01 0.266606495E-01
 0.301874982E-01 0.346583466E-01 0.400434876E-01 0.463032193E-01 0.533888228E-01
 0.612437744E-01 0.698051536E-01 0.790052013E-01 0.887729822E-01 0.990361038E-01
 0.109722455E+00 0.120761929E+00 0.132088109E+00 0.143639896E+00 0.155363083E+00
 0.167223908E+00 0.179229218E+00 0.191392814E+00 0.203736594E+00 0.216292133E+00
 0.229102856E+00 0.242227008E+00 0.255741708E+00 0.269748460E+00 0.284380561E+00
 0.299812704E+00 0.316272458E+00 0.334051265E+00 0.353507867E+00 0.374134632E+00
 0.212876123E+00 0.210485122E+00 0.204904985E+00 0.198401695E+00 0.191623139E+00
 0.184579699E+00 0.177289242E+00 0.169763857E+00 0.162009451E+00 0.154027236E+00
 0.145815035E+00 0.137394591E+00 0.128798169E+00 0.120062214E+00 0.111227830E+00
 0.102341086E+00 0.934531769E-01 0.846204136E-01 0.759040723E-01 0.673700680E-01
 0.590884582E-01 0.511327663E-01 0.435791262E-01 0.365052515E-01 0.299892437E-01
 0.241082589E-01 0.189370640E-01 0.145465194E-01 0.110020357E-01 0.836205438E-02
 0.667661119E-02 0.598603746E-02 0.631985668E-02 0.769592633E-02 0.101198678E-01
 0.135848155E-01 0.180715045E-01 0.235486988E-01 0.299739511E-01 0.372946679E-01
 0.454494431E-01 0.543696126E-01 0.639809773E-01 0.742056376E-01 0.849638848E-01
 0.961760978E-01 0.107764604E+00 0.119655466E+00 0.131780180E+00 0.144077273E+00
 0.156493802E+00 0.169004280E+00 0.181623537E+00 0.194373371E+00 0.207283654E+00
 0.220393909E+00 0.233755458E+00 0.247434386E+00 0.261515638E+00 0.276108865E+00
 0.291357143E+00 0.307450786E+00 0.324650336E+00 0.343322312E+00 0.363137989E+00
 0.213772501E+00 0.211160334E+00 0.205802927E+00 0.199073703E+00 0.191895571E+00
 0.184419158E+00 0.176684247E+00 0.168703043E+00 0.160476922E+00 0.152001819E+00
 0.143271374E+00 0.134311804E+00 0.125153861E+00 0.115833337E+00 0.106391465E+00
 0.968751849E-01 0.873372919E-01 0.778364307E-01 0.684369394E-01 0.592085179E-01
 0.502257120E-01 0.415672023E-01 0.333148938E-01 0.255528094E-01 0.183657981E-01
 0.118380789E-01 0.605165193E-02 0.108461734E-02-0.299054742E-02-0.610869386E-02
-0.821362912E-02-0.925959750E-02-0.921255299E-02-0.805116390E-02-0.576749984E-02
-0.236736367E-02 0.212975386E-02 0.769110259E-02 0.142714727E-01 0.218143379E-01
 0.302532988E-01 0.395137730E-01 0.495148685E-01 0.601713750E-01 0.713958071E-01
 0.831004371E-01 0.951992639E-01 0.107609875E+00 0.120255165E+00 0.133064900E+00
 0.145977111E+00 0.158939328E+00 0.171937315E+00 0.184989240E+00 0.198118220E+00
 0.211352881E+00 0.224728039E+00 0.238285510E+00 0.252075010E+00 0.266155218E+00
 0.280595221E+00 0.295477322E+00 0.310905341E+00 0.327042509E+00 0.343864599E+00
 0.216716653E+00 0.214455300E+00 0.207984508E+00 0.200243655E+00 0.192413847E+00
 0.184410722E+00 0.176199651E+00 0.167760376E+00 0.159076327E+00 0.150131519E+00
 0.140917852E+00 0.131458170E+00 0.121780985E+00 0.111920822E+00 0.101918506E+00
 0.918213753E-01 0.816833798E-01 0.715650654E-01 0.615334011E-01 0.516614353E-01
 0.420277589E-01 0.327157609E-01 0.238126673E-01 0.154083641E-01 0.759401238E-02
 0.460476499E-03-0.590340253E-02-0.114126454E-01-0.159880298E-01-0.195579793E-01
-0.220603759E-01-0.234442228E-01-0.236710853E-01-0.227162434E-01-0.205694990E-01
-0.172355937E-01-0.127342116E-01-0.709955895E-02-0.379533274E-03 0.736548757E-02
 0.160641874E-01 0.256361239E-01 0.359937390E-01 0.470444917E-01 0.586930360E-01
 0.708433724E-01 0.834009072E-01 0.962743647E-01 0.109377512E+00 0.122630667E+00
 0.135961971E+00 0.149308439E+00 0.162616799E+00 0.175886003E+00 0.189130622E+00
 0.202366131E+00 0.215608216E+00 0.228871473E+00 0.242167106E+00 0.255498830E+00
 0.268855366E+00 0.282195925E+00 0.295419867E+00 0.308300100E+00 0.320372697E+00
 0.218553973E+00 0.216316044E+00 0.209318205E+00 0.201106426E+00 0.192809340E+00
 0.184369377E+00 0.175744539E+00 0.166901506E+00 0.157812324E+00 0.148451798E+00
 0.138811156E+00 0.128909736E+00 0.118773752E+00 0.108436389E+00 0.979379473E-01
 0.873259718E-01 0.766553177E-01 0.659881118E-01 0.553935716E-01 0.449476518E-01
 0.347324923E-01 0.248356475E-01 0.153490829E-01 0.636793736E-02-0.201094388E-02
-0.969068399E-02-0.165762260E-01-0.225763148E-01-0.276055514E-01-0.315864515E-01
-0.344514319E-01-0.361446436E-01-0.366235737E-01-0.358603394E-01-0.338426116E-01
-0.305741191E-01-0.260747013E-01-0.203799017E-01-0.135401138E-01-0.561931286E-02
 0.330657220E-02 0.131515792E-01 0.238218450E-01 0.352178646E-01 0.472367894E-01
 0.597746829E-01 0.727286579E-01 0.859988316E-01 0.994900444E-01 0.113113303E+00
 0.126786916E+00 0.140437289E+00 0.153999365E+00 0.167425846E+00 0.180723304E+00
 0.193896213E+00 0.206945191E+00 0.219864751E+00 0.232640073E+00 0.245242194E+00
 0.257620877E+00 0.269694382E+00 0.281336347E+00 0.292364004E+00 0.302540636E+00
 0.219115093E+00 0.216784756E+00 0.209883158E+00 0.201460965E+00 0.192899314E+00
 0.184172908E+00 0.175249681E+00 0.166098232E+00 0.156688620E+00 0.146992098E+00
 0.137001965E+00 0.126735877E+00 0.116218849E+00 0.105483374E+00 0.945695698E-01
 0.835253078E-01 0.724062902E-01 0.612760195E-01 0.502056280E-01 0.392735307E-01
 0.285648707E-01 0.181707333E-01 0.818711416E-02-0.128636669E-02-0.101479974E-01
-0.182957358E-01-0.256291665E-01-0.320516061E-01-0.374722957E-01-0.418086079E-01
-0.449881857E-01-0.469509279E-01-0.476507334E-01-0.470569235E-01-0.451552719E-01
-0.419485878E-01-0.374568179E-01-0.317166560E-01-0.247806728E-01-0.167160011E-01
-0.760263569E-02 0.246857909E-02 0.133981869E-01 0.250804874E-01 0.374059400E-01
 0.502635128E-01 0.635428930E-01 0.771364867E-01 0.909411503E-01 0.104859606E+00
 0.118801503E+00 0.132684102E+00 0.146432534E+00 0.159979610E+00 0.173300594E+00
 0.186394752E+00 0.199254944E+00 0.211866074E+00 0.224202903E+00 0.236227230E+00
 0.247884582E+00 0.259100940E+00 0.269780711E+00 0.279808140E+00 0.289054680E+00
 0.219393922E+00 0.217009323E+00 0.209961554E+00 0.201417834E+00 0.192714826E+00
 0.183824909E+00 0.174717781E+00 0.165363067E+00 0.155731000E+00 0.145792212E+00
 0.135543805E+00 0.125003551E+00 0.114196557E+00 0.103155494E+00 0.919208218E-01
 0.805409947E-01 0.690725899E-01 0.575803235E-01 0.461369148E-01 0.348227631E-01
 0.237254050E-01 0.129387282E-01 0.256192330E-02-0.730183303E-02-0.165469593E-01
-0.250672959E-01-0.327581445E-01-0.395184709E-01-0.452532070E-01-0.498755777E-01
-0.533093638E-01-0.554910108E-01-0.563714911E-01-0.559178321E-01-0.541142351E-01
-0.509627261E-01-0.464833007E-01-0.407135502E-01-0.337077813E-01-0.255356668E-01
-0.162804895E-01-0.603705613E-02 0.509062336E-02 0.169917931E-01 0.295514424E-01
 0.426527340E-01 0.561792814E-01 0.700171994E-01 0.840568672E-01 0.981943588E-01
 0.112332510E+00 0.126381608E+00 0.140259697E+00 0.153892525E+00 0.167222056E+00
 0.180244853E+00 0.192951054E+00 0.205323279E+00 0.217335515E+00 0.228952054E+00
 0.240126677E+00 0.250802494E+00 0.260912981E+00 0.270384834E+00 0.279143021E+00
 0.219261088E+00 0.216826809E+00 0.209621614E+00 0.201050107E+00 0.192318560E+00
 0.183379718E+00 0.174198118E+00 0.164743567E+00 0.154988209E+00 0.144904480E+00
 0.134494349E+00 0.123777154E+00 0.112779153E+00 0.101533904E+00 0.900826331E-01
 0.784745561E-01 0.667670955E-01 0.550259660E-01 0.433250891E-01 0.317463059E-01
 0.203788566E-01 0.931860380E-02-0.133301910E-02-0.114703410E-01-0.209850637E-01
-0.297681320E-01-0.377118275E-01-0.447120389E-01-0.506706411E-01-0.554979050E-01
-0.591148496E-01-0.614554386E-01-0.624685275E-01-0.621194688E-01-0.603912967E-01
-0.572854280E-01-0.528218411E-01-0.470387160E-01-0.399915502E-01-0.317517879E-01
-0.224050253E-01-0.120488754E-01-0.790588086E-03 0.112554697E-01 0.239703685E-01
 0.372331035E-01 0.509229247E-01 0.649214314E-01 0.791143702E-01 0.933930933E-01
 0.107655651E+00 0.121807508E+00 0.135761895E+00 0.149439810E+00 0.162769722E+00
 0.175735735E+00 0.188328923E+00 0.200533376E+00 0.212326035E+00 0.223676707E+00
 0.234548403E+00 0.244898216E+00 0.254678911E+00 0.263841377E+00 0.272337905E+00
 0.218272527E+00 0.215709076E+00 0.208783738E+00 0.200392993E+00 0.191793618E+00
 0.182928589E+00 0.173773911E+00 0.164312006E+00 0.154523810E+00 0.144387289E+00
 0.133909933E+00 0.123113561E+00 0.112026096E+00 0.100682252E+00 0.891241174E-01
 0.774016113E-01 0.655728016E-01 0.537040584E-01 0.418700186E-01 0.301533326E-01
 0.186441673E-01 0.743944246E-02-0.335821608E-02-0.136418134E-01-0.233016079E-01
-0.322270003E-01-0.403086556E-01-0.474408058E-01-0.535236695E-01-0.584659057E-01
-0.621870123E-01-0.646195712E-01-0.657112418E-01-0.654264090E-01-0.637474056E-01
-0.606752432E-01-0.562298118E-01-0.504495321E-01-0.433904718E-01-0.351249666E-01
-0.257398093E-01-0.153340906E-01-0.401678969E-02 0.809577651E-02 0.208825408E-01
 0.342202046E-01 0.479855968E-01 0.620577943E-01 0.763199424E-01 0.906607336E-01
 0.104975519E+00 0.119167045E+00 0.133145826E+00 0.146830159E+00 0.160145825E+00
 0.173064741E+00 0.185579463E+00 0.197675992E+00 0.209334117E+00 0.220527932E+00
 0.231226628E+00 0.241395649E+00 0.250998280E+00 0.259997663E+00 0.268359164E+00
 0.216615906E+00 0.213679875E+00 0.207539502E+00 0.199737384E+00 0.191375345E+00
 0.182636798E+00 0.173560754E+00 0.164152065E+00 0.154401582E+00 0.144292379E+00
 0.133835268E+00 0.123053835E+00 0.111977140E+00 0.100640656E+00 0.890869815E-01
 0.773663863E-01 0.655371800E-01 0.536659031E-01 0.418273164E-01 0.301041655E-01
 0.185866978E-01 0.737190883E-02-0.343749694E-02-0.137344368E-01-0.234090681E-01
-0.323506738E-01-0.404497829E-01-0.476004728E-01-0.537027892E-01-0.586652023E-01
-0.624070082E-01-0.648605790E-01-0.659733605E-01-0.657095276E-01-0.640512122E-01
-0.609992423E-01-0.565733482E-01-0.508118216E-01-0.437706391E-01-0.355220888E-01
-0.261529648E-01-0.157624121E-01-0.445952148E-02 0.763921908E-02 0.204125095E-01
 0.337367553E-01 0.474884259E-01 0.615461757E-01 0.757926661E-01 0.901160478E-01
 0.104411079E+00 0.118579872E+00 0.132532288E+00 0.146185990E+00 0.159466233E+00
 0.172341607E+00 0.184804947E+00 0.196842784E+00 0.208435809E+00 0.219559511E+00
 0.230185076E+00 0.240280586E+00 0.249812564E+00 0.258747831E+00 0.267055595E+00
 0.217268695E+00 0.214636674E+00 0.207879834E+00 0.199740474E+00 0.191341352E+00
 0.182645928E+00 0.173641484E+00 0.164317164E+00 0.154658487E+00 0.144646773E+00
 0.134290964E+00 0.123614282E+00 0.112645637E+00 0.101420406E+00 0.899810703E-01
 0.783777165E-01 0.666683741E-01 0.549191886E-01 0.432043978E-01 0.316060908E-01
 0.202137224E-01 0.912336289E-02-0.156333218E-02-0.117404394E-01-0.212993660E-01
-0.301307112E-01-0.381263560E-01-0.451817317E-01-0.511982017E-01-0.560854777E-01
-0.597639806E-01-0.621670508E-01-0.632429107E-01-0.629562879E-01-0.612896199E-01
-0.582437760E-01-0.538382571E-01-0.481108570E-01-0.411167969E-01-0.329273730E-01
-0.236281772E-01-0.133169753E-01-0.210133833E-02 0.990386883E-02 0.225790345E-01
 0.358022829E-01 0.494518008E-01 0.634079310E-01 0.775549724E-01 0.917826441E-01
 0.105987190E+00 0.120072112E+00 0.133948544E+00 0.147535268E+00 0.160758361E+00
 0.173592586E+00 0.186029611E+00 0.198054696E+00 0.209647025E+00 0.220780209E+00
 0.231423052E+00 0.241540702E+00 0.251096210E+00 0.260052541E+00 0.268374915E+00
 0.217368572E+00 0.214811308E+00 0.208087307E+00 0.199918131E+00 0.191528153E+00
 0.182893104E+00 0.173988617E+00 0.164792867E+00 0.155284427E+00 0.145440865E+00
 0.135266027E+00 0.124781488E+00 0.114015107E+00 0.103001515E+00 0.917825589E-01
 0.804076682E-01 0.689341092E-01 0.574270938E-01 0.459597143E-01 0.346126754E-01
 0.234737948E-01 0.126372515E-01 0.220256505E-02-0.772669938E-02-0.170444955E-01
-0.256441115E-01-0.334202031E-01-0.402709953E-01-0.461005899E-01-0.508213019E-01
-0.543559385E-01-0.566399292E-01-0.576232127E-01-0.572717946E-01-0.555688984E-01
-0.525156497E-01-0.481312551E-01-0.424526612E-01-0.355337059E-01-0.274437982E-01
-0.182661869E-01-0.809589761E-02 0.296256981E-02 0.147976819E-01 0.272933492E-01
 0.403313428E-01 0.537935612E-01 0.675640722E-01 0.815308704E-01 0.955873074E-01
 0.109633170E+00 0.123575402E+00 0.137328481E+00 0.150814520E+00 0.163963219E+00
 0.176763335E+00 0.189204062E+00 0.201268042E+00 0.212931075E+00 0.224162063E+00
 0.234923314E+00 0.245171381E+00 0.254858630E+00 0.263935657E+00 0.272354528E+00
 0.217443879E+00 0.214988433E+00 0.208111893E+00 0.200023694E+00 0.191746336E+00
 0.183252407E+00 0.174518172E+00 0.165519638E+00 0.156232924E+00 0.146634009E+00
 0.136721164E+00 0.126514545E+00 0.116040994E+00 0.105334322E+00 0.944355831E-01
 0.833933155E-01 0.722636956E-01 0.611105755E-01 0.500053680E-01 0.390267440E-01
 0.282601170E-01 0.177968899E-01 0.773345047E-02-0.183009158E-02-0.107914202E-01
-0.190477623E-01-0.264978392E-01-0.330439723E-01-0.385942833E-01-0.430649156E-01
-0.463821950E-01-0.484846430E-01-0.493247552E-01-0.488704625E-01-0.471062031E-01
-0.440335502E-01-0.396713591E-01-0.340554200E-01-0.272376299E-01-0.192847160E-01
-0.102765699E-01-0.304265363E-03 0.105321517E-01 0.221260075E-01 0.343663822E-01
 0.471404354E-01 0.603355933E-01 0.738415231E-01 0.875518348E-01 0.101365467E+00
 0.115187719E+00 0.128930908E+00 0.142514618E+00 0.155865471E+00 0.168935081E+00
 0.181718114E+00 0.194202818E+00 0.206370118E+00 0.218192571E+00 0.229633300E+00
 0.240645178E+00 0.251170644E+00 0.261142721E+00 0.270487833E+00 0.279130791E+00
 0.216826760E+00 0.214434533E+00 0.207895629E+00 0.199978172E+00 0.191898569E+00
 0.183632460E+00 0.175152166E+00 0.166431308E+00 0.157445152E+00 0.148170100E+00
 0.138599341E+00 0.128752655E+00 0.118656565E+00 0.108344475E+00 0.978568361E-01
 0.872412981E-01 0.765527919E-01 0.658535142E-01 0.552127716E-01 0.447066529E-01
 0.344175034E-01 0.244331790E-01 0.148460661E-01 0.575186334E-02-0.275186898E-02
-0.105673740E-01-0.175985451E-01-0.237529110E-01-0.289437006E-01-0.330919197E-01
-0.361283647E-01-0.379954893E-01-0.386490475E-01-0.380594336E-01-0.362126572E-01
-0.331108987E-01-0.287726163E-01-0.232321909E-01-0.165391211E-01-0.875680088E-02
 0.390674470E-04 0.976235694E-02 0.203186148E-01 0.316072897E-01 0.435239990E-01
 0.559627498E-01 0.688180360E-01 0.819867434E-01 0.953698056E-01 0.108873570E+00
 0.122410841E+00 0.135901591E+00 0.149273348E+00 0.162461321E+00 0.175451409E+00
 0.188239562E+00 0.200816038E+00 0.213163619E+00 0.225255325E+00 0.237051561E+00
 0.248496798E+00 0.259516307E+00 0.270014129E+00 0.279874465E+00 0.288968962E+00
 0.216009580E+00 0.213696506E+00 0.207336539E+00 0.199675904E+00 0.191901398E+00
 0.183966426E+00 0.175833597E+00 0.167474850E+00 0.158867507E+00 0.149991516E+00
 0.140836593E+00 0.131423699E+00 0.121780070E+00 0.111939344E+00 0.101941718E+00
 0.918340711E-01 0.816700239E-01 0.715099026E-01 0.614205625E-01 0.514750516E-01
 0.417520885E-01 0.323353338E-01 0.233124478E-01 0.147739288E-01 0.681174208E-02
-0.482244322E-03-0.701798375E-02-0.127090947E-01-0.174747695E-01-0.212416851E-01
-0.239458461E-01-0.255342860E-01-0.259665540E-01-0.252159194E-01-0.232702339E-01
-0.201324084E-01-0.158204732E-01-0.103672149E-01-0.381939935E-02 0.376339044E-02
 0.123102512E-01 0.217407315E-01 0.319668054E-01 0.428949701E-01 0.544283868E-01
 0.664689894E-01 0.789194905E-01 0.916852223E-01 0.104675762E+00 0.117806294E+00
 0.130998684E+00 0.144182200E+00 0.157293863E+00 0.170301941E+00 0.183210556E+00
 0.196021574E+00 0.208733165E+00 0.221337650E+00 0.233818309E+00 0.246144595E+00
 0.258265052E+00 0.270097166E+00 0.281514360E+00 0.292334326E+00 0.302321452E+00
 0.214671820E+00 0.212397603E+00 0.206164757E+00 0.198996635E+00 0.191714255E+00
 0.184239387E+00 0.176547862E+00 0.168626175E+00 0.160463087E+00 0.152047603E+00
 0.143368958E+00 0.134450371E+00 0.125320559E+00 0.116013874E+00 0.106570497E+00
 0.970365862E-01 0.874643591E-01 0.779120540E-01 0.684437600E-01 0.591290868E-01
 0.500426567E-01 0.412634071E-01 0.328736948E-01 0.249582033E-01 0.176026625E-01
 0.108923987E-01 0.491074617E-02-0.262641205E-03-0.455352829E-02-0.789482917E-02
-0.102282669E-01-0.115058962E-01-0.116914249E-01-0.107612722E-01-0.870531447E-02
-0.552727711E-02-0.124474942E-02 0.411118596E-02 0.104966985E-01 0.178563036E-01
 0.261242620E-01 0.352262314E-01 0.450811044E-01 0.556029674E-01 0.667031084E-01
 0.782920106E-01 0.902812694E-01 0.102585384E+00 0.115123381E+00 0.127820239E+00
 0.140608090E+00 0.153427166E+00 0.166233133E+00 0.179034832E+00 0.191843271E+00
 0.204670930E+00 0.217530864E+00 0.230435312E+00 0.243393349E+00 0.256406786E+00
 0.269462698E+00 0.282519031E+00 0.295474544E+00 0.308102886E+00 0.319943323E+00
 0.212019563E+00 0.209506869E+00 0.204446763E+00 0.198182611E+00 0.191514357E+00
 0.184555930E+00 0.177345198E+00 0.169895910E+00 0.162211961E+00 0.154292259E+00
 0.146132712E+00 0.137752017E+00 0.129180940E+00 0.120454712E+00 0.111613459E+00
 0.102702470E+00 0.937723292E-01 0.848789040E-01 0.760831899E-01 0.674509928E-01
 0.590524438E-01 0.509613389E-01 0.432542976E-01 0.360097471E-01 0.293067402E-01
 0.232236280E-01 0.178366150E-01 0.132182335E-01 0.943578312E-02 0.654978605E-02
 0.461251611E-02 0.366665788E-02 0.374415408E-02 0.486529292E-02 0.703807992E-02
 0.102579280E-01 0.145076861E-01 0.197580123E-01 0.259680826E-01 0.330866107E-01
 0.410531432E-01 0.497995819E-01 0.592518798E-01 0.693318522E-01 0.799590441E-01
 0.910526008E-01 0.102533093E+00 0.114324258E+00 0.126354633E+00 0.138559073E+00
 0.150880137E+00 0.163269400E+00 0.175731269E+00 0.188280834E+00 0.200938361E+00
 0.213729839E+00 0.226687624E+00 0.239851185E+00 0.253267941E+00 0.266994267E+00
 0.281096871E+00 0.295655535E+00 0.310771313E+00 0.326604040E+00 0.343127981E+00
 0.211230658E+00 0.208928762E+00 0.203925753E+00 0.197887522E+00 0.191593888E+00
 0.185055295E+00 0.178285991E+00 0.171297018E+00 0.164095087E+00 0.156683395E+00
 0.149062547E+00 0.141243856E+00 0.133258820E+00 0.125142676E+00 0.116934870E+00
 0.108679331E+00 0.100424592E+00 0.922237720E-01 0.841344178E-01 0.762181910E-01
 0.685404047E-01 0.611694004E-01 0.541757644E-01 0.476313914E-01 0.416084051E-01
 0.361779562E-01 0.314089236E-01 0.273665535E-01 0.241110762E-01 0.216963469E-01
 0.201685605E-01 0.195650895E-01 0.199134945E-01 0.212307530E-01 0.235227416E-01
 0.267840024E-01 0.309978085E-01 0.361365335E-01 0.421623165E-01 0.490280028E-01
 0.566783274E-01 0.650513022E-01 0.740797612E-01 0.836930151E-01 0.938185662E-01
 0.104383841E+00 0.115317900E+00 0.126553101E+00 0.138026702E+00 0.149682416E+00
 0.161471897E+00 0.173391338E+00 0.185453410E+00 0.197677734E+00 0.210092054E+00
 0.222733802E+00 0.235652231E+00 0.248911314E+00 0.262593757E+00 0.276806727E+00
 0.291690412E+00 0.307431611E+00 0.324286411E+00 0.342615549E+00 0.362091310E+00
 0.210720356E+00 0.208581842E+00 0.203690308E+00 0.197892597E+00 0.191903125E+00
 0.185720835E+00 0.179350291E+00 0.172796606E+00 0.166064416E+00 0.159157486E+00
 0.152078794E+00 0.144831241E+00 0.137444930E+00 0.129953866E+00 0.122395992E+00
 0.114813272E+00 0.107251708E+00 0.997612723E-01 0.923957224E-01 0.852122853E-01
 0.782712091E-01 0.716351761E-01 0.653685770E-01 0.595366539E-01 0.542045240E-01
 0.494361019E-01 0.452929447E-01 0.418330519E-01 0.391096541E-01 0.371700328E-01
 0.360544115E-01 0.357949635E-01 0.364149756E-01 0.379282064E-01 0.403384702E-01
 0.436394684E-01 0.478148834E-01 0.528387362E-01 0.586760014E-01 0.652834608E-01
 0.726107696E-01 0.806017025E-01 0.891955396E-01 0.983285547E-01 0.107935565E+00
 0.117951506E+00 0.128312998E+00 0.138959871E+00 0.149836619E+00 0.160894085E+00
 0.172122992E+00 0.183528634E+00 0.195123326E+00 0.206927517E+00 0.218971353E+00
 0.231296826E+00 0.243960699E+00 0.257038502E+00 0.270629956E+00 0.284866237E+00
 0.299919387E+00 0.316013492E+00 0.333435297E+00 0.352537305E+00 0.372813437E+00
 0.210123635E+00 0.208122353E+00 0.203537333E+00 0.197991151E+00 0.192292537E+00
 0.186445981E+00 0.180453306E+00 0.174317229E+00 0.168041084E+00 0.161628516E+00
 0.155083259E+00 0.148408962E+00 0.141624289E+00 0.134762099E+00 0.127858553E+00
 0.120953273E+00 0.114089367E+00 0.107313340E+00 0.100674893E+00 0.942266078E-01
 0.880235162E-01 0.821225491E-01 0.765818676E-01 0.714600851E-01 0.668153911E-01
 0.627045937E-01 0.591821037E-01 0.562988862E-01 0.541014130E-01 0.526306485E-01
 0.519211058E-01 0.520000094E-01 0.528865987E-01 0.545916021E-01 0.571169082E-01
 0.604554520E-01 0.645913247E-01 0.695001120E-01 0.751494498E-01 0.814997857E-01
 0.885053217E-01 0.961151110E-01 0.104274279E+00 0.112925335E+00 0.122009546E+00
 0.131468349E+00 0.141244790E+00 0.151284925E+00 0.161538029E+00 0.171992872E+00
 0.182645296E+00 0.193497055E+00 0.204556598E+00 0.215840193E+00 0.227373447E+00
 0.239193372E+00 0.251351180E+00 0.263916084E+00 0.276980542E+00 0.290667528E+00
 0.305140632E+00 0.320617736E+00 0.337388300E+00 0.355835950E+00 0.374969561E+00
 0.209621131E+00 0.207779254E+00 0.203347239E+00 0.198042080E+00 0.192632977E+00
 0.187116908E+00 0.181493493E+00 0.175764455E+00 0.169933090E+00 0.164003724E+00
 0.157981378E+00 0.151871695E+00 0.145682289E+00 0.139443508E+00 0.133188997E+00
 0.126955565E+00 0.120783081E+00 0.114714319E+00 0.108794736E+00 0.103072149E+00
 0.975963209E-01 0.924184494E-01 0.875905515E-01 0.831647634E-01 0.791925595E-01
 0.757239101E-01 0.728063945E-01 0.704842958E-01 0.687977028E-01 0.677816493E-01
 0.674653190E-01 0.678713477E-01 0.690152501E-01 0.709049943E-01 0.735407468E-01
 0.769147989E-01 0.810116840E-01 0.858084856E-01 0.912753282E-01 0.973760388E-01
 0.104068961E+00 0.111307896E+00 0.119043150E+00 0.127222652E+00 0.135793124E+00
 0.144701256E+00 0.153895180E+00 0.163329756E+00 0.172988997E+00 0.182860006E+00
 0.192933941E+00 0.203206566E+00 0.213678924E+00 0.224358195E+00 0.235258772E+00
 0.246403627E+00 0.257826045E+00 0.269571861E+00 0.281702497E+00 0.294299375E+00
 0.307471177E+00 0.321367976E+00 0.336215295E+00 0.352415477E+00 0.369520560E+00
 0.208913886E+00 0.207217152E+00 0.202958948E+00 0.197916658E+00 0.192812103E+00
 0.187631880E+00 0.182374774E+00 0.177044422E+00 0.171646325E+00 0.166186662E+00
 0.160671963E+00 0.155109109E+00 0.149505418E+00 0.143879216E+00 0.138261864E+00
 0.132687304E+00 0.127192030E+00 0.121814959E+00 0.116597217E+00 0.111581836E+00
 0.106813362E+00 0.102337377E+00 0.981999486E-01 0.944469948E-01 0.911235987E-01
 0.882732700E-01 0.859371801E-01 0.841533864E-01 0.829560715E-01 0.823748192E-01
 0.824339534E-01 0.831519627E-01 0.845410340E-01 0.866067132E-01 0.893477086E-01
 0.927558478E-01 0.968161913E-01 0.101507303E+00 0.106801672E+00 0.112666266E+00
 0.119063217E+00 0.125950597E+00 0.133283290E+00 0.141013933E+00 0.149093906E+00
 0.157473156E+00 0.166119579E+00 0.175010843E+00 0.184126881E+00 0.193449916E+00
 0.202964716E+00 0.212658919E+00 0.222523424E+00 0.232552832E+00 0.242745902E+00
 0.253105958E+00 0.263641138E+00 0.274364309E+00 0.285292337E+00 0.296444123E+00
 0.307836148E+00 0.319472112E+00 0.331314104E+00 0.343172849E+00 0.354337138E+00
 0.207687181E+00 0.206058306E+00 0.202189302E+00 0.197523229E+00 0.192761109E+00
 0.187919254E+00 0.183018083E+00 0.178071982E+00 0.173091495E+00 0.168085226E+00
 0.163060983E+00 0.158026509E+00 0.152990025E+00 0.147960709E+00 0.142963792E+00
 0.138029995E+00 0.133192216E+00 0.128485399E+00 0.123946319E+00 0.119613280E+00
 0.115525746E+00 0.111723901E+00 0.108248142E+00 0.105138519E+00 0.102434131E+00
 0.100172487E+00 0.983888479E-01 0.971155743E-01 0.963814840E-01 0.962112531E-01
 0.966248720E-01 0.976371778E-01 0.992574796E-01 0.101489292E+00 0.104330184E+00
 0.107771761E+00 0.111799762E+00 0.116394293E+00 0.121530176E+00 0.127177389E+00
 0.133301625E+00 0.139864885E+00 0.146826131E+00 0.154142049E+00 0.161772107E+00
 0.169692309E+00 0.177877233E+00 0.186302123E+00 0.194942891E+00 0.203776128E+00
 0.212779195E+00 0.221930349E+00 0.231208901E+00 0.240595359E+00 0.250071459E+00
 0.259619959E+00 0.269223976E+00 0.278865502E+00 0.288522570E+00 0.298164136E+00
 0.307741135E+00 0.317171232E+00 0.326314494E+00 0.334943437E+00 0.342735240E+00
 0.206648635E+00 0.205214395E+00 0.201498259E+00 0.197027894E+00 0.192501462E+00
 0.187935055E+00 0.183350846E+00 0.178762499E+00 0.174179335E+00 0.169608705E+00
 0.165057296E+00 0.160531943E+00 0.156040164E+00 0.151590548E+00 0.147195318E+00
 0.142881606E+00 0.138678548E+00 0.134617087E+00 0.130729714E+00 0.127050165E+00
 0.123613050E+00 0.120453451E+00 0.117606457E+00 0.115106668E+00 0.112987667E+00
 0.111281471E+00 0.110017978E+00 0.109224415E+00 0.108924811E+00 0.109139504E+00
 0.109884704E+00 0.111172119E+00 0.113008661E+00 0.115396240E+00 0.118331653E+00
 0.121806577E+00 0.125807658E+00 0.130316702E+00 0.135310971E+00 0.140763460E+00
 0.146643468E+00 0.152916902E+00 0.159546480E+00 0.166511087E+00 0.173785690E+00
 0.181345012E+00 0.189162932E+00 0.197212393E+00 0.205465289E+00 0.213892363E+00
 0.222463151E+00 0.231145991E+00 0.239908094E+00 0.248715656E+00 0.257533918E+00
 0.266327070E+00 0.275057777E+00 0.283686050E+00 0.292167134E+00 0.300448042E+00
 0.308462546E+00 0.316124945E+00 0.323324281E+00 0.329922900E+00 0.335764819E+00
 0.205673037E+00 0.204462309E+00 0.200795364E+00 0.196315491E+00 0.191908936E+00
 0.187559150E+00 0.183260042E+00 0.179010578E+00 0.174811691E+00 0.170665368E+00
 0.166574603E+00 0.162543591E+00 0.158577941E+00 0.154684861E+00 0.150873299E+00
 0.147158679E+00 0.143566545E+00 0.140124024E+00 0.136859557E+00 0.133802588E+00
 0.130983209E+00 0.128431777E+00 0.126178495E+00 0.124252980E+00 0.122683802E+00
 0.121498022E+00 0.120720732E+00 0.120374600E+00 0.120479437E+00 0.121051812E+00
 0.122104702E+00 0.123647208E+00 0.125684332E+00 0.128216819E+00 0.131241082E+00
 0.134749230E+00 0.138729102E+00 0.143164373E+00 0.148035259E+00 0.153317402E+00
 0.158984472E+00 0.165020536E+00 0.171405384E+00 0.178118074E+00 0.185136010E+00
 0.192434824E+00 0.199988046E+00 0.207766760E+00 0.215739232E+00 0.223870565E+00
 0.232122438E+00 0.240452973E+00 0.248816816E+00 0.257165441E+00 0.265447703E+00
 0.273610534E+00 0.281599646E+00 0.289359990E+00 0.296835727E+00 0.303969551E+00
 0.310701413E+00 0.316967107E+00 0.322697627E+00 0.327820546E+00 0.332264442E+00
 0.203885269E+00 0.202770708E+00 0.199249575E+00 0.194913877E+00 0.190694928E+00
 0.186590634E+00 0.182592422E+00 0.178692611E+00 0.174885292E+00 0.171166701E+00
 0.167535367E+00 0.163992165E+00 0.160540300E+00 0.157185263E+00 0.153934785E+00
 0.150798817E+00 0.147793851E+00 0.144943513E+00 0.142272564E+00 0.139806554E+00
 0.137571476E+00 0.135593402E+00 0.133898115E+00 0.132510733E+00 0.131455321E+00
 0.130754513E+00 0.130429137E+00 0.130497850E+00 0.130976794E+00 0.131879292E+00
 0.133215587E+00 0.134992659E+00 0.137214097E+00 0.139879899E+00 0.142986420E+00
 0.146526730E+00 0.150490355E+00 0.154861454E+00 0.159628407E+00 0.164781044E+00
 0.170306133E+00 0.176189592E+00 0.182415675E+00 0.188966846E+00 0.195823396E+00
 0.202962973E+00 0.210359998E+00 0.217984984E+00 0.225803777E+00 0.233776775E+00
 0.241858230E+00 0.249995756E+00 0.258130244E+00 0.266196362E+00 0.274123837E+00
 0.281839547E+00 0.289270289E+00 0.296345830E+00 0.303001731E+00 0.309181421E+00
 0.314837236E+00 0.319930461E+00 0.324430700E+00 0.328315184E+00 0.331568581E+00
 0.201357300E+00 0.200327035E+00 0.196802613E+00 0.192636195E+00 0.188660630E+00
 0.184856451E+00 0.181207093E+00 0.177696386E+00 0.174310914E+00 0.171040998E+00
 0.167880865E+00 0.164828417E+00 0.161884865E+00 0.159054364E+00 0.156343706E+00
 0.153762086E+00 0.151320947E+00 0.149036132E+00 0.146929317E+00 0.145022675E+00
 0.143338593E+00 0.141899324E+00 0.140726695E+00 0.139841796E+00 0.139264664E+00
 0.139013984E+00 0.139106820E+00 0.139558330E+00 0.140381486E+00 0.141586808E+00
 0.143182169E+00 0.145172754E+00 0.147561471E+00 0.150348034E+00 0.153527894E+00
 0.157096624E+00 0.161052667E+00 0.165391291E+00 0.170106565E+00 0.175191690E+00
 0.180638603E+00 0.186437958E+00 0.192578853E+00 0.199048476E+00 0.205831591E+00
 0.212909855E+00 0.220260931E+00 0.227857383E+00 0.235665340E+00 0.243642972E+00
 0.251738865E+00 0.259890515E+00 0.268023301E+00 0.276050495E+00 0.283874993E+00
 0.291393308E+00 0.298501873E+00 0.305104824E+00 0.311121700E+00 0.316493445E+00
 0.321185598E+00 0.325188345E+00 0.328513586E+00 0.331189702E+00 0.333255229E+00
 0.197557958E+00 0.196500185E+00 0.193200406E+00 0.189278390E+00 0.185629289E+00
 0.182215689E+00 0.178998537E+00 0.175946029E+00 0.173035109E+00 0.170250706E+00
 0.167584336E+00 0.165032748E+00 0.162596821E+00 0.160280733E+00 0.158091352E+00
 0.156037830E+00 0.154131326E+00 0.152384869E+00 0.150812711E+00 0.149434057E+00
 0.148268257E+00 0.147334113E+00 0.146649900E+00 0.146233111E+00 0.146100137E+00
 0.146266066E+00 0.146744615E+00 0.147547968E+00 0.148686460E+00 0.150168241E+00
 0.151998796E+00 0.154180091E+00 0.156717736E+00 0.159615189E+00 0.162873899E+00
 0.166494345E+00 0.170476606E+00 0.174819969E+00 0.179523005E+00 0.184583619E+00
 0.189998968E+00 0.195765324E+00 0.201877828E+00 0.208330101E+00 0.215113684E+00
 0.222217230E+00 0.229625401E+00 0.237317364E+00 0.245264803E+00 0.253429347E+00
 0.261759362E+00 0.270186183E+00 0.278620168E+00 0.286947565E+00 0.295030172E+00
 0.302710610E+00 0.309825300E+00 0.316223596E+00 0.321787219E+00 0.326443979E+00
 0.330173817E+00 0.333007986E+00 0.335021672E+00 0.336319671E+00 0.337017167E+00
 0.192332873E+00 0.191176273E+00 0.188064935E+00 0.184546303E+00 0.181419719E+00
 0.178572378E+00 0.175925764E+00 0.173432513E+00 0.171065730E+00 0.168811472E+00
 0.166664136E+00 0.164623667E+00 0.162693836E+00 0.160881157E+00 0.159194193E+00
 0.157643108E+00 0.156239366E+00 0.154995552E+00 0.153925236E+00 0.153043042E+00
 0.152363913E+00 0.151902559E+00 0.151674106E+00 0.151693022E+00 0.151972296E+00
 0.152523200E+00 0.153356321E+00 0.154481652E+00 0.155907854E+00 0.157642260E+00
 0.159690937E+00 0.162058939E+00 0.164751098E+00 0.167771697E+00 0.171124449E+00
 0.174812676E+00 0.178839498E+00 0.183207887E+00 0.187920741E+00 0.192980916E+00
 0.198391227E+00 0.204154380E+00 0.210272830E+00 0.216748509E+00 0.223582400E+00
 0.230773847E+00 0.238319522E+00 0.246211874E+00 0.254436834E+00 0.262970466E+00
 0.271774101E+00 0.280787362E+00 0.289918382E+00 0.299030871E+00 0.307929995E+00
 0.316356523E+00 0.324009444E+00 0.330605634E+00 0.335940574E+00 0.339912539E+00
 0.342521458E+00 0.343865718E+00 0.344137724E+00 0.343597499E+00 0.342511174E+00
 0.184780758E+00 0.183224560E+00 0.180602787E+00 0.178130265E+00 0.175990501E+00
 0.173997929E+00 0.172096083E+00 0.170265577E+00 0.168502063E+00 0.166808447E+00
 0.165191545E+00 0.163660441E+00 0.162225592E+00 0.160898319E+00 0.159690496E+00
 0.158614361E+00 0.157682384E+00 0.156907184E+00 0.156301445E+00 0.155877823E+00
 0.155648768E+00 0.155626354E+00 0.155822195E+00 0.156247222E+00 0.156911481E+00
 0.157824098E+00 0.158993408E+00 0.160427034E+00 0.162131869E+00 0.164114140E+00
 0.166379526E+00 0.168933348E+00 0.171780798E+00 0.174927056E+00 0.178377413E+00
 0.182137404E+00 0.186212953E+00 0.190610498E+00 0.195337113E+00 0.200400620E+00
 0.205809694E+00 0.211573958E+00 0.217704047E+00 0.224211635E+00 0.231109375E+00
 0.238410698E+00 0.246129366E+00 0.254278616E+00 0.262869623E+00 0.271908857E+00
 0.281393631E+00 0.291304644E+00 0.301593202E+00 0.312157923E+00 0.322797159E+00
 0.333104318E+00 0.342357577E+00 0.349844947E+00 0.355242482E+00 0.358467540E+00
 0.359554295E+00 0.358654014E+00 0.356127808E+00 0.352675074E+00 0.349031017E+00
 0.174428200E+00 0.171669292E+00 0.171085926E+00 0.170725533E+00 0.169942978E+00
 0.168953322E+00 0.167855199E+00 0.166704800E+00 0.165540387E+00 0.164391313E+00
 0.163281857E+00 0.162233078E+00 0.161263790E+00 0.160391130E+00 0.159630914E+00
 0.158997857E+00 0.158505725E+00 0.158167421E+00 0.157995039E+00 0.157999882E+00
 0.158192451E+00 0.158582430E+00 0.159178672E+00 0.159989194E+00 0.161021186E+00
 0.162281075E+00 0.163774637E+00 0.165507126E+00 0.167483414E+00 0.169708149E+00
 0.172185937E+00 0.174921547E+00 0.177920107E+00 0.181187291E+00 0.184729491E+00
 0.188553980E+00 0.192669071E+00 0.197084278E+00 0.201810486E+00 0.206860147E+00
 0.212247503E+00 0.217988872E+00 0.224102992E+00 0.230611448E+00 0.237539188E+00
 0.244915126E+00 0.252772817E+00 0.261151145E+00 0.270094902E+00 0.279655032E+00
 0.289888187E+00 0.300855101E+00 0.312617593E+00 0.325235679E+00 0.338774153E+00
 0.353373151E+00 0.366381159E+00 0.375330207E+00 0.380815958E+00 0.383158221E+00
 0.382101014E+00 0.377918155E+00 0.370233462E+00 0.361475140E+00 0.354664596E+00
 0.167197741E+00 0.164051538E+00 0.163939821E+00 0.164390464E+00 0.164415989E+00
 0.164142417E+00 0.163670097E+00 0.163074464E+00 0.162412736E+00 0.161729598E+00
 0.161061026E+00 0.160436769E+00 0.159881978E+00 0.159418294E+00 0.159064582E+00
 0.158837436E+00 0.158751509E+00 0.158819738E+00 0.159053496E+00 0.159462698E+00
 0.160055890E+00 0.160840334E+00 0.161822100E+00 0.163006186E+00 0.164396646E+00
 0.165996768E+00 0.167809269E+00 0.169836518E+00 0.172080779E+00 0.174544469E+00
 0.177230422E+00 0.180142150E+00 0.183284096E+00 0.186661865E+00 0.190282423E+00
 0.194154274E+00 0.198287626E+00 0.202694544E+00 0.207389132E+00 0.212387749E+00
 0.217709317E+00 0.223375731E+00 0.229412439E+00 0.235849235E+00 0.242721343E+00
 0.250070873E+00 0.257948780E+00 0.266417463E+00 0.275554193E+00 0.285455521E+00
 0.296242735E+00 0.308068068E+00 0.321120753E+00 0.335631900E+00 0.351880415E+00
 0.369002622E+00 0.382081735E+00 0.390975144E+00 0.395885288E+00 0.396668207E+00
 0.393478795E+00 0.385819346E+00 0.374473688E+00 0.364552705E+00 0.356409749E+00
 0.162252470E+00 0.158905014E+00 0.158896041E+00 0.159553812E+00 0.159884807E+00
 0.159958540E+00 0.159842937E+00 0.159600778E+00 0.159286712E+00 0.158946981E+00
 0.158620327E+00 0.158339237E+00 0.158131134E+00 0.158019355E+00 0.158023887E+00
 0.158161869E+00 0.158447929E+00 0.158894390E+00 0.159511419E+00 0.160307138E+00
 0.161287746E+00 0.162457664E+00 0.163819707E+00 0.165375296E+00 0.167124706E+00
 0.169067339E+00 0.171202039E+00 0.173527422E+00 0.176042242E+00 0.178745764E+00
 0.181638142E+00 0.184720790E+00 0.187996719E+00 0.191470820E+00 0.195150094E+00
 0.199043811E+00 0.203163624E+00 0.207523650E+00 0.212140555E+00 0.217033701E+00
 0.222225380E+00 0.227741219E+00 0.233610804E+00 0.239868611E+00 0.246555353E+00
 0.253719904E+00 0.261422018E+00 0.269736218E+00 0.278757394E+00 0.288608940E+00
 0.299454646E+00 0.311515752E+00 0.325093293E+00 0.340585076E+00 0.358341138E+00
 0.373952119E+00 0.385628299E+00 0.393309993E+00 0.396867485E+00 0.396308563E+00
 0.391098124E+00 0.381056986E+00 0.370253125E+00 0.361079705E+00 0.353258278E+00
 0.159058313E+00 0.155562074E+00 0.155312284E+00 0.155924688E+00 0.156280371E+00
 0.156429468E+00 0.156430976E+00 0.156340983E+00 0.156209230E+00 0.156078205E+00
 0.155983682E+00 0.155955833E+00 0.156020350E+00 0.156199325E+00 0.156511820E+00
 0.156974168E+00 0.157600068E+00 0.158400591E+00 0.159384151E+00 0.160556527E+00
 0.161920942E+00 0.163478244E+00 0.165227150E+00 0.167164564E+00 0.169285941E+00
 0.171585676E+00 0.174057538E+00 0.176695129E+00 0.179492382E+00 0.182444101E+00
 0.185546512E+00 0.188797810E+00 0.192198643E+00 0.195752505E+00 0.199465986E+00
 0.203348882E+00 0.207414164E+00 0.211677854E+00 0.216158869E+00 0.220878900E+00
 0.225862398E+00 0.231136745E+00 0.236732662E+00 0.242684934E+00 0.249033524E+00
 0.255825212E+00 0.263115954E+00 0.270974280E+00 0.279486342E+00 0.288763638E+00
 0.298955570E+00 0.310271268E+00 0.323020292E+00 0.337689610E+00 0.353474892E+00
 0.366546755E+00 0.376183567E+00 0.382287163E+00 0.384794359E+00 0.383178938E+00
 0.377269085E+00 0.368242557E+00 0.359932491E+00 0.352541997E+00 0.345976765E+00
 0.156990147E+00 0.153281874E+00 0.152897992E+00 0.153285456E+00 0.153431837E+00
 0.153420734E+00 0.153325554E+00 0.153205408E+00 0.153105562E+00 0.153060609E+00
 0.153097959E+00 0.153240596E+00 0.153508851E+00 0.153921267E+00 0.154494768E+00
 0.155244391E+00 0.156182789E+00 0.157319716E+00 0.158661625E+00 0.160211465E+00
 0.161968700E+00 0.163929549E+00 0.166087385E+00 0.168433219E+00 0.170956231E+00
 0.173644284E+00 0.176484458E+00 0.179463603E+00 0.182568983E+00 0.185789025E+00
 0.189114167E+00 0.192537736E+00 0.196056758E+00 0.199672580E+00 0.203391197E+00
 0.207223247E+00 0.211183691E+00 0.215291246E+00 0.219567717E+00 0.224037354E+00
 0.228726354E+00 0.233662585E+00 0.238875577E+00 0.244396772E+00 0.250260034E+00
 0.256502396E+00 0.263165032E+00 0.270294449E+00 0.277943848E+00 0.286174540E+00
 0.295057043E+00 0.304670841E+00 0.315099995E+00 0.326409579E+00 0.338107953E+00
 0.347972992E+00 0.355335029E+00 0.360079044E+00 0.362048532E+00 0.361030941E+00
 0.356910202E+00 0.351418279E+00 0.346009294E+00 0.340822544E+00 0.335920221E+00
 0.156442187E+00 0.152509375E+00 0.151691635E+00 0.151520377E+00 0.151126750E+00
 0.150678253E+00 0.150275361E+00 0.149970825E+00 0.149789635E+00 0.149744000E+00
 0.149842390E+00 0.150094168E+00 0.150511335E+00 0.151108435E+00 0.151901365E+00
 0.152905662E+00 0.154134716E+00 0.155598253E+00 0.157301267E+00 0.159243515E+00
 0.161419575E+00 0.163819360E+00 0.166428941E+00 0.169231450E+00 0.172207901E+00
 0.175337811E+00 0.178599676E+00 0.181971430E+00 0.185431090E+00 0.188957754E+00
 0.192532982E+00 0.196142414E+00 0.199777373E+00 0.203436080E+00 0.207124240E+00
 0.210854836E+00 0.214647174E+00 0.218525385E+00 0.222516704E+00 0.226649870E+00
 0.230953870E+00 0.235457129E+00 0.240187096E+00 0.245170102E+00 0.250431322E+00
 0.255994681E+00 0.261882485E+00 0.268114468E+00 0.274705760E+00 0.281662831E+00
 0.288975580E+00 0.296601879E+00 0.304437497E+00 0.312263107E+00 0.319692068E+00
 0.326230540E+00 0.331458073E+00 0.335112479E+00 0.337071728E+00 0.337355590E+00
 0.336173677E+00 0.333927000E+00 0.331049231E+00 0.327856156E+00 0.324542428E+00
 0.158197005E+00 0.154280038E+00 0.152055013E+00 0.150389258E+00 0.148871494E+00
 0.147664013E+00 0.146806280E+00 0.146261171E+00 0.145979422E+00 0.145921248E+00
 0.146061971E+00 0.146392747E+00 0.146918792E+00 0.147655810E+00 0.148625357E+00
 0.149850067E+00 0.151349459E+00 0.153136762E+00 0.155216918E+00 0.157585817E+00
 0.160230751E+00 0.163131895E+00 0.166264382E+00 0.169600373E+00 0.173110517E+00
 0.176764538E+00 0.180531045E+00 0.184377063E+00 0.188268001E+00 0.192168703E+00
 0.196045913E+00 0.199871795E+00 0.203627636E+00 0.207306716E+00 0.210915646E+00
 0.214473789E+00 0.218010846E+00 0.221563096E+00 0.225169276E+00 0.228867126E+00
 0.232691127E+00 0.236671442E+00 0.240833626E+00 0.245198684E+00 0.249783095E+00
 0.254598536E+00 0.259651084E+00 0.264939641E+00 0.270453242E+00 0.276166787E+00
 0.282034664E+00 0.287981978E+00 0.293894374E+00 0.299610845E+00 0.304928671E+00
 0.309628247E+00 0.313511250E+00 0.316433915E+00 0.318326291E+00 0.319200701E+00
 0.319150047E+00 0.318329278E+00 0.316919888E+00 0.315093872E+00 0.312993546E+00
 0.160380455E+00 0.156328220E+00 0.152444974E+00 0.148638157E+00 0.145089574E+00
 0.143240111E+00 0.142165733E+00 0.141600629E+00 0.141385974E+00 0.141420836E+00
 0.141648114E+00 0.142049079E+00 0.142637029E+00 0.143447229E+00 0.144525049E+00
 0.145915363E+00 0.147654762E+00 0.149766477E+00 0.152257418E+00 0.155117177E+00
 0.158319418E+00 0.161825967E+00 0.165592716E+00 0.169575249E+00 0.173732074E+00
 0.178024571E+00 0.182414159E+00 0.186858103E+00 0.191305946E+00 0.195699170E+00
 0.199976120E+00 0.204081391E+00 0.207975769E+00 0.211643242E+00 0.215094102E+00
 0.218364011E+00 0.221508241E+00 0.224591513E+00 0.227677036E+00 0.230819112E+00
 0.234060568E+00 0.237433344E+00 0.240960153E+00 0.244656006E+00 0.248529143E+00
 0.252581266E+00 0.256807103E+00 0.261193299E+00 0.265716664E+00 0.270341791E+00
 0.275018259E+00 0.279677961E+00 0.284233638E+00 0.288580317E+00 0.292601325E+00
 0.296179242E+00 0.299209831E+00 0.301615407E+00 0.303354516E+00 0.304426213E+00
 0.304868177E+00 0.304748777E+00 0.304154849E+00 0.303178732E+00 0.301908010E+00
 0.161530768E+00 0.157042058E+00 0.152198585E+00 0.146788115E+00 0.140858474E+00
 0.137026254E+00 0.135766392E+00 0.135741517E+00 0.135962513E+00 0.136305121E+00
 0.136690514E+00 0.137112635E+00 0.137635172E+00 0.138361157E+00 0.139399292E+00
 0.140842901E+00 0.142761349E+00 0.145196868E+00 0.148161428E+00 0.151632948E+00
 0.155554996E+00 0.159846312E+00 0.164420267E+00 0.169203729E+00 0.174144768E+00
 0.179208703E+00 0.184367274E+00 0.189584027E+00 0.194797162E+00 0.199906244E+00
 0.204781007E+00 0.209298420E+00 0.213375252E+00 0.216977303E+00 0.220121483E+00
 0.222880758E+00 0.225378739E+00 0.227755291E+00 0.230124849E+00 0.232563115E+00
 0.235115340E+00 0.237807281E+00 0.240652515E+00 0.243656386E+00 0.246817799E+00
 0.250129771E+00 0.253579264E+00 0.257146567E+00 0.260804441E+00 0.264517173E+00
 0.268239794E+00 0.271917826E+00 0.275487999E+00 0.278880435E+00 0.282022533E+00
 0.284844386E+00 0.287284970E+00 0.289297976E+00 0.290856165E+00 0.291953384E+00
 0.292603906E+00 0.292839278E+00 0.292703413E+00 0.292247042E+00 0.291522623E+00
 0.162955390E+00 0.158382950E+00 0.153282034E+00 0.147388767E+00 0.140495928E+00
 0.134905181E+00 0.131282426E+00 0.129711573E+00 0.130204316E+00 0.131183717E+00
 0.131739648E+00 0.131906234E+00 0.131958216E+00 0.132208035E+00 0.132895341E+00
 0.134177181E+00 0.136157026E+00 0.138903944E+00 0.142452028E+00 0.146777837E+00
 0.151762474E+00 0.157191515E+00 0.162850882E+00 0.168616738E+00 0.174451938E+00
 0.180368999E+00 0.186401536E+00 0.192582819E+00 0.198913442E+00 0.205256360E+00
 0.211191864E+00 0.216388714E+00 0.220736906E+00 0.224193739E+00 0.226750147E+00
 0.228484364E+00 0.229751236E+00 0.231004234E+00 0.232409318E+00 0.234003013E+00
 0.235789214E+00 0.237762731E+00 0.239915479E+00 0.242237631E+00 0.244717197E+00
 0.247339221E+00 0.250085012E+00 0.252931489E+00 0.255850695E+00 0.258809501E+00
 0.261769606E+00 0.264687946E+00 0.267517688E+00 0.270209890E+00 0.272715839E+00
 0.274989893E+00 0.276992504E+00 0.278692981E+00 0.280071538E+00 0.281120309E+00
 0.281843160E+00 0.282254386E+00 0.282376554E+00 0.282237907E+00 0.281869751E+00
 0.165124563E+00 0.160970348E+00 0.156379854E+00 0.151254233E+00 0.145568965E+00
 0.139421283E+00 0.133657627E+00 0.129766508E+00 0.127961707E+00 0.128399436E+00
 0.128445055E+00 0.127130498E+00 0.125427567E+00 0.124413949E+00 0.124289173E+00
 0.125118561E+00 0.126968634E+00 0.129932702E+00 0.134139025E+00 0.139740707E+00
 0.146777636E+00 0.154272996E+00 0.161405025E+00 0.168221500E+00 0.174867482E+00
 0.181493736E+00 0.188253723E+00 0.195318378E+00 0.202908418E+00 0.211322990E+00
 0.218809478E+00 0.224810090E+00 0.229505699E+00 0.232786837E+00 0.234593389E+00
 0.234712006E+00 0.233795993E+00 0.233676983E+00 0.234072918E+00 0.234837864E+00
 0.235890362E+00 0.237182442E+00 0.238683694E+00 0.240371816E+00 0.242227061E+00
 0.244229205E+00 0.246356049E+00 0.248582752E+00 0.250881617E+00 0.253222124E+00
 0.255571201E+00 0.257893732E+00 0.260153365E+00 0.262313613E+00 0.264339230E+00
 0.266197758E+00 0.267861088E+00 0.269306846E+00 0.270519423E+00 0.271490502E+00
 0.272219020E+00 0.272710588E+00 0.272976466E+00 0.273032266E+00 0.272896552E+00
 0.167969926E+00 0.164654770E+00 0.160949752E+00 0.156781537E+00 0.152175010E+00
 0.147240316E+00 0.142134331E+00 0.137019724E+00 0.133022913E+00 0.131608995E+00
 0.129911535E+00 0.126267923E+00 0.122111732E+00 0.119785122E+00 0.118875764E+00
 0.119229573E+00 0.120850852E+00 0.123830132E+00 0.128361933E+00 0.134850464E+00
 0.144069809E+00 0.153521914E+00 0.161567331E+00 0.168854099E+00 0.175768358E+00
 0.182575664E+00 0.189497948E+00 0.196760593E+00 0.204633402E+00 0.213400432E+00
 0.221236751E+00 0.227471687E+00 0.232258772E+00 0.235518326E+00 0.237122305E+00
 0.236809150E+00 0.235365782E+00 0.234691676E+00 0.234537855E+00 0.234743135E+00
 0.235223864E+00 0.235939920E+00 0.236870079E+00 0.237997746E+00 0.239304816E+00
 0.240770134E+00 0.242369749E+00 0.244077560E+00 0.245865865E+00 0.247705793E+00
 0.249567693E+00 0.251421558E+00 0.253237573E+00 0.254986771E+00 0.256641812E+00
 0.258177815E+00 0.259573181E+00 0.260810302E+00 0.261876094E+00 0.262762271E+00
 0.263465335E+00 0.263986294E+00 0.264330134E+00 0.264505130E+00 0.264522062E+00
 0.949668126E+00 0.964954349E+00 0.975093180E+00 0.987652359E+00 0.100052538E+01
 0.101413428E+01 0.102806378E+01 0.104275696E+01 0.105784733E+01 0.107295403E+01
 0.108862903E+01 0.110451555E+01 0.112165543E+01 0.113879692E+01 0.115661549E+01
 0.117494264E+01 0.119418840E+01 0.121399963E+01 0.123423937E+01 0.125530777E+01
 0.127712292E+01 0.129981091E+01 0.132318420E+01 0.134739565E+01 0.137250682E+01
 0.139863231E+01 0.142573093E+01 0.145383868E+01 0.148305406E+01 0.151344365E+01
 0.154509703E+01 0.157805579E+01 0.161244906E+01 0.164835245E+01 0.168575171E+01
 0.172489849E+01 0.176596653E+01 0.180891132E+01 0.185407768E+01 0.190128263E+01
 0.195107602E+01 0.200370987E+01 0.205902476E+01 0.211764308E+01 0.217936530E+01
 0.224534883E+01 0.231557268E+01 0.239013140E+01 0.246976814E+01 0.255562266E+01
 0.264828641E+01 0.274757274E+01 0.285592336E+01 0.297449923E+01 0.310468160E+01
 0.324778742E+01 0.340932995E+01 0.359075985E+01 0.379842986E+01 0.404250932E+01
 0.433300886E+01 0.469865967E+01 0.518536060E+01 0.593999674E+01 0.945212664E+01
   88   87
 0.105862416E+01-0.500000000E-01 0.105905782E+01 0.500000000E-01 0.106369668E+01
 0.150000000E+00 0.107249294E+01 0.250000000E+00 0.107906250E+01 0.303099927E+00
 0.109473551E+01 0.400000000E+00 0.110562500E+01 0.451796898E+00 0.113081769E+01
 0.550000000E+00 0.114603992E+01 0.600000000E+00 0.116299243E+01 0.650000000E+00
 0.118531250E+01 0.709634136E+00 0.121187500E+01 0.771451505E+00 0.123843750E+01
 0.823419263E+00 0.126500000E+01 0.865404001E+00 0.129490952E+01 0.900000000E+00
 0.134468750E+01 0.938136918E+00 0.138144912E+01 0.950000000E+00 0.142437500E+01
 0.956179501E+00 0.147750000E+01 0.952171131E+00 0.150406250E+01 0.947311615E+00
 0.155718750E+01 0.933451196E+00 0.161031250E+01 0.913503630E+00 0.163916401E+01
 0.900000000E+00 0.169000000E+01 0.875257556E+00 0.173192210E+01 0.850000000E+00
 0.176968750E+01 0.826774338E+00 0.180655884E+01 0.800000000E+00 0.184937500E+01
 0.767905013E+00 0.187593750E+01 0.745496899E+00 0.192597102E+01 0.700000000E+00
 0.195562500E+01 0.671071111E+00 0.198218750E+01 0.642553081E+00 0.201855448E+01
 0.600000000E+00 0.205693917E+01 0.550000000E+00 0.208843750E+01 0.503743694E+00
 0.211500000E+01 0.460042163E+00 0.214156250E+01 0.411168507E+00 0.216812500E+01
 0.356168149E+00 0.219211726E+01 0.300000000E+00 0.221090370E+01 0.250000000E+00
 0.222711805E+01 0.200000000E+00 0.224781250E+01 0.113584056E+00 0.225715642E+01
 0.500000000E-01 0.225849803E+01-0.500000000E-01 0.224781250E+01-0.130845880E+00
 0.223253264E+01-0.200000000E+00 0.221769987E+01-0.250000000E+00 0.219468750E+01
-0.314943216E+00 0.216812500E+01-0.379522867E+00 0.214156250E+01-0.435927838E+00
 0.211500000E+01-0.485817414E+00 0.208843750E+01-0.530401580E+00 0.206187500E+01
-0.570616584E+00 0.203531250E+01-0.607149298E+00 0.200096190E+01-0.650000000E+00
 0.195679525E+01-0.700000000E+00 0.192906250E+01-0.729306160E+00 0.190250000E+01
-0.755126281E+00 0.185294831E+01-0.800000000E+00 0.182281250E+01-0.826225384E+00
 0.179204061E+01-0.850000000E+00 0.174312500E+01-0.886932289E+00 0.171656250E+01
-0.904887071E+00 0.166343750E+01-0.939006907E+00 0.163687500E+01-0.954299255E+00
 0.158375000E+01-0.983760217E+00 0.154907765E+01-0.100000000E+01 0.150406250E+01
-0.102230921E+01 0.145093750E+01-0.104451622E+01 0.142437500E+01-0.105523930E+01
 0.137125000E+01-0.107702770E+01 0.131812500E+01-0.109489421E+01 0.129156250E+01
-0.110252399E+01 0.127019084E+01-0.111103876E+01 0.123843750E+01-0.101442732E+01
 0.122039048E+01-0.950000000E+00 0.120540742E+01-0.900000000E+00 0.118531250E+01
-0.833493229E+00 0.116217357E+01-0.750000000E+00 0.114852878E+01-0.700000000E+00
 0.113218750E+01-0.637257195E+00 0.111204879E+01-0.550000000E+00 0.110187700E+01
-0.500000000E+00 0.108501552E+01-0.400000000E+00 0.107848284E+01-0.350000000E+00
 0.106846372E+01-0.250000000E+00 0.106197235E+01-0.150000000E+00 0.105862416E+01
-0.500000000E-01
 0.101600000E+01 0.000000000E+00 0.101600000E+01 0.964000000E+00 0.101600000E+01
 0.968000000E+00 0.101600000E+01 0.100100000E+01 0.101600000E+01 0.101900000E+01
 0.101600000E+01 0.107700000E+01 0.101600000E+01 0.107000000E+01 0.101600000E+01
 0.109600000E+01 0.101600000E+01 0.111300000E+01 0.101600000E+01 0.113800000E+01
 0.101600000E+01 0.114700000E+01 0.101200000E+01 0.116500000E+01 0.100100000E+01
 0.121700000E+01 0.102900000E+01 0.121700000E+01 0.104200000E+01 0.116240000E+01
 0.104600000E+01 0.116238000E+01 0.105600000E+01 0.116260000E+01 0.109700000E+01
 0.116450000E+01 0.110800000E+01 0.116594000E+01 0.111600000E+01 0.116591000E+01
 0.113400000E+01 0.116896000E+01 0.114800000E+01 0.117175000E+01 0.116200000E+01
 0.117556000E+01 0.118100000E+01 0.118300000E+01 0.118200000E+01 0.118350000E+01
 0.118500000E+01 0.118500000E+01 0.119000000E+01 0.118800000E+01 0.119500000E+01
 0.119100000E+01 0.120100000E+01 0.119600000E+01 0.120900000E+01 0.120200000E+01
 0.121500000E+01 0.120800000E+01 0.122200000E+01 0.121400000E+01 0.122800000E+01
 0.122100000E+01 0.123400000E+01 0.123100000E+01 0.123900000E+01 0.123800000E+01
 0.124200000E+01 0.124400000E+01 0.124800000E+01 0.125400000E+01 0.125800000E+01
 0.127800000E+01 0.126300000E+01 0.129000000E+01 0.128000000E+01 0.133100000E+01
 0.128000000E+01 0.134700000E+01 0.128000000E+01 0.134800000E+01 0.131000000E+01
 0.134800000E+01 0.132800000E+01 0.134800000E+01 0.136100000E+01 0.134800000E+01
 0.138000000E+01 0.134800000E+01 0.141900000E+01 0.134800000E+01 0.141900000E+01
 0.131000000E+01 0.137200000E+01 0.131000000E+01 0.137200000E+01 0.129200000E+01
 0.160800000E+01 0.109500000E+01 0.164700000E+01 0.107700000E+01 0.178500000E+01
 0.107700000E+01 0.207000000E+01 0.104000000E+01 0.212800000E+01 0.993000000E+00
 0.224500000E+01 0.709000000E+00 0.232300000E+01 0.519000000E+00 0.237700000E+01
 0.389000000E+00 0.235200000E+01 0.400000000E+00 0.235100000E+01 0.337000000E+00
 0.235100000E+01 0.205000000E+00 0.235400000E+01 0.680000000E-01 0.235400000E+01
 0.000000000E+00 0.235400000E+01-0.680000000E-01 0.235300000E+01-0.205000000E+00
 0.235100000E+01-0.337000000E+00 0.235300000E+01-0.400000000E+00 0.237700000E+01
-0.389000000E+00 0.213400000E+01-0.973000000E+00 0.178600000E+01-0.117400000E+01
 0.176800000E+01-0.121100000E+01 0.176800000E+01-0.125000000E+01 0.168200000E+01
-0.125000000E+01 0.137200000E+01-0.125000000E+01 0.137200000E+01-0.132900000E+01
 0.142000000E+01-0.132900000E+01 0.142000000E+01-0.136300000E+01 0.127300000E+01
-0.136300000E+01 0.115300000E+01-0.136300000E+01 0.101600000E+01-0.122300000E+01
 0.101600000E+01-0.122300000E+01 0.101600000E+01-0.830000000E+00 0.101600000E+01
-0.800000000E+00 0.101600000E+01-0.415000000E+00 0.101600000E+01-0.400000000E+00
 0.101600000E+01-0.100000000E-02 0.101600000E+01 0.000000000E+00
    0 0.170000005E+01    0
 0.000000000E+00 0.849113916E-01 0.120778353E+00 0.148471754E+00 0.172097573E+00
 0.193087371E+00 0.212283185E+00 0.228810095E+00 0.245740911E+00 0.261860985E+00
 0.277104956E+00 0.291799827E+00 0.306080333E+00 0.319919763E+00 0.333278757E+00
 0.346404584E+00 0.359261914E+00 0.371858208E+00 0.384239557E+00 0.396402048E+00
 0.408443357E+00 0.420340788E+00 0.432121920E+00 0.443769076E+00 0.455309377E+00
 0.466828304E+00 0.478261142E+00 0.489623284E+00 0.500970500E+00 0.512259043E+00
 0.523561050E+00 0.534852226E+00 0.546121499E+00 0.557444039E+00 0.568741325E+00
 0.580096860E+00 0.591501370E+00 0.602926278E+00 0.614462084E+00 0.626003422E+00
 0.637659507E+00 0.649433457E+00 0.661261168E+00 0.673247800E+00 0.685295241E+00
 0.697547567E+00 0.709953375E+00 0.722498331E+00 0.735225996E+00 0.748177331E+00
 0.761392947E+00 0.774772569E+00 0.788477744E+00 0.802488879E+00 0.816856642E+00
 0.831524770E+00 0.846721199E+00 0.862363872E+00 0.878554136E+00 0.895464840E+00
 0.913111947E+00 0.931829531E+00 0.951808604E+00 0.973736824E+00 0.100000000E+01
    0
 &OUT1
 ISHOT = 127581
 ITIME = 3000
 BETAP0 = 0.5
 RZERO = 1.69550001621246
 QENP = 0.95
 ENP = 1.0
 EMP = 1.0
 PLASMA = 779161.3256126685
 EXPMP2 = 0.345315658653307 0.326513933112359 0.224334869750217 0.136972417380806 5.669454677374355E-03 -4.525164595973857E-02 -6.912720598563699E-02 2.444381354079093E-02 7.998674352149572E-02 0.123810015857873 0.170814221839815 0.156082184778456 0.207465738024808 0.191614572158819 0.168260527642761 0.341856144695562 0.243985914422567 0.152546143307252 9.576351174603741E-03 -5.521003361902296E-02 -7.501640305476735E-02 1.581090008133863E-03 6.134666304467447E-02 8.090779438417611E-02 0.160097712942341 0.18388421628039 0.168946209434655 0.21692318438126 0.193032699347989 -7.537712893863792E-02 -2.431651556775712E-02 3.945179670368704E-02 8.074720326939792E-02 8.964634770212898E-02 0.131418390867143 0.164933121406078 0.155959191022459 0.172696691682949 0.191408558495247 0.16649083785265 0.194120747596132 0.181677688808086 0.168856445541567 0.18047258287028 0.157519618047728 8.109576541209101E-02 6.045061416320428E-02 6.916876691485801E-03 -7.309045919441290E-02 -5.421508147345107E-02 8.963119697390793E-03 0.153630151605313 0.245428139974209 0.341863533036541 0.345184719448878 0.326404545841825 0.226054954818901 0.142456090701058 3.308723929003114E-03 -4.898658253827116E-02 6.061528294731811E-02 7.185672949503190E-02 6.225324901165018E-02 5.619239701680701E-02 -4.114899066465322E-02 -2.540233398582840E-02 -8.201954605860030E-02 -0.1032158089729 -4.522040419894288E-02 -5.486737302581979E-02 8.848236349535669E-02 3.770116347091736E-02 7.625060827710260E-04 2.654190696226462E-02 4.391097968385228E-02 5.006775763046020E-02
 COILS = -0.20813951070555 -0.20341755696327 -0.19649612161449 -0.1558647327264 -0.13605905095794 -0.31848342940196 -0.3331977463706 -0.12554055366554 -0.22368722469433 -0.21006617307149 -0.20382532164928 -0.19398694022309 -0.15042553792675 -0.12708567781657 -0.3187913690801 -0.34146290101936 -0.11697255802515 -0.22019482854005 -0.19820440830864 -0.19702666881691 -0.1963029452007 -0.17360599929291 -0.14978454320241 -0.13543267054449 -0.21637712610621 -0.31559242116937 -0.30237772798543 -0.34638053843495 -0.30489557997908 -0.19788072268925 -0.19459531225262 -0.16997997507498 -0.14334748205682 -0.12780635364672 -0.22979329108778 -0.32155184592349 -0.30455305079941 -0.34773872639587 -0.30398827832636 -0.15013988205965 -0.19036489130084 -0.15705540028655 -0.18292575233766 -0.20901773186056
 BTOR = 1.40900600417238
 RCENTR = 1.69550001621246
 BRSP = -91828.36282334 -55771.3868430639 -57143.0027676902 82160.58747376288 77239.27270724346 -111764.962398662 -119328.488449263 104554.0714769506 -50612.3586116156 -102781.870284502 -62439.4984704328 -57893.4881749457 85444.86887906182 86307.38375970918 -112899.254329294 -133602.438371729 111103.757206252 -51403.2577584879 215.8925570474826 -337.873493863387 2728.514893346652 -4270.15074143103 -25591.176087091 -25139.7672392526 -25263.7005519858 -24938.4510507743 -25598.3308908937 -25253.2055757123 0.421280618511165 -0.1002899715991 4.707593613523993E-03 -0.14707240750271 -0.34973219135128 -4.961363911348727E-02 4.535865446665441E-02 -0.36924944476221 0.110512930035253 -0.25178002189927 -0.60253152283054 0.275715030757081 0.158081291635154 0.352214860572222 0.301396702348671 -0.60693187627374 -0.60614428053172 -0.33735533885039 -0.4332986620998 -0.22924132485145 -0.43881536342521 -0.99818278939911 -0.10725730506948 -0.44005550580688 -1.898337387826597E-02 -0.53416923929477 -0.18797359786733 7.526191369615981E-02 0.563929370010038 -1.894507030865918E-02 8.964334180005938E-02 -0.32162280139742 -0.21395667771567 0.743774994391186 -0.35374332979261 0.347430332722836 -0.41375495881896 -1.05761991686248 -0.66358073044668 -0.90628357023699 -0.3905583446843 -0.34089353800667 9.882374168293345E-02 0.378395231456979 -0.14682372036307 -9.287685476982659E-02 5.675701704592953E-02 0.560969691148272 -0.64772204750719 -0.13171849481262 4.000617112717730E-02 0.0 0.0 0.0 0.0 0.0 0.0 0.0 0.0 0.0 0.0 0.0 0.0 0.0 0.0 0.0 0.0 0.0 0.0 0.0 0.0 0.0 0.0 0.0 0.0 0.0 0.0 0.0 0.0 0.0 0.0 0.0 0.0 0.0 0.0 0.0 0.0 0.0 0.0 0.0 0.0 0.0 0.0 0.0 0.0 0.0 0.0 0.0 0.0 0.0 0.0 0.0 0.0 0.0 0.0 0.0 0.0 0.0 0.0 0.0 0.0 0.0 0.0 0.0 0.0 0.0 0.0 0.0 0.0 0.0 0.0 0.0 0.0 0.0 0.0 0.0 0.0 0.0 0.0 0.0 0.0 0.0 0.0 0.0 0.0 0.0 0.0 0.0 0.0 0.0 0.0 0.0 0.0 0.0 0.0 0.0 0.0 0.0 0.0 0.0 0.0 0.0 0.0 0.0 0.0 0.0 0.0 0.0 0.0 0.0 0.0 0.0 0.0 0.0 0.0 0.0 0.0 0.0 0.0 0.0 0.0 0.0 0.0 0.0 0.0 0.0 0.0 0.0 0.0 0.0 0.0 0.0 0.0 0.0 0.0 0.0 0.0 0.0 0.0 0.0 0.0 0.0 0.0 0.0 0.0 0.0 0.0 0.0 0.0 0.0 0.0 0.0 0.0 0.0 0.0 0.0 0.0 0.0 0.0 0.0 0.0 0.0 0.0 0.0 0.0 0.0 0.0 0.0 0.0 0.0 0.0 0.0 0.0 0.0 0.0 0.0 0.0 0.0 0.0 0.0 0.0 0.0 0.0 0.0 0.0 0.0 0.0 0.0 0.0 0.0 0.0 0.0 0.0 0.0 0.0 0.0 0.0 0.0 0.0 0.0 0.0 0.0 0.0 0.0 0.0 0.0 0.0 0.0 0.0 0.0 0.0 0.0 0.0 0.0 0.0 0.0 0.0 0.0 0.0 0.0 0.0 0.0 0.0 0.0 0.0 0.0 0.0 0.0 0.0 0.0 0.0 0.0 0.0 0.0 0.0 0.0 0.0 0.0 0.0 0.0 0.0 0.0 0.0 0.0 0.0 0.0 0.0 0.0 0.0 0.0 0.0 0.0 0.0 0.0 0.0 0.0 0.0 0.0 0.0 0.0 0.0 0.0 0.0 0.0 0.0 0.0 0.0 0.0 0.0 0.0 0.0 0.0 0.0 0.0 0.0 0.0 0.0 0.0 0.0 0.0 0.0 0.0 0.0 0.0 0.0 0.0 0.0 0.0 0.0 0.0 0.0 0.0 0.0 0.0 0.0 0.0 0.0 0.0 0.0 0.0 0.0 0.0 0.0 0.0 0.0 0.0 0.0 0.0 0.0 0.0 0.0 0.0 0.0 0.0 0.0 0.0 0.0 0.0 0.0 0.0 0.0 0.0 0.0 0.0 0.0 0.0 0.0 0.0 0.0 0.0 0.0 0.0 0.0 0.0 0.0 0.0 0.0 0.0 0.0 0.0 0.0 0.0 0.0
 ICURRT = 2
 RBDRY = 1.05862416006972 1.05905782026491 1.06369668414283 1.07249293660686 1.0790625 1.0947355120612 1.105625 1.13081768517641 1.14603991879246 1.1629924274077 1.1853125 1.211875 1.2384375 1.265 1.29490952060159 1.3446875 1.38144911566676 1.424375 1.4775 1.5040625 1.5571875 1.6103125 1.63916400964467 1.69 1.73192210327665 1.7696875 1.80655884327934 1.849375 1.8759375 1.92597102441253 1.955625 1.9821875 2.01855447653169 2.05693916588048 2.0884375 2.115 2.1415625 2.168125 2.1921172636065 2.21090369990997 2.22711805366348 2.2478125 2.25715641681291 2.25849802899042 2.2478125 2.2325326448974 2.2176998729812 2.1946875 2.168125 2.1415625 2.115 2.0884375 2.061875 2.0353125 2.00096190002641 1.95679524854091 1.9290625 1.9025 1.85294830833675 1.8228125 1.79204060575918 1.743125 1.7165625 1.6634375 1.636875 1.58375 1.54907765442536 1.5040625 1.4509375 1.424375 1.37125 1.318125 1.2915625 1.27019084360371 1.2384375 1.22039048054789 1.20540742242459 1.1853125 1.16217356953857 1.148528781621 1.1321875 1.11204878915458 1.10187699655973 1.08501552392522 1.07848283651897 1.06846372035239 1.06197234857854 1.05862416006972 0.0 0.0 0.0 0.0 0.0 0.0 0.0 0.0 0.0 0.0 0.0 0.0 0.0 0.0 0.0 0.0 0.0 0.0 0.0 0.0 0.0 0.0
 ZBDRY = -5.000000000000004E-02 5.000000000000004E-02 0.15 0.25 0.303099926902555 0.4 0.451796898198314 0.55 0.6 0.65 0.709634135757661 0.77145150507142 0.82341926279715 0.865404000843324 0.9 0.938136917861174 0.95 0.956179500635976 0.952171131122657 0.947311614767946 0.933451195776205 0.913503629867314 0.9 0.87525755552837 0.85 0.826774338079343 0.8 0.767905012914225 0.745496899159433 0.7 0.671071110559403 0.642553081374456 0.6 0.55 0.50374369408247 0.460042162793056 0.411168507499101 0.35616814922858 0.3 0.25 0.2 0.113584056455943 5.000000000000004E-02 -5.000000000000004E-02 -0.13084588043351 -0.2 -0.25 -0.31494321593152 -0.37952286749129 -0.43592783845896 -0.48581741446787 -0.53040158039393 -0.57061658366034 -0.60714929784773 -0.65 -0.7 -0.72930615954017 -0.75512628090554 -0.8 -0.82622538378869 -0.85 -0.88693228906922 -0.90488707092902 -0.93900690690757 -0.95429925453169 -0.98376021722726 -1.0 -1.02230920600452 -1.04451621622998 -1.0552392983877 -1.07702769902263 -1.09489421013562 -1.10252398541705 -1.11103875791317 -1.01442732187808 -0.95 -0.9 -0.83349322911069 -0.75 -0.7 -0.63725719490998 -0.55 -0.5 -0.4 -0.35 -0.25 -0.15 -5.000000000000004E-02 0.0 0.0 0.0 0.0 0.0 0.0 0.0 0.0 0.0 0.0 0.0 0.0 0.0 0.0 0.0 0.0 0.0 0.0 0.0 0.0 0.0 0.0
 NBDRY = 88
 FWTSI = 999.999952502551 565.722820018014 557.5308718114642 566.5803026594107 466.8017875543572 303.9027155487105 0.0 407.5598364426569 0.0 554.6026416622259 556.9553755234565 554.891758833743 557.407412325887 0.0 301.6244711766025 246.6427166186178 0.0 515.6009624524545 563.4439868786736 556.2174588535973 563.1754744719841 0.0 561.290192637045 462.89990610684 555.1622952096368 315.3027780432686 355.538612312204 241.1743194110292 343.8683132217625 0.0 0.0 556.814078233946 507.7724295776321 414.8071363741832 561.3440660652757 296.8685563761845 344.0401068072898 239.3321587359748 347.9104227709332 561.4998757696578 566.5790413957078 0.0 0.0 0.0
 FWTCUR = 4.239376370163862E-05
 MXITER = 15
 NXITER = 1
 LIMITR = 86
 XLIM = 1.016 1.016 1.016 1.016 1.016 1.016 1.016 1.016 1.016 1.016 1.016 1.012 1.001 1.029 1.042 1.046 1.056 1.097 1.108 1.116 1.134 1.148 1.162 1.181 1.182 1.185 1.19 1.195 1.201 1.209 1.215 1.222 1.228 1.234 1.239 1.242 1.248 1.258 1.263 1.28 1.28 1.28 1.31 1.328 1.361 1.38 1.419 1.419 1.372 1.372 1.608 1.647 1.785 2.07 2.128 2.245 2.323 2.377 2.352 2.351 2.351 2.354 2.354 2.354 2.353 2.351 2.353 2.377 2.134 1.786 1.768 1.768 1.682 1.372 1.372 1.42 1.42 1.273 1.153 1.016 1.016 1.016 1.016 1.016 1.016 1.016 1.016 0.0 0.0 0.0 0.0 0.0 0.0 0.0 0.0 0.0 0.0 0.0 0.0 0.0 0.0 0.0 0.0 0.0 0.0 0.0 0.0 0.0 0.0 0.0 0.0 0.0 0.0 0.0 0.0 0.0 0.0 0.0 0.0 0.0 0.0 0.0 0.0 0.0 0.0 0.0 0.0 0.0 0.0 0.0 0.0 0.0 0.0 0.0 0.0 0.0 0.0 0.0 0.0 0.0 0.0 0.0 0.0 0.0 0.0 0.0 0.0 0.0 0.0 0.0 0.0 0.0 0.0 0.0 0.0 0.0 0.0 0.0 0.0 0.0
 YLIM = 0.0 0.964 0.968 1.001 1.019 1.077 1.07 1.096 1.113 1.138 1.147 1.165 1.217 1.217 1.1624 1.16238 1.1626 1.1645 1.16594 1.16591 1.16896 1.17175 1.17556 1.183 1.1835 1.185 1.188 1.191 1.196 1.202 1.208 1.214 1.221 1.231 1.238 1.244 1.254 1.278 1.29 1.331 1.347 1.348 1.348 1.348 1.348 1.348 1.348 1.31 1.31 1.292 1.095 1.077 1.077 1.04 0.993 0.709 0.519 0.389 0.4 0.337 0.205 6.800000000000000E-02 0.0 -6.800000000000000E-02 -0.205 -0.337 -0.4 -0.389 -0.973 -1.174 -1.211 -1.25 -1.25 -1.25 -1.329 -1.329 -1.363 -1.363 -1.363 -1.223 -1.223 -0.83 -0.8 -0.415 -0.4 -1.000000000000000E-03 0.0 0.0 0.0 0.0 0.0 0.0 0.0 0.0 0.0 0.0 0.0 0.0 0.0 0.0 0.0 0.0 0.0 0.0 0.0 0.0 0.0 0.0 0.0 0.0 0.0 0.0 0.0 0.0 0.0 0.0 0.0 0.0 0.0 0.0 0.0 0.0 0.0 0.0 0.0 0.0 0.0 0.0 0.0 0.0 0.0 0.0 0.0 0.0 0.0 0.0 0.0 0.0 0.0 0.0 0.0 0.0 0.0 0.0 0.0 0.0 0.0 0.0 0.0 0.0 0.0 0.0 0.0 0.0 0.0 0.0 0.0 0.0 0.0 0.0
 ERROR = 1.000000000000000E-03
 ICONVR = 2
 IBUNMN = 3
 PRESSR = 0.0 0.0 0.0 0.0 0.0 0.0 0.0 0.0 0.0 0.0 0.0 0.0 0.0 0.0 0.0 0.0 0.0 0.0 0.0 0.0 0.0 0.0 0.0 0.0 0.0 0.0 0.0 0.0 0.0 0.0 0.0 0.0 0.0 0.0 0.0 0.0 0.0 0.0 0.0 0.0 0.0 0.0 0.0 0.0 0.0 0.0 0.0 0.0 0.0 0.0 0.0 0.0 0.0 0.0 0.0 0.0 0.0 0.0 0.0 0.0 0.0 0.0 0.0 0.0 0.0 0.0 0.0 0.0 0.0 0.0 0.0 0.0 0.0 0.0 0.0 0.0 0.0 0.0 0.0 0.0 0.0 0.0 0.0 0.0 0.0 0.0 0.0 0.0 0.0 0.0 0.0 0.0 0.0 0.0 0.0 0.0 0.0 0.0 0.0 0.0 0.0 0.0 0.0 0.0 0.0 0.0 0.0 0.0 0.0 0.0 0.0 0.0 0.0 0.0 0.0 0.0 0.0 0.0 0.0 0.0 0.0 0.0 0.0 0.0 0.0 0.0 0.0 0.0 0.0 0.0 0.0 0.0
 RPRESS = 0.0 0.0 0.0 0.0 0.0 0.0 0.0 0.0 0.0 0.0 0.0 0.0 0.0 0.0 0.0 0.0 0.0 0.0 0.0 0.0 0.0 0.0 0.0 0.0 0.0 0.0 0.0 0.0 0.0 0.0 0.0 0.0 0.0 0.0 0.0 0.0 0.0 0.0 0.0 0.0 0.0 0.0 0.0 0.0 0.0 0.0 0.0 0.0 0.0 0.0 0.0 0.0 0.0 0.0 0.0 0.0 0.0 0.0 0.0 0.0 0.0 0.0 0.0 0.0 0.0 0.0 0.0 0.0 0.0 0.0 0.0 0.0 0.0 0.0 0.0 0.0 0.0 0.0 0.0 0.0 0.0 0.0 0.0 0.0 0.0 0.0 0.0 0.0 0.0 0.0 0.0 0.0 0.0 0.0 0.0 0.0 0.0 0.0 0.0 0.0 0.0 0.0 0.0 0.0 0.0 0.0 0.0 0.0 0.0 0.0 0.0 0.0 0.0 0.0 0.0 0.0 0.0 0.0 0.0 0.0 0.0 0.0 0.0 0.0 0.0 0.0 0.0 0.0 0.0 0.0 0.0 0.0
 QPSI = 0.949668126317826 0.964954348997231 0.975093180442895 0.98765235948104 1.00052538122988 1.01413428012879 1.02806377591495 1.04275696414871 1.0578473259091 1.07295402633108 1.08862903049378 1.10451555121991 1.1216554294314 1.13879692438321 1.15661548564642 1.17494264436472 1.19418839945142 1.21399963313127 1.23423937307842 1.25530777410456 1.27712292311018 1.29981090609967 1.32318420376636 1.34739564830227 1.37250682031353 1.39863231312971 1.4257309326335 1.45383867864341 1.48305405677439 1.51344364587796 1.54509702974213 1.57805578533947 1.61244905537059 1.64835245349717 1.68575171087307 1.72489848660006 1.7659665276123 1.80891132017469 1.85407768427615 1.90128263042207 1.95107601720937 2.00370987242963 2.05902475678087 2.11764308050743 2.17936529851091 2.24534882956138 2.31557268039929 2.39013140166248 2.46976814197734 2.55562266192989 2.64828641405914 2.74757273779378 2.85592335955795 2.97449922666975 3.1046816019098 3.24778742326035 3.40932994581597 3.59075985246632 3.79842985990729 4.04250932019862 4.3330088554237 4.69865966782384 5.18536059984394 5.93999674072812 9.45212663723599
 PRESSW = 0.0 0.0 0.0 0.0 0.0 0.0 0.0 0.0 0.0 0.0 0.0 0.0 0.0 0.0 0.0 0.0 0.0 0.0 0.0 0.0 0.0 0.0 0.0 0.0 0.0 0.0 0.0 0.0 0.0 0.0 0.0 0.0 0.0 0.0 0.0 0.0 0.0 0.0 0.0 0.0 0.0 0.0 0.0 0.0 0.0 0.0 0.0 0.0 0.0 0.0 0.0 0.0 0.0 0.0 0.0 0.0 0.0 0.0 0.0 0.0 0.0 0.0 0.0 0.0 0.0
 PRES = 14415.81824617466 13867.57157423861 13332.74319505369 12811.17999539436 12302.72886203509 11807.23668175035 11324.55034131461 10854.51672750233 10396.98272708799 9951.795226846058 9518.801113550995 9097.847273977275 8688.780594899365 8291.447963091734 7905.696265328852 7531.372388385187 7168.323219035208 6816.395644053385 6475.436550214185 6145.292824292078 5825.811353061532 5516.839023297017 5218.222721773001 4929.809335263952 4651.44575054434 4382.978854388633 4124.255533571301 3875.122674866812 3635.427165049635 3405.015890894239 3183.735739175092 2971.433596666664 2767.956350143424 2573.150886379839 2386.864092150378 2208.942854229512 2039.234059391709 1877.584594411436 1723.841346063164 1577.851201121361 1439.461046360495 1308.517768555036 1184.868254479453 1068.359390908214 958.838064615788 856.1511623766439 760.1455709652506 670.6681771560768 587.5658677235914 510.6855294422631 439.8740490865608 374.9783134309534 315.8452092499097 262.3216233178984 214.2544424093884 171.4905532988485 133.8768427607476 101.2601975695544 73.48750449973774 50.40565032576652 31.8615218221095 17.70200576323553 7.7739889236134 1.92435807771195 0.0
 NQPSI = 65
 NPRESS = 0
 SIGPRE = 0.0 0.0 0.0 0.0 0.0 0.0 0.0 0.0 0.0 0.0 0.0 0.0 0.0 0.0 0.0 0.0 0.0 0.0 0.0 0.0 0.0 0.0 0.0 0.0 0.0 0.0 0.0 0.0 0.0 0.0 0.0 0.0 0.0 0.0 0.0 0.0 0.0 0.0 0.0 0.0 0.0 0.0 0.0 0.0 0.0 0.0 0.0 0.0 0.0 0.0 0.0 0.0 0.0 0.0 0.0 0.0 0.0 0.0 0.0 0.0 0.0 0.0 0.0 0.0 0.0 0.0 0.0 0.0 0.0 0.0 0.0 0.0 0.0 0.0 0.0 0.0 0.0 0.0 0.0 0.0 0.0 0.0 0.0 0.0 0.0 0.0 0.0 0.0 0.0 0.0 0.0 0.0 0.0 0.0 0.0 0.0 0.0 0.0 0.0 0.0 0.0 0.0 0.0 0.0 0.0 0.0 0.0 0.0 0.0 0.0 0.0 0.0 0.0 0.0 0.0 0.0 0.0 0.0 0.0 0.0 0.0 0.0 0.0 0.0 0.0 0.0 0.0 0.0 0.0 0.0 0.0 0.0
 /
 &BASIS
 KPPFNC = 0
 KPPKNT = 0
 PPKNT = 0.0 0.0 0.0 0.0 0.0 0.0 0.0 0.0 0.0 0.0 0.0 0.0 0.0 0.0 0.0 0.0 0.0 0.0 0.0 0.0 0.0 0.0 0.0 0.0 0.0 0.0 0.0 0.0 0.0 0.0 0.0 0.0 0.0 0.0 0.0 0.0
 PPTENS = 0.0
 KFFFNC = 0
 KFFKNT = 0
 FFKNT = 0.0 0.0 0.0 0.0 0.0 0.0 0.0 0.0 0.0 0.0 0.0 0.0 0.0 0.0 0.0 0.0 0.0 0.0 0.0 0.0 0.0 0.0 0.0 0.0 0.0 0.0 0.0 0.0 0.0 0.0 0.0 0.0 0.0 0.0 0.0 0.0
 FFTENS = 0.0
 KWWFNC = 0
 KWWKNT = 0
 WWKNT = 0.0 0.0 0.0 0.0 0.0 0.0 0.0 0.0 0.0 0.0 0.0 0.0 0.0 0.0 0.0 0.0 0.0 0.0 0.0 0.0 0.0 0.0 0.0 0.0 0.0 0.0 0.0 0.0 0.0 0.0 0.0 0.0 0.0 0.0 0.0 0.0
 WWTENS = 0.0
 PPBDRY = 162554.3958945747 -254398.865967726 0.0 0.0 0.0 0.0 0.0 0.0 0.0 0.0 0.0 0.0 0.0 0.0 0.0 0.0 0.0 0.0 0.0 0.0 0.0 0.0 0.0 0.0 0.0 0.0 0.0 0.0 0.0 0.0 0.0 0.0 0.0 0.0 0.0 0.0
 PP2BDRY = 0.0 0.0 0.0 0.0 0.0 0.0 0.0 0.0 0.0 0.0 0.0 0.0 0.0 0.0 0.0 0.0 0.0 0.0 0.0 0.0 0.0 0.0 0.0 0.0 0.0 0.0 0.0 0.0 0.0 0.0 0.0 0.0 0.0 0.0 0.0 0.0
 KPPBDRY = 0 0 0 0 0 0 0 0 0 0 0 0 0 0 0 0 0 0 0 0 0 0 0 0 0 0 0 0 0 0 0 0 0 0 0 0
 KPP2BDRY = 0 0 0 0 0 0 0 0 0 0 0 0 0 0 0 0 0 0 0 0 0 0 0 0 0 0 0 0 0 0 0 0 0 0 0 0
 FFBDRY = 2.58164937271849 -4.04030485958145 0.0 0.0 0.0 0.0 0.0 0.0 0.0 0.0 0.0 0.0 0.0 0.0 0.0 0.0 0.0 0.0 0.0 0.0 0.0 0.0 0.0 0.0 0.0 0.0 0.0 0.0 0.0 0.0 0.0 0.0 0.0 0.0 0.0 0.0
 FF2BDRY = 0.0 0.0 0.0 0.0 0.0 0.0 0.0 0.0 0.0 0.0 0.0 0.0 0.0 0.0 0.0 0.0 0.0 0.0 0.0 0.0 0.0 0.0 0.0 0.0 0.0 0.0 0.0 0.0 0.0 0.0 0.0 0.0 0.0 0.0 0.0 0.0
 KFFBDRY = 0 0 0 0 0 0 0 0 0 0 0 0 0 0 0 0 0 0 0 0 0 0 0 0 0 0 0 0 0 0 0 0 0 0 0 0
 KFF2BDRY = 0 0 0 0 0 0 0 0 0 0 0 0 0 0 0 0 0 0 0 0 0 0 0 0 0 0 0 0 0 0 0 0 0 0 0 0
 WWBDRY = -19268650.2302802 -18928765.9213196 0.0 0.0 0.0 0.0 0.0 0.0 0.0 0.0 0.0 0.0 0.0 0.0 0.0 0.0 0.0 0.0 0.0 0.0 0.0 0.0 0.0 0.0 0.0 0.0 0.0 0.0 0.0 0.0 0.0 0.0 0.0 0.0 0.0 0.0
 WW2BDRY = 0.0 0.0 0.0 0.0 0.0 0.0 0.0 0.0 0.0 0.0 0.0 0.0 0.0 0.0 0.0 0.0 0.0 0.0 0.0 0.0 0.0 0.0 0.0 0.0 0.0 0.0 0.0 0.0 0.0 0.0 0.0 0.0 0.0 0.0 0.0 0.0
 KWWBDRY = 0 0 0 0 0 0 0 0 0 0 0 0 0 0 0 0 0 0 0 0 0 0 0 0 0 0 0 0 0 0 0 0 0 0 0 0
 KWW2BDRY = 0 0 0 0 0 0 0 0 0 0 0 0 0 0 0 0 0 0 0 0 0 0 0 0 0 0 0 0 0 0 0 0 0 0 0 0
 KEEFNC = 0
 KEEKNT = 0
 EEKNT = 0.0 0.0 0.0 0.0 0.0 0.0 0.0 0.0 0.0 0.0 0.0 0.0 0.0 0.0 0.0 0.0 0.0 0.0
 EETENS = 5.0
 EEBDRY = 0.0 0.0 0.0 0.0 0.0 0.0 0.0 0.0 0.0 0.0 0.0 0.0 0.0 0.0 0.0 0.0 0.0 0.0
 EE2BDRY = 0.0 0.0 0.0 0.0 0.0 0.0 0.0 0.0 0.0 0.0 0.0 0.0 0.0 0.0 0.0 0.0 0.0 0.0
 KEEBDRY = 0 0 0 0 0 0 0 0 0 0 0 0 0 0 0 0 0 0
 KEE2BDRY = 0 0 0 0 0 0 0 0 0 0 0 0 0 0 0 0 0 0
 /
 &CHIOUT
 SAISIL = 2.075989127421814E-02 1.671994820130838E-02 7.815792916764566E-03 3.393000537894806E-02 6.085852473837917E-02 5.966766391114062E-02 0.0 7.396274429470259E-02 0.0 4.030540185056268E-04 5.134447889110348E-02 0.192667427191771 2.868553717559898E-04 0.0 7.298819488984572E-03 0.171854931983539 0.0 1.223787964569103E-02 1.918459631437116E-04 5.648381206852686E-02 7.951151628755131E-03 0.0 9.267549213819816E-05 6.551522809284431E-02 4.306246227452540E-05 0.350815559172391 4.982626132097418E-02 1.730626862483244E-03 1.548079977047363E-04 0.0 0.0 0.269597867981472 0.256937084885318 4.946853853872904E-03 6.239176943249719E-03 0.142880860382758 1.291385349970449E-02 1.248387253889943E-02 4.042307396809637E-03 0.111958447418578 5.289798035317599E-03 0.0 0.0 0.0
 SAIMPI = 0.0 0.0 0.0 0.0 0.0 0.0 0.0 0.0 0.0 0.0 0.0 0.0 0.0 0.0 0.0 0.0 0.0 0.0 0.0 0.0 0.0 0.0 0.0 0.0 0.0 0.0 0.0 0.0 0.0 2.681365953593771E-02 0.109289837784281 0.0 1.450371798040009E-02 2.104555575205311E-02 0.127394727096839 0.269459751074728 0.161214111982983 0.0 0.0 0.35100750907702 0.263061164046686 0.180547039737352 0.168627650955106 1.901760399719765E-02 6.081040921932813E-02 1.993989713298147E-02 6.753841023296786E-02 0.799156141080086 2.627781265148064E-03 0.0 2.646771779056380E-02 4.604624627762824E-03 0.16882897516277 1.250905333421744E-02 2.956097227166910E-02 0.48550302298606 4.351347039444708E-02 3.472571495755006E-02 0.0 1.779246975514431E-02 5.988326985673440E-02 0.553603574822115 0.100974434641922 0.17798656265812 0.104243735848607 0.994433767423513 0.524115463032473 0.0 0.698051103777755 0.116934954460182 9.036581541792917E-02 0.0 0.0 0.0 0.0 0.0
 SAIPR = 0.0
 SAIIP = 9.105484579838292E-02
 /
                                            MAG
