  EFITD    08/02/2006    #127545  1500ms           3  65  65
 0.170000000E+01 0.320000000E+01 0.169550002E+01 0.840000000E+00 0.000000000E+00
 0.168794250E+01-0.261394244E-01-0.203097612E+00-0.825381257E-02 0.100403022E+01
 0.781991109E+06-0.203097612E+00 0.000000000E+00 0.168794250E+01 0.000000000E+00
-0.261394244E-01 0.000000000E+00-0.825381257E-02 0.000000000E+00 0.000000000E+00
 0.181421346E+01 0.181059868E+01 0.180704558E+01 0.180355415E+01 0.180012438E+01
 0.179675622E+01 0.179344965E+01 0.179020463E+01 0.178702111E+01 0.178389904E+01
 0.178083835E+01 0.177783898E+01 0.177490085E+01 0.177202389E+01 0.176920800E+01
 0.176645309E+01 0.176375906E+01 0.176112580E+01 0.175855320E+01 0.175604112E+01
 0.175358945E+01 0.175119804E+01 0.174886675E+01 0.174659543E+01 0.174438393E+01
 0.174223207E+01 0.174013969E+01 0.173810661E+01 0.173613264E+01 0.173421760E+01
 0.173236127E+01 0.173056346E+01 0.172882395E+01 0.172714253E+01 0.172551896E+01
 0.172395302E+01 0.172244446E+01 0.172099304E+01 0.171959850E+01 0.171826059E+01
 0.171697904E+01 0.171575357E+01 0.171458392E+01 0.171346979E+01 0.171241090E+01
 0.171140694E+01 0.171045761E+01 0.170956262E+01 0.170872163E+01 0.170793433E+01
 0.170720040E+01 0.170651950E+01 0.170589129E+01 0.170531544E+01 0.170479159E+01
 0.170431940E+01 0.170389850E+01 0.170352853E+01 0.170320912E+01 0.170293990E+01
 0.170272049E+01 0.170255051E+01 0.170242957E+01 0.170235729E+01 0.170233326E+01
 0.809313240E+04 0.782359894E+04 0.755918879E+04 0.729987383E+04 0.704562594E+04
 0.679641700E+04 0.655221889E+04 0.631300349E+04 0.607874268E+04 0.584940835E+04
 0.562497236E+04 0.540540660E+04 0.519068296E+04 0.498077331E+04 0.477564953E+04
 0.457528350E+04 0.437964711E+04 0.418871222E+04 0.400245073E+04 0.382083452E+04
 0.364383545E+04 0.347142542E+04 0.330357631E+04 0.314025999E+04 0.298144834E+04
 0.282711324E+04 0.267722659E+04 0.253176024E+04 0.239068609E+04 0.225397602E+04
 0.212160190E+04 0.199353561E+04 0.186974905E+04 0.175021408E+04 0.163490258E+04
 0.152378644E+04 0.141683754E+04 0.131402775E+04 0.121532897E+04 0.112071305E+04
 0.103015190E+04 0.943617384E+03 0.861081386E+03 0.782515786E+03 0.707892465E+03
 0.637183301E+03 0.570360177E+03 0.507394971E+03 0.448259565E+03 0.392925838E+03
 0.341365671E+03 0.293550943E+03 0.249453535E+03 0.209045328E+03 0.172298201E+03
 0.139184035E+03 0.109674709E+03 0.837421046E+02 0.613581014E+02 0.424945796E+02
 0.271234195E+02 0.152165013E+02 0.674570513E+01 0.168291131E+01 0.000000000E+00
-0.217245283E+01-0.213143585E+01-0.209064338E+01-0.205007544E+01-0.200973201E+01
-0.196961311E+01-0.192971873E+01-0.189004887E+01-0.185060353E+01-0.181138271E+01
-0.177238641E+01-0.173361463E+01-0.169506737E+01-0.165674464E+01-0.161864643E+01
-0.158077273E+01-0.154312356E+01-0.150569891E+01-0.146849878E+01-0.143152317E+01
-0.139477208E+01-0.135824552E+01-0.132194347E+01-0.128586594E+01-0.125001294E+01
-0.121438446E+01-0.117898049E+01-0.114380105E+01-0.110884613E+01-0.107411573E+01
-0.103960986E+01-0.100532850E+01-0.971271663E+00-0.937439348E+00-0.903831554E+00
-0.870448281E+00-0.837289529E+00-0.804355298E+00-0.771645588E+00-0.739160399E+00
-0.706899731E+00-0.674863584E+00-0.643051958E+00-0.611464853E+00-0.580102269E+00
-0.548964206E+00-0.518050664E+00-0.487361643E+00-0.456897143E+00-0.426657164E+00
-0.396641706E+00-0.366850769E+00-0.337284353E+00-0.307942458E+00-0.278825084E+00
-0.249932231E+00-0.221263900E+00-0.192820089E+00-0.164600799E+00-0.136606030E+00
-0.108835782E+00-0.812900548E-01-0.539688489E-01-0.268721639E-01-0.000000000E+00
-0.893769126E+05-0.876894500E+05-0.860112237E+05-0.843422340E+05-0.826824807E+05
-0.810319638E+05-0.793906834E+05-0.777586395E+05-0.761358320E+05-0.745222610E+05
-0.729179264E+05-0.713228283E+05-0.697369667E+05-0.681603415E+05-0.665929527E+05
-0.650348005E+05-0.634858846E+05-0.619462053E+05-0.604157624E+05-0.588945559E+05
-0.573825860E+05-0.558798524E+05-0.543863554E+05-0.529020947E+05-0.514270706E+05
-0.499612829E+05-0.485047317E+05-0.470574169E+05-0.456193386E+05-0.441904967E+05
-0.427708913E+05-0.413605224E+05-0.399593899E+05-0.385674938E+05-0.371848343E+05
-0.358114111E+05-0.344472245E+05-0.330922743E+05-0.317465605E+05-0.304100833E+05
-0.290828424E+05-0.277648381E+05-0.264560702E+05-0.251565387E+05-0.238662437E+05
-0.225851852E+05-0.213133631E+05-0.200507775E+05-0.187974283E+05-0.175533156E+05
-0.163184394E+05-0.150927996E+05-0.138763962E+05-0.126692294E+05-0.114712990E+05
-0.102826050E+05-0.910314750E+04-0.793292646E+04-0.677194188E+04-0.562019376E+04
-0.447768209E+04-0.334440688E+04-0.222036813E+04-0.110556584E+04-0.000000000E+00
 0.423767926E-02-0.136314524E-03-0.484674409E-02-0.991071990E-02-0.152955951E-01
-0.209185403E-01-0.266607027E-01-0.323940807E-01-0.367039079E-01-0.381718183E-01
-0.402282300E-01-0.445544278E-01-0.496143468E-01-0.525238587E-01-0.537628808E-01
-0.535029835E-01-0.517470940E-01-0.483968466E-01-0.432134939E-01-0.357200762E-01
-0.250179458E-01-0.138649965E-01-0.435137893E-02 0.428311992E-02 0.124854315E-01
 0.205581240E-01 0.287522455E-01 0.373248835E-01 0.465931301E-01 0.569343436E-01
 0.660497753E-01 0.731944750E-01 0.786241476E-01 0.822073651E-01 0.838672492E-01
 0.833483732E-01 0.815493223E-01 0.808728812E-01 0.809624153E-01 0.815988545E-01
 0.826475882E-01 0.840225860E-01 0.856648122E-01 0.875298071E-01 0.895809504E-01
 0.917859475E-01 0.941149515E-01 0.965394779E-01 0.990317397E-01 0.101564254E+00
 0.104109667E+00 0.106640790E+00 0.109130809E+00 0.111553682E+00 0.113884662E+00
 0.116100919E+00 0.118182189E+00 0.120111382E+00 0.121875087E+00 0.123463899E+00
 0.124872547E+00 0.126099796E+00 0.127148146E+00 0.128023355E+00 0.128733850E+00
 0.815305369E-03-0.422137372E-02-0.973753275E-02-0.158125497E-01-0.224562935E-01
-0.295598209E-01-0.360526602E-01-0.403888153E-01-0.422892064E-01-0.417272533E-01
-0.418263152E-01-0.434621530E-01-0.455616012E-01-0.468802288E-01-0.471634291E-01
-0.463276622E-01-0.442906403E-01-0.409402570E-01-0.361258095E-01-0.296716342E-01
-0.215365707E-01-0.127976002E-01-0.442725324E-02 0.360672238E-02 0.114677643E-01
 0.193327877E-01 0.273891176E-01 0.358554178E-01 0.450224368E-01 0.552340806E-01
 0.642874996E-01 0.714168475E-01 0.768468185E-01 0.805256035E-01 0.823430026E-01
 0.820176567E-01 0.805208092E-01 0.801323872E-01 0.805216175E-01 0.814741478E-01
 0.828565507E-01 0.845808418E-01 0.865853653E-01 0.888237915E-01 0.912585470E-01
 0.938568237E-01 0.965881153E-01 0.994226709E-01 0.102330523E+00 0.105280918E+00
 0.108242076E+00 0.111181257E+00 0.114065132E+00 0.116860448E+00 0.119534955E+00
 0.122058518E+00 0.124404309E+00 0.126549945E+00 0.128478424E+00 0.130178741E+00
 0.131646107E+00 0.132881741E+00 0.133892275E+00 0.134688869E+00 0.135286143E+00
-0.177929107E-02-0.717382792E-02-0.131826079E-01-0.201001199E-01-0.280546561E-01
-0.343726883E-01-0.384492416E-01-0.402009379E-01-0.395633361E-01-0.385435896E-01
-0.380254710E-01-0.379545281E-01-0.380131144E-01-0.378404849E-01-0.371562787E-01
-0.357743766E-01-0.335708944E-01-0.304623273E-01-0.264061248E-01-0.214262500E-01
-0.156560281E-01-0.933907171E-02-0.272191426E-02 0.405093902E-02 0.109370177E-01
 0.179555665E-01 0.251566239E-01 0.326000389E-01 0.403261483E-01 0.482083646E-01
 0.555106277E-01 0.617434071E-01 0.668192701E-01 0.707026994E-01 0.733699535E-01
 0.748694242E-01 0.757609560E-01 0.768283666E-01 0.782238002E-01 0.799453347E-01
 0.819668168E-01 0.842584974E-01 0.867918957E-01 0.895404310E-01 0.924787377E-01
 0.955816414E-01 0.988231403E-01 0.102175505E+00 0.105608540E+00 0.109089060E+00
 0.112580621E+00 0.116043621E+00 0.119435844E+00 0.122713518E+00 0.125832899E+00
 0.128752284E+00 0.131434255E+00 0.133847870E+00 0.135970497E+00 0.137788999E+00
 0.139300108E+00 0.140509943E+00 0.141432770E+00 0.142089238E+00 0.142504359E+00
-0.344648941E-02-0.869724178E-02-0.143603251E-01-0.206746891E-01-0.274615409E-01
-0.317086886E-01-0.330941226E-01-0.331869164E-01-0.330062870E-01-0.326978680E-01
-0.323494104E-01-0.319637509E-01-0.314636723E-01-0.307270613E-01-0.296252682E-01
-0.280472773E-01-0.259097767E-01-0.231609779E-01-0.197842708E-01-0.158025875E-01
-0.112787843E-01-0.630484698E-02-0.979568191E-03 0.461348113E-02 0.104154491E-01
 0.163880734E-01 0.225008894E-01 0.287123314E-01 0.349441634E-01 0.410563610E-01
 0.468571828E-01 0.521677849E-01 0.568741541E-01 0.609328262E-01 0.643693546E-01
 0.672893538E-01 0.698773660E-01 0.723397812E-01 0.748328271E-01 0.774477282E-01
 0.802306104E-01 0.832015890E-01 0.863661384E-01 0.897210276E-01 0.932571701E-01
 0.969607776E-01 0.100813569E+00 0.104792444E+00 0.108868871E+00 0.113008177E+00
 0.117168959E+00 0.121302850E+00 0.125354966E+00 0.129265307E+00 0.132971322E+00
 0.136411571E+00 0.139530104E+00 0.142280907E+00 0.144631656E+00 0.146566121E+00
 0.148084817E+00 0.149203799E+00 0.149951903E+00 0.150366979E+00 0.150491865E+00
-0.475108139E-02-0.950898855E-02-0.140315087E-01-0.184350241E-01-0.224402991E-01
-0.245374075E-01-0.257913085E-01-0.264856044E-01-0.267955610E-01-0.268322815E-01
-0.266574065E-01-0.262888105E-01-0.257077472E-01-0.248703941E-01-0.237214680E-01
-0.222064165E-01-0.202804124E-01-0.179142466E-01-0.150977920E-01-0.118412033E-01
-0.817335758E-02-0.413720345E-02 0.217011090E-03 0.483821903E-02 0.967820266E-02
 0.146912855E-01 0.198304646E-01 0.250414809E-01 0.302574037E-01 0.353977131E-01
 0.403756435E-01 0.451127495E-01 0.495539165E-01 0.536771524E-01 0.574975861E-01
 0.610660611E-01 0.644606074E-01 0.677706982E-01 0.710803422E-01 0.744576233E-01
 0.779522969E-01 0.815980559E-01 0.854160031E-01 0.894176167E-01 0.936067265E-01
 0.979805224E-01 0.102529735E+00 0.107238121E+00 0.112081367E+00 0.117025522E+00
 0.122025198E+00 0.127021901E+00 0.131943191E+00 0.136703609E+00 0.141208327E+00
 0.145359905E+00 0.149067420E+00 0.152256126E+00 0.154875596E+00 0.156904808E+00
 0.158353346E+00 0.159258407E+00 0.159678162E+00 0.159683074E+00 0.159347325E+00
-0.728539169E-02-0.121014154E-01-0.145300781E-01-0.163044513E-01-0.180162138E-01
-0.194077015E-01-0.204248649E-01-0.211045747E-01-0.214983558E-01-0.216477383E-01
-0.215775347E-01-0.212947598E-01-0.207905209E-01-0.200440620E-01-0.190280622E-01
-0.177141357E-01-0.160776728E-01-0.141015324E-01-0.117783851E-01-0.911164062E-02
-0.611498312E-02-0.281072467E-02 0.772525609E-03 0.460215422E-02 0.864310763E-02
 0.128583690E-01 0.172084839E-01 0.216507582E-01 0.261391005E-01 0.306255074E-01
 0.350636812E-01 0.394142605E-01 0.436502655E-01 0.477612276E-01 0.517549859E-01
 0.556566944E-01 0.595050924E-01 0.633468222E-01 0.672303251E-01 0.712009292E-01
 0.752979502E-01 0.795536418E-01 0.839933094E-01 0.886358836E-01 0.934944542E-01
 0.985764581E-01 0.103883324E+00 0.109409411E+00 0.115140053E+00 0.121048524E+00
 0.127091747E+00 0.133204885E+00 0.139295621E+00 0.145240444E+00 0.150887061E+00
 0.156067052E+00 0.160617801E+00 0.164405974E+00 0.167345186E+00 0.169406223E+00
 0.170620126E+00 0.171072046E+00 0.170884192E+00 0.170192684E+00 0.169127568E+00
-0.842832103E-02-0.131638168E-01-0.144821533E-01-0.147357483E-01-0.152315580E-01
-0.158018998E-01-0.163332947E-01-0.167643949E-01-0.170648122E-01-0.172184818E-01
-0.172135227E-01-0.170370253E-01-0.166730912E-01-0.161029620E-01-0.153064098E-01
-0.142637323E-01-0.129578357E-01-0.113760304E-01-0.951130470E-02-0.736296318E-02
-0.493662725E-02-0.224370016E-02 0.699507530E-03 0.387275067E-02 0.725270828E-02
 0.108136258E-01 0.145277940E-01 0.183660666E-01 0.222986916E-01 0.262966860E-01
 0.303338007E-01 0.343888589E-01 0.384480372E-01 0.425065876E-01 0.465695946E-01
 0.506515723E-01 0.547749644E-01 0.589678678E-01 0.632614802E-01 0.676877771E-01
 0.722777654E-01 0.770604155E-01 0.820621718E-01 0.873068337E-01 0.928155753E-01
 0.986068735E-01 0.104696109E+00 0.111094549E+00 0.117807282E+00 0.124829429E+00
 0.132139527E+00 0.139688454E+00 0.147381906E+00 0.155056078E+00 0.162455674E+00
 0.169249147E+00 0.175107438E+00 0.179778493E+00 0.183108539E+00 0.185047884E+00
 0.185667597E+00 0.185170276E+00 0.183842299E+00 0.181963052E+00 0.179755458E+00
-0.749474663E-02-0.120217716E-01-0.127492574E-01-0.124087946E-01-0.123455723E-01
-0.124642936E-01-0.126841690E-01-0.129387208E-01-0.131760697E-01-0.133558557E-01
-0.134455663E-01-0.134175502E-01-0.132470844E-01-0.129114396E-01-0.123897216E-01
-0.116632245E-01-0.107160387E-01-0.953569911E-02-0.811371379E-02-0.644587374E-02
-0.453229814E-02-0.237723087E-02 0.113539756E-04 0.262226368E-02 0.544165003E-02
 0.845359013E-02 0.116406956E-01 0.149848002E-01 0.184677897E-01 0.220726117E-01
 0.257844416E-01 0.295919055E-01 0.334881980E-01 0.374719165E-01 0.415474664E-01
 0.457249661E-01 0.500196834E-01 0.544511267E-01 0.590419774E-01 0.638170617E-01
 0.688025238E-01 0.740252928E-01 0.795128656E-01 0.852933757E-01 0.913958836E-01
 0.978508084E-01 0.104690397E+00 0.111949076E+00 0.119663417E+00 0.127871132E+00
 0.136607842E+00 0.145898556E+00 0.155736375E+00 0.166031784E+00 0.176488111E+00
 0.186142805E+00 0.194155288E+00 0.200198556E+00 0.204061763E+00 0.205610122E+00
 0.204812321E+00 0.202126184E+00 0.198595673E+00 0.194729497E+00 0.190815922E+00
-0.482805646E-02-0.911654214E-02-0.967134402E-02-0.910302294E-02-0.883773461E-02
-0.881221482E-02-0.895944528E-02-0.921528930E-02-0.952256156E-02-0.983216467E-02
-0.101025178E-01-0.102983128E-01-0.103892396E-01-0.103489863E-01-0.101545983E-01
-0.978616099E-02-0.922671951E-02-0.846233948E-02-0.748222617E-02-0.627883217E-02
-0.484785643E-02-0.318812244E-02-0.130135663E-02 0.808130024E-03 0.313384284E-02
 0.566757111E-02 0.839991030E-02 0.113208414E-01 0.144203794E-01 0.176892861E-01
 0.211198196E-01 0.247064675E-01 0.284465986E-01 0.323409647E-01 0.363939991E-01
 0.406138901E-01 0.450124465E-01 0.496048105E-01 0.544091004E-01 0.594460776E-01
 0.647389275E-01 0.703132300E-01 0.761971771E-01 0.824220844E-01 0.890232484E-01
 0.960412158E-01 0.103523580E+00 0.111527486E+00 0.120123176E+00 0.129399133E+00
 0.139469938E+00 0.150489214E+00 0.162673819E+00 0.176361039E+00 0.191831871E+00
 0.205820169E+00 0.216850935E+00 0.224847485E+00 0.229643573E+00 0.230847281E+00
 0.228327475E+00 0.221562539E+00 0.214140249E+00 0.207343802E+00 0.201225387E+00
-0.667505836E-03-0.473427068E-02-0.524399317E-02-0.466984966E-02-0.446644832E-02
-0.456470890E-02-0.488401645E-02-0.535085848E-02-0.590189899E-02-0.648387324E-02
-0.705224294E-02-0.756958384E-02-0.800411961E-02-0.832854520E-02-0.851915835E-02
-0.855526244E-02-0.841878585E-02-0.809407063E-02-0.756783601E-02-0.682942009E-02
-0.587075974E-02-0.468625608E-02-0.327269714E-02-0.162906629E-02 0.243756627E-03
 0.234339054E-02 0.466636619E-02 0.720854073E-02 0.996556626E-02 0.129334051E-01
 0.161088534E-01 0.194900344E-01 0.230768414E-01 0.268713053E-01 0.308778635E-01
 0.351035247E-01 0.395579436E-01 0.442534345E-01 0.492049679E-01 0.544302047E-01
 0.599496267E-01 0.657868264E-01 0.719690214E-01 0.785278716E-01 0.855007007E-01
 0.929322670E-01 0.100877311E+00 0.109404240E+00 0.118600561E+00 0.128581083E+00
 0.139500711E+00 0.151575030E+00 0.165113728E+00 0.180568792E+00 0.198558428E+00
 0.216978010E+00 0.231291497E+00 0.241427741E+00 0.247467756E+00 0.249346057E+00
 0.246476635E+00 0.238535277E+00 0.226992925E+00 0.217235567E+00 0.209067224E+00
 0.510325278E-02 0.122372465E-02 0.846238499E-03 0.116697969E-02 0.971216529E-03
 0.427699636E-03-0.342944244E-03-0.125308834E-02-0.223765382E-02-0.324636626E-02
-0.423887767E-02-0.518173212E-02-0.604642182E-02-0.680809551E-02-0.744467179E-02
-0.793620777E-02-0.826441999E-02-0.841220430E-02-0.836309891E-02-0.810357194E-02
-0.762244479E-02-0.691012961E-02-0.595929876E-02-0.476478585E-02-0.332334274E-02
-0.163304002E-02 0.307090281E-03 0.249711338E-02 0.493650415E-02 0.762460076E-02
 0.105610405E-01 0.137460876E-01 0.171809615E-01 0.208681533E-01 0.248116797E-01
 0.290172880E-01 0.334926254E-01 0.382473876E-01 0.432934721E-01 0.486451694E-01
 0.543194315E-01 0.603362624E-01 0.667192840E-01 0.734965409E-01 0.807016294E-01
 0.883752655E-01 0.965674529E-01 0.105340485E+00 0.114773109E+00 0.124966279E+00
 0.136051014E+00 0.148198657E+00 0.161632984E+00 0.176641725E+00 0.193584148E+00
 0.212778763E+00 0.229122548E+00 0.240885682E+00 0.248223869E+00 0.251187766E+00
 0.249893827E+00 0.243747490E+00 0.232639704E+00 0.221262186E+00 0.212158125E+00
 0.138970882E-01 0.105940137E-01 0.950984535E-02 0.874790799E-02 0.753241785E-02
 0.610886609E-02 0.457855896E-02 0.299827171E-02 0.140692878E-02-0.165178895E-03
-0.169256856E-02-0.315274283E-02-0.452520860E-02-0.579088418E-02-0.693169785E-02
-0.793028307E-02-0.876971558E-02-0.943035510E-02-0.989255767E-02-0.101388365E-01
-0.101538170E-01-0.992423432E-02-0.943914144E-02-0.869021008E-02-0.767228199E-02
-0.638044185E-02-0.480953755E-02-0.295643664E-02-0.819461872E-03 0.160256775E-02
 0.431100032E-02 0.730712851E-02 0.105924478E-01 0.141691020E-01 0.180400726E-01
 0.222093711E-01 0.266822505E-01 0.314653946E-01 0.365671083E-01 0.419975302E-01
 0.477688857E-01 0.538958033E-01 0.603957206E-01 0.672894053E-01 0.746016215E-01
 0.823619660E-01 0.906058999E-01 0.993759744E-01 0.108723207E+00 0.118708465E+00
 0.129403526E+00 0.140891226E+00 0.153263922E+00 0.166620205E+00 0.181064539E+00
 0.196742106E+00 0.212739056E+00 0.224291198E+00 0.231977536E+00 0.236103976E+00
 0.236536628E+00 0.233570048E+00 0.226713176E+00 0.216887233E+00 0.209014752E+00
 0.257541420E-01 0.238737736E-01 0.205739655E-01 0.173577800E-01 0.145651068E-01
 0.119750645E-01 0.950732342E-02 0.713048847E-02 0.483381089E-02 0.261668411E-02
 0.484062259E-03-0.155578917E-02-0.349248944E-02-0.531420653E-02-0.700802673E-02
-0.856015083E-02-0.995396749E-02-0.111661497E-01-0.121746102E-01-0.129587347E-01
-0.134995658E-01-0.137799709E-01-0.137848114E-01-0.135010808E-01-0.129179439E-01
-0.120264953E-01-0.108198918E-01-0.929403223E-02-0.744848253E-02-0.528256715E-02
-0.279242354E-02 0.233716387E-04 0.316505155E-02 0.663379983E-02 0.104309556E-01
 0.145581286E-01 0.190176050E-01 0.238124871E-01 0.289468506E-01 0.344259097E-01
 0.402561750E-01 0.464456108E-01 0.530037886E-01 0.599420270E-01 0.672734960E-01
 0.750132401E-01 0.831780377E-01 0.917859515E-01 0.100855321E+00 0.110402772E+00
 0.120439529E+00 0.130964814E+00 0.141954110E+00 0.153337783E+00 0.164959076E+00
 0.176482603E+00 0.187233625E+00 0.196324719E+00 0.203224526E+00 0.207764500E+00
 0.209937096E+00 0.209851504E+00 0.207800550E+00 0.204425944E+00 0.200631424E+00
 0.343514834E-01 0.329040223E-01 0.288951260E-01 0.246039727E-01 0.207533001E-01
 0.172175357E-01 0.139101748E-01 0.107763480E-01 0.778327421E-02 0.491270533E-02
 0.215599480E-02-0.488989113E-03-0.301979597E-02-0.543061173E-02-0.771302118E-02
-0.985645269E-02-0.118391188E-01-0.136358460E-01-0.152220615E-01-0.165741223E-01
-0.176696092E-01-0.184875921E-01-0.190088668E-01-0.192161588E-01-0.190942848E-01
-0.186302767E-01-0.178135388E-01-0.166360244E-01-0.150922866E-01-0.131791209E-01
-0.108956793E-01-0.824492044E-02-0.523544413E-02-0.186415692E-02 0.186826421E-02
 0.595963733E-02 0.104088490E-01 0.152149300E-01 0.203772124E-01 0.258954988E-01
 0.317700990E-01 0.380018342E-01 0.445919646E-01 0.515420163E-01 0.588534628E-01
 0.665271909E-01 0.745626422E-01 0.829564723E-01 0.917004884E-01 0.100778521E+00
 0.110161735E+00 0.119801699E+00 0.129620363E+00 0.139496196E+00 0.149247259E+00
 0.158617881E+00 0.167288245E+00 0.174927770E+00 0.181270878E+00 0.186161767E+00
 0.189560332E+00 0.191538002E+00 0.192275588E+00 0.192046754E+00 0.191162029E+00
 0.400515073E-01 0.386904230E-01 0.346389024E-01 0.299338328E-01 0.255228002E-01
 0.213677963E-01 0.174263103E-01 0.136624976E-01 0.100493313E-01 0.656818271E-02
 0.320753600E-02-0.383709774E-04-0.317070194E-02-0.618692234E-02-0.908148572E-02
-0.118408980E-01-0.144380887E-01-0.168455942E-01-0.190360355E-01-0.209825375E-01
-0.226591042E-01-0.240409623E-01-0.251048749E-01-0.258294271E-01-0.261952854E-01
-0.261854312E-01-0.257853768E-01-0.249833548E-01-0.237704627E-01-0.221407606E-01
-0.200914213E-01-0.176229342E-01-0.147390263E-01-0.114457076E-01-0.775381982E-02
-0.367844032E-02 0.779249747E-03 0.561368385E-02 0.108188863E-01 0.163891488E-01
 0.223185858E-01 0.286011373E-01 0.352303386E-01 0.421989824E-01 0.494986054E-01
 0.571187432E-01 0.650458781E-01 0.732619826E-01 0.817425422E-01 0.904539305E-01
 0.993500302E-01 0.108368089E+00 0.117424061E+00 0.126408234E+00 0.135182970E+00
 0.143585535E+00 0.151439157E+00 0.158572535E+00 0.164842730E+00 0.170153845E+00
 0.174467312E+00 0.177803920E+00 0.180238430E+00 0.181886233E+00 0.182882796E+00
 0.442617011E-01 0.429161739E-01 0.386872314E-01 0.337275667E-01 0.289648952E-01
 0.243837620E-01 0.199649702E-01 0.156894186E-01 0.115406745E-01 0.750610178E-02
 0.357710306E-02-0.251072459E-03-0.397967344E-02-0.760678353E-02-0.111275424E-01
-0.145174665E-01-0.177466196E-01-0.207844301E-01-0.236001448E-01-0.261632592E-01
-0.284439266E-01-0.304133483E-01-0.320441443E-01-0.333107051E-01-0.341895228E-01
-0.346595014E-01-0.347022435E-01-0.343023101E-01-0.334474506E-01-0.321288021E-01
-0.303410649E-01-0.280826430E-01-0.253557152E-01-0.221662560E-01-0.185242603E-01
-0.144435551E-01-0.994125420E-02-0.504171235E-02 0.241406868E-03 0.589847771E-02
 0.119174013E-01 0.182860337E-01 0.249913280E-01 0.320190731E-01 0.393533665E-01
 0.469759129E-01 0.548651072E-01 0.629948703E-01 0.713332178E-01 0.798405763E-01
 0.884679172E-01 0.971548872E-01 0.105828280E+00 0.114401409E+00 0.122775133E+00
 0.130841305E+00 0.138488979E+00 0.145612864E+00 0.152122497E+00 0.157950191E+00
 0.163056183E+00 0.167430185E+00 0.171089265E+00 0.174072482E+00 0.176433396E+00
 0.472581345E-01 0.458661951E-01 0.414659956E-01 0.363157510E-01 0.312956437E-01
 0.263915849E-01 0.215920673E-01 0.168868546E-01 0.122675586E-01 0.772784839E-02
 0.326356404E-02-0.112723152E-02-0.544426602E-02-0.968515162E-02-0.138360987E-01
-0.178646049E-01-0.217370530E-01-0.254191076E-01-0.288761264E-01-0.320735773E-01
-0.349774570E-01-0.375547076E-01-0.397736280E-01-0.416042760E-01-0.430188589E-01
-0.439921069E-01-0.445016264E-01-0.445282285E-01-0.440562280E-01-0.430737098E-01
-0.415727591E-01-0.395496511E-01-0.370049962E-01-0.339438449E-01-0.303757654E-01
-0.263148476E-01-0.217796795E-01-0.167934427E-01-0.113830769E-01-0.558216988E-02
 0.582322308E-03 0.709520083E-02 0.139377219E-01 0.210904721E-01 0.285324975E-01
 0.362407900E-01 0.441896265E-01 0.523497701E-01 0.606875742E-01 0.691640377E-01
 0.777339016E-01 0.863449250E-01 0.949375377E-01 0.103445109E+00 0.111795066E+00
 0.119911015E+00 0.127715802E+00 0.135135221E+00 0.142101803E+00 0.148558078E+00
 0.154458789E+00 0.159771827E+00 0.164477957E+00 0.168569682E+00 0.172049740E+00
 0.491089947E-01 0.475931267E-01 0.431990245E-01 0.379292628E-01 0.327229460E-01
 0.275624995E-01 0.224405783E-01 0.173552257E-01 0.123058765E-01 0.729240714E-02
 0.231520375E-02-0.262452140E-02-0.752438060E-02-0.123804195E-01-0.171623366E-01
-0.218335062E-01-0.263561908E-01-0.306918930E-01-0.348017355E-01-0.386468650E-01
-0.421888747E-01-0.453902397E-01-0.482147608E-01-0.506280092E-01-0.525977674E-01
-0.540944603E-01-0.550915688E-01-0.555660212E-01-0.554985554E-01-0.548740462E-01
-0.536817917E-01-0.519157553E-01-0.495747582E-01-0.466626216E-01-0.431882574E-01
-0.391657043E-01-0.346141156E-01-0.295577050E-01-0.240256169E-01-0.180519273E-01
-0.116750108E-01-0.493976070E-02 0.211912732E-02 0.948010763E-02 0.171189549E-01
 0.250102334E-01 0.331268664E-01 0.414395732E-01 0.499163419E-01 0.585219336E-01
 0.672174620E-01 0.759601185E-01 0.847031183E-01 0.933959420E-01 0.101984910E+00
 0.110414067E+00 0.118626284E+00 0.126564374E+00 0.134172023E+00 0.141394332E+00
 0.148177945E+00 0.154470956E+00 0.160223080E+00 0.165386724E+00 0.169919467E+00
 0.501167353E-01 0.483541858E-01 0.440029122E-01 0.388086054E-01 0.334908560E-01
 0.281045897E-01 0.226797312E-01 0.172312192E-01 0.117673532E-01 0.629327657E-02
 0.812689062E-03-0.467119337E-02-0.101550889E-01-0.156227913E-01-0.210346692E-01
-0.263497906E-01-0.315261341E-01-0.365208794E-01-0.412907564E-01-0.457924387E-01
-0.499829720E-01-0.538202290E-01-0.572633826E-01-0.602733913E-01-0.628134875E-01
-0.648496618E-01-0.663511345E-01-0.672908063E-01-0.676456806E-01-0.673972483E-01
-0.665318289E-01-0.650408609E-01-0.629211362E-01-0.601749739E-01-0.568103319E-01
-0.528408537E-01-0.482858525E-01-0.431702342E-01-0.375243635E-01-0.313838853E-01
-0.247894759E-01-0.177866529E-01-0.104250151E-01-0.276135296E-02 0.517160155E-02
 0.133475178E-01 0.217399573E-01 0.303214583E-01 0.390633946E-01 0.479357749E-01
 0.569070614E-01 0.659440523E-01 0.750118496E-01 0.840739045E-01 0.930921001E-01
 0.102026780E+00 0.110836576E+00 0.119477858E+00 0.127903569E+00 0.136061326E+00
 0.143890780E+00 0.151320689E+00 0.158266860E+00 0.164633030E+00 0.170317066E+00
 0.515169271E-01 0.496782837E-01 0.450246795E-01 0.395199926E-01 0.339267489E-01
 0.282425366E-01 0.224820780E-01 0.166565686E-01 0.107735410E-01 0.483823046E-02
-0.114538352E-02-0.717382575E-02-0.132434955E-01-0.193197820E-01-0.253592653E-01
-0.313170521E-01-0.371470162E-01-0.428021002E-01-0.482346707E-01-0.533969235E-01
-0.582413287E-01-0.627211115E-01-0.667907593E-01-0.704065475E-01-0.735270755E-01
-0.761138039E-01-0.781315821E-01-0.795491577E-01-0.803396568E-01-0.804810258E-01
-0.799564252E-01-0.787545671E-01-0.768699895E-01-0.743032599E-01-0.710611064E-01
-0.671564709E-01-0.626084863E-01-0.574423771E-01-0.516892882E-01-0.453860447E-01
-0.385748506E-01-0.313029351E-01-0.236221380E-01-0.155885647E-01-0.726140256E-02
 0.129823834E-02 0.100678497E-01 0.190223196E-01 0.281371440E-01 0.373882353E-01
 0.467518146E-01 0.562043690E-01 0.657226464E-01 0.752836423E-01 0.848644983E-01
 0.944421822E-01 0.103992754E+00 0.113489928E+00 0.122902533E+00 0.132190323E+00
 0.141297472E+00 0.150143167E+00 0.158609588E+00 0.166531324E+00 0.173698974E+00
 0.527537430E-01 0.508295947E-01 0.459341857E-01 0.400659281E-01 0.341210451E-01
 0.280887226E-01 0.219635539E-01 0.157449663E-01 0.943422515E-02 0.303306132E-02
-0.345680882E-02-0.100337793E-01-0.166844909E-01-0.233641720E-01-0.300260533E-01
-0.366216239E-01-0.431009147E-01-0.494128268E-01-0.555055088E-01-0.613267823E-01
-0.668246138E-01-0.719476255E-01-0.766456392E-01-0.808702457E-01-0.845753893E-01
-0.877179578E-01-0.902583672E-01-0.921611290E-01-0.933953895E-01-0.939354274E-01
-0.937611011E-01-0.928582331E-01-0.912189238E-01-0.888417860E-01-0.857320942E-01
-0.819018458E-01-0.773697301E-01-0.721610080E-01-0.663073026E-01-0.598463064E-01
-0.528214098E-01-0.452812602E-01-0.372792581E-01-0.288730037E-01-0.201236784E-01
-0.110955631E-01-0.185597975E-02 0.756094473E-02 0.171355816E-01 0.268501826E-01
 0.366889107E-01 0.466379551E-01 0.566857047E-01 0.668229391E-01 0.770429741E-01
 0.873416535E-01 0.977170114E-01 0.108168315E+00 0.118693999E+00 0.129287626E+00
 0.139930283E+00 0.150576299E+00 0.161125695E+00 0.171365740E+00 0.180850086E+00
 0.536869630E-01 0.516510264E-01 0.464158825E-01 0.402847015E-01 0.340428423E-01
 0.276814406E-01 0.211963797E-01 0.145851246E-01 0.784633159E-02 0.979305203E-03
-0.601642979E-02-0.131414380E-01-0.203647984E-01-0.276387735E-01-0.349134794E-01
-0.421370714E-01-0.492560137E-01-0.562154158E-01-0.629594250E-01-0.694316742E-01
-0.755757801E-01-0.813358869E-01-0.866572493E-01-0.914868457E-01-0.957740127E-01
-0.994710889E-01-0.102534057E+00-0.104923170E+00-0.106603550E+00-0.107545740E+00
-0.107726211E+00-0.107127789E+00-0.105740014E+00-0.103559401E+00-0.100589619E+00
-0.968415531E-01-0.923332732E-01-0.870898957E-01-0.811433401E-01-0.745319884E-01
-0.673002507E-01-0.594980456E-01-0.511802039E-01-0.424058055E-01-0.332374587E-01
-0.237405374E-01-0.139823484E-01-0.403105713E-02 0.606782670E-02 0.163028964E-01
 0.266659429E-01 0.371523171E-01 0.477614100E-01 0.584972584E-01 0.693692831E-01
 0.803931532E-01 0.915917580E-01 0.102996240E+00 0.114646996E+00 0.126594461E+00
 0.138899313E+00 0.151631163E+00 0.164862217E+00 0.178628753E+00 0.192269374E+00
 0.541283280E-01 0.519378132E-01 0.466300026E-01 0.402754217E-01 0.337639088E-01
 0.270933757E-01 0.202612330E-01 0.132654797E-01 0.610448524E-02-0.122330237E-02
-0.871951096E-02-0.163827158E-01-0.241662941E-01-0.320204747E-01-0.398928099E-01
-0.477285289E-01-0.554708761E-01-0.630614794E-01-0.704407660E-01-0.775484336E-01
-0.843239757E-01-0.907072584E-01-0.966391426E-01-0.102062142E+00-0.106921107E+00
-0.111163924E+00-0.114742216E+00-0.117612025E+00-0.119734472E+00-0.121076373E+00
-0.121610789E+00-0.121317514E+00-0.120183472E+00-0.118203016E+00-0.115378124E+00
-0.111718484E+00-0.107241457E+00-0.101971930E+00-0.959420433E-01-0.891908112E-01
-0.817636359E-01-0.737117203E-01-0.650913922E-01-0.559633486E-01-0.463918286E-01
-0.364437214E-01-0.261876111E-01-0.156927559E-01-0.502804764E-02 0.575741253E-02
 0.166619327E-01 0.276885082E-01 0.388455732E-01 0.501480069E-01 0.616184766E-01
 0.732892349E-01 0.852045419E-01 0.974239701E-01 0.110027014E+00 0.123119731E+00
 0.136844810E+00 0.151398211E+00 0.167060760E+00 0.184267977E+00 0.202217588E+00
 0.545237732E-01 0.521894203E-01 0.467268662E-01 0.401605101E-01 0.333938622E-01
 0.264257813E-01 0.192551851E-01 0.118819255E-01 0.430537216E-02-0.347629367E-02
-0.114663345E-01-0.196481488E-01-0.279718742E-01-0.363850496E-01-0.448326260E-01
-0.532571173E-01-0.615988510E-01-0.697963024E-01-0.777865051E-01-0.855055323E-01
-0.928890449E-01-0.998728992E-01-0.106393807E+00-0.112390038E+00-0.117802154E+00
-0.122573764E+00-0.126652278E+00-0.129989655E+00-0.132543119E+00-0.134275832E+00
-0.135157509E+00-0.135164947E+00-0.134282474E+00-0.132502283E+00-0.129824658E+00
-0.126258075E+00-0.121819173E+00-0.116532601E+00-0.110430727E+00-0.103553232E+00
-0.959465827E-01-0.876633911E-01-0.787616814E-01-0.693040659E-01-0.593568453E-01
-0.489890437E-01-0.382713874E-01-0.272752367E-01-0.160714821E-01-0.472940650E-02
 0.670647900E-02 0.182444331E-01 0.298987036E-01 0.416906681E-01 0.536504059E-01
 0.658188871E-01 0.782510264E-01 0.910199698E-01 0.104223163E+00 0.117990977E+00
 0.132498840E+00 0.147983483E+00 0.164761594E+00 0.183241730E+00 0.202999725E+00
 0.550966750E-01 0.526514446E-01 0.468283461E-01 0.400693711E-01 0.330586335E-01
 0.257928458E-01 0.182814986E-01 0.105313683E-01 0.254467149E-02-0.568027167E-02
-0.141482499E-01-0.228272071E-01-0.316657939E-01-0.406098789E-01-0.496025191E-01
-0.585840750E-01-0.674924409E-01-0.762633755E-01-0.848309204E-01-0.931278997E-01
-0.101086494E+00-0.108638879E+00-0.115717930E+00-0.122257963E+00-0.128195523E+00
-0.133470188E+00-0.138025384E+00-0.141809190E+00-0.144775114E+00-0.146882826E+00
-0.148098825E+00-0.148397025E+00-0.147759250E+00-0.146175607E+00-0.143644743E+00
-0.140173972E+00-0.135779254E+00-0.130485046E+00-0.124324004E+00-0.117336559E+00
-0.109570356E+00-0.101079588E+00-0.919242150E-01-0.821690999E-01-0.718830594E-01
-0.611378586E-01-0.500071521E-01-0.385653874E-01-0.268866799E-01-0.150436638E-01
-0.310631892E-02 0.889278202E-02 0.209700533E-01 0.331483087E-01 0.454579523E-01
 0.579387655E-01 0.706423979E-01 0.836358221E-01 0.970061904E-01 0.110867800E+00
 0.125372367E+00 0.140724705E+00 0.157207343E+00 0.175216482E+00 0.194465444E+00
 0.552829894E-01 0.525712979E-01 0.470864484E-01 0.402278107E-01 0.329204024E-01
 0.253082072E-01 0.174285249E-01 0.929224748E-02 0.899841876E-03-0.775351241E-02
-0.166757047E-01-0.258222153E-01-0.351417669E-01-0.445796580E-01-0.540778666E-01
-0.635752419E-01-0.730077842E-01-0.823090118E-01-0.914104115E-01-0.100241970E+00
-0.108732781E+00-0.116811720E+00-0.124408190E+00-0.131452906E+00-0.137878731E+00
-0.143621536E+00-0.148621063E+00-0.152821794E+00-0.156173779E+00-0.158633428E+00
-0.160164236E+00-0.160737417E+00-0.160332449E+00-0.158937486E+00-0.156549653E+00
-0.153175194E+00-0.148829472E+00-0.143536828E+00-0.137330283E+00-0.130251100E+00
-0.122348220E+00-0.113677561E+00-0.104301223E+00-0.942865908E-01-0.837053684E-01
-0.726325492E-01-0.611453496E-01-0.493221140E-01-0.372412064E-01-0.249798994E-01
-0.126132687E-01-0.213105814E-03 0.122057213E-01 0.246636605E-01 0.371856458E-01
 0.498021738E-01 0.625504054E-01 0.754754104E-01 0.886316041E-01 0.102084422E+00
 0.115912406E+00 0.130210523E+00 0.145098537E+00 0.160758025E+00 0.177186141E+00
 0.574739599E-01 0.550462133E-01 0.485938861E-01 0.408847510E-01 0.330415737E-01
 0.249952403E-01 0.167189047E-01 0.819653439E-02-0.585910415E-03-0.964275191E-02
-0.189800776E-01-0.285514591E-01-0.383062502E-01-0.481897282E-01-0.581432975E-01
-0.681047611E-01-0.780086618E-01-0.877866970E-01-0.973682099E-01-0.106680758E+00
-0.115650755E+00-0.124204187E+00-0.132267388E+00-0.139767875E+00-0.146635228E+00
-0.152801992E+00-0.158204601E+00-0.162784289E+00-0.166487982E+00-0.169269137E+00
-0.171088521E+00-0.171914899E+00-0.171725615E+00-0.170507060E+00-0.168254986E+00
-0.164974695E+00-0.160681052E+00-0.155398357E+00-0.149160060E+00-0.142008316E+00
-0.133993417E+00-0.125173082E+00-0.115611649E+00-0.105379170E+00-0.945504344E-01
-0.832039423E-01-0.714208487E-01-0.592838942E-01-0.468763420E-01-0.342809275E-01
-0.215788197E-01-0.884855502E-02 0.383516904E-02 0.164814871E-01 0.291062448E-01
 0.417269731E-01 0.543621903E-01 0.670302781E-01 0.797474319E-01 0.925238402E-01
 0.105356422E+00 0.118214469E+00 0.131009366E+00 0.143528041E+00 0.155322676E+00
 0.588406144E-01 0.564246968E-01 0.494928159E-01 0.413747371E-01 0.331331530E-01
 0.247178189E-01 0.160927379E-01 0.722928410E-02-0.189688716E-02-0.113081595E-01
-0.210060488E-01-0.309457865E-01-0.410775392E-01-0.513467477E-01-0.616944589E-01
-0.720576816E-01-0.823697897E-01-0.925609827E-01-0.102558815E+00-0.112288796E+00
-0.121675066E+00-0.130641141E+00-0.139110726E+00-0.147008586E+00-0.154261460E+00
-0.160799017E+00-0.166554811E+00-0.171467252E+00-0.175480536E+00-0.178545540E+00
-0.180620643E+00-0.181672464E+00-0.181676484E+00-0.180617549E+00-0.178490227E+00
-0.175299014E+00-0.171058376E+00-0.165792639E+00-0.159535703E+00-0.152330618E+00
-0.144229000E+00-0.135290334E+00-0.125581152E+00-0.115174134E+00-0.104147129E+00
-0.925821466E-01-0.805643207E-01-0.681808898E-01-0.555202126E-01-0.426708555E-01
-0.297207991E-01-0.167568455E-01-0.386439654E-02 0.890639017E-02 0.215645405E-01
 0.341168300E-01 0.465665939E-01 0.589117669E-01 0.711418317E-01 0.832331379E-01
 0.951418342E-01 0.106793632E+00 0.118070570E+00 0.128798977E+00 0.138751407E+00
 0.591348704E-01 0.566310421E-01 0.497972424E-01 0.414977585E-01 0.330301770E-01
 0.243722149E-01 0.154955278E-01 0.637239963E-02-0.302367710E-02-0.127183022E-01
-0.227069036E-01-0.329453788E-01-0.433841364E-01-0.539684817E-01-0.646389942E-01
-0.753319216E-01-0.859796108E-01-0.965109926E-01-0.106852131E+00-0.116926843E+00
-0.126657394E+00-0.135965268E+00-0.144772005E+00-0.153000095E+00-0.160573937E+00
-0.167420810E+00-0.173471885E+00-0.178663222E+00-0.182936745E+00-0.186241178E+00
-0.188532906E+00-0.189776753E+00-0.189946644E+00-0.189026137E+00-0.187008814E+00
-0.183898512E+00-0.179709387E+00-0.174465820E+00-0.168202144E+00-0.160962225E+00
-0.152798886E+00-0.143773209E+00-0.133953718E+00-0.123415478E+00-0.112239129E+00
-0.100509878E+00-0.883164922E-01-0.757502982E-01-0.629042369E-01-0.498719869E-01
-0.367471845E-01-0.236227477E-01-0.105902671E-01 0.226069959E-02 0.149159534E-01
 0.273752945E-01 0.396331676E-01 0.516768964E-01 0.634844270E-01 0.750214777E-01
 0.862381834E-01 0.970657159E-01 0.107414092E+00 0.117173324E+00 0.126220427E+00
 0.592617567E-01 0.567069804E-01 0.497413117E-01 0.413378096E-01 0.327516612E-01
 0.239576913E-01 0.149285827E-01 0.563715144E-02-0.394313952E-02-0.138384338E-01
-0.240375584E-01-0.344957730E-01-0.451628563E-01-0.559834450E-01-0.668973763E-01
-0.778400568E-01-0.887428771E-01-0.995336855E-01-0.110137334E+00-0.120476297E+00
-0.130471379E+00-0.140042486E+00-0.149109484E+00-0.157593111E+00-0.165415952E+00
-0.172503448E+00-0.178784919E+00-0.184194604E+00-0.188672660E+00-0.192166135E+00
-0.194629858E+00-0.196027250E+00-0.196331013E+00-0.195523697E+00-0.193598109E+00
-0.190557570E+00-0.186415999E+00-0.181197827E+00-0.174937747E+00-0.167680291E+00
-0.159479272E+00-0.150397080E+00-0.140503875E+00-0.129876685E+00-0.118598446E+00
-0.106757003E+00-0.944441077E-01-0.817544385E-01-0.687846685E-01-0.556326175E-01
-0.423965135E-01-0.291744021E-01-0.160637637E-01-0.316146241E-02 0.947570004E-02
 0.218455247E-01 0.339394199E-01 0.457416711E-01 0.572284514E-01 0.683667617E-01
 0.791135601E-01 0.894154851E-01 0.992097382E-01 0.108426738E+00 0.116994926E+00
 0.590797224E-01 0.564814986E-01 0.493729545E-01 0.409502295E-01 0.323462998E-01
 0.235177098E-01 0.144323379E-01 0.506314459E-02-0.461462571E-02-0.146253685E-01
-0.249514289E-01-0.355463476E-01-0.463585542E-01-0.573315927E-01-0.684043634E-01
-0.795114134E-01-0.905832940E-01-0.101546997E+00-0.112326473E+00-0.122843241E+00
-0.133017081E+00-0.142766813E+00-0.152011154E+00-0.160669645E+00-0.168663634E+00
-0.175917296E+00-0.182358687E+00-0.187920789E+00-0.192542542E+00-0.196169826E+00
-0.198756389E+00-0.200264667E+00-0.200666502E+00-0.199943725E+00-0.198088585E+00
-0.195104025E+00-0.191003778E+00-0.185812294E+00-0.179564499E+00-0.172305383E+00
-0.164089442E+00-0.154979985E+00-0.145048327E+00-0.134372892E+00-0.123038252E+00
-0.111134134E+00-0.987544208E-01-0.859961671E-01-0.729586675E-01-0.597425942E-01
-0.464492247E-01-0.331797729E-01-0.200348226E-01-0.711383017E-02 0.549465766E-02
 0.177870105E-01 0.297539543E-01 0.413800745E-01 0.526434863E-01 0.635157159E-01
 0.739619202E-01 0.839416238E-01 0.934101604E-01 0.102320952E+00 0.110628615E+00
 0.581654551E-01 0.554530525E-01 0.486113176E-01 0.403611110E-01 0.318847545E-01
 0.231307328E-01 0.140780948E-01 0.471170324E-02-0.498498997E-02-0.150312301E-01
-0.254034951E-01-0.360530130E-01-0.469266319E-01-0.579667725E-01-0.691114958E-01
-0.802946800E-01-0.914463043E-01-0.102492835E+00-0.113357713E+00-0.123961942E+00
-0.134224766E+00-0.144064449E+00-0.153399120E+00-0.162147709E+00-0.170230929E+00
-0.177572308E+00-0.184099241E+00-0.189744054E+00-0.194445039E+00-0.198147455E+00
-0.200804457E+00-0.202377939E+00-0.202839255E+00-0.202169817E+00-0.200361539E+00
-0.197417114E+00-0.193350126E+00-0.188184985E+00-0.181956689E+00-0.174710425E+00
-0.166501010E+00-0.157392207E+00-0.147455918E+00-0.136771294E+00-0.125423777E+00
-0.113504107E+00-0.101107322E+00-0.883317758E-01-0.752781961E-01-0.620488126E-01
-0.487465618E-01-0.354743856E-01-0.223346275E-01-0.942851674E-02 0.314427434E-02
 0.153723316E-01 0.272473035E-01 0.387551320E-01 0.498762428E-01 0.605859217E-01
 0.708549692E-01 0.806507161E-01 0.899384613E-01 0.986833345E-01 0.106852511E+00
 0.567093818E-01 0.536577347E-01 0.475468290E-01 0.398397924E-01 0.315810677E-01
 0.229443786E-01 0.139671045E-01 0.465458957E-02-0.500079596E-02-0.150137660E-01
-0.253583365E-01-0.359843445E-01-0.468377788E-01-0.578605191E-01-0.689902850E-01
-0.801607427E-01-0.913017439E-01-0.102339683E+00-0.113197966E+00-0.123797580E+00
-0.134057771E+00-0.143896802E+00-0.153232807E+00-0.161984713E+00-0.170073224E+00
-0.177421846E+00-0.183957944E+00-0.189613799E+00-0.194327646E+00-0.198044672E+00
-0.200717950E+00-0.202309276E+00-0.202789899E+00-0.202141119E+00-0.200354727E+00
-0.197433296E+00-0.193390289E+00-0.188249999E+00-0.182047317E+00-0.174827332E+00
-0.166644789E+00-0.157563395E+00-0.147655027E+00-0.136998845E+00-0.125680333E+00
-0.113790318E+00-0.101423969E+00-0.886798178E-01-0.756588171E-01-0.624634673E-01
-0.491970184E-01-0.359627678E-01-0.228634694E-01-0.100008780E-01 0.252450167E-02
 0.146974520E-01 0.265100663E-01 0.379488408E-01 0.489950838E-01 0.596254540E-01
 0.698127288E-01 0.795268696E-01 0.887364153E-01 0.974101834E-01 0.105519202E+00
 0.574829969E-01 0.547324413E-01 0.480258437E-01 0.399852428E-01 0.316826258E-01
 0.230815401E-01 0.141692516E-01 0.493554748E-02-0.463270784E-02-0.145522333E-01
-0.248007395E-01-0.353288542E-01-0.460831084E-01-0.570058160E-01-0.680350941E-01
-0.791050062E-01-0.901458212E-01-0.101084381E+00-0.111844574E+00-0.122347905E+00
-0.132514168E+00-0.142262206E+00-0.151510751E+00-0.160179344E+00-0.168189305E+00
-0.175464754E+00-0.181933652E+00-0.187528847E+00-0.192189106E+00-0.195860098E+00
-0.198495318E+00-0.200056913E+00-0.200516408E+00-0.199855290E+00-0.198065449E+00
-0.195149459E+00-0.191120685E+00-0.186003225E+00-0.179831676E+00-0.172650737E+00
-0.164514670E+00-0.155486615E+00-0.145637801E+00-0.135046661E+00-0.123797891E+00
-0.111981470E+00-0.996916623E-01-0.870260545E-01-0.740846175E-01-0.609688398E-01
-0.477809329E-01-0.346231197E-01-0.215969918E-01-0.880289410E-02 0.366076908E-02
 0.157860766E-01 0.275638782E-01 0.389796377E-01 0.500135287E-01 0.606407681E-01
 0.708322462E-01 0.805555200E-01 0.897762223E-01 0.984598851E-01 0.106574104E+00
 0.577358457E-01 0.550643247E-01 0.483912634E-01 0.403203274E-01 0.320225185E-01
 0.234743462E-01 0.146525192E-01 0.553652779E-02-0.389342044E-02-0.136577821E-01
-0.237421075E-01-0.340991413E-01-0.446769415E-01-0.554190144E-01-0.662644911E-01
-0.771483695E-01-0.880018349E-01-0.987526660E-01-0.109325728E+00-0.119643558E+00
-0.129627036E+00-0.139196142E+00-0.148270791E+00-0.156771736E+00-0.164621528E+00
-0.171745513E+00-0.178072862E+00-0.183537590E+00-0.188079568E+00-0.191645485E+00
-0.194189750E+00-0.195675302E+00-0.196074311E+00-0.195368749E+00-0.193550818E+00
-0.190623218E+00-0.186599246E+00-0.181502732E+00-0.175367803E+00-0.168238493E+00
-0.160168195E+00-0.151218988E+00-0.141460856E+00-0.130970810E+00-0.119831952E+00
-0.108132508E+00-0.959648415E-01-0.834244999E-01-0.706092967E-01-0.576184683E-01
-0.445519234E-01-0.315096042E-01-0.185909733E-01-0.589462538E-02 0.650073529E-02
 0.185907292E-01 0.303653012E-01 0.418084278E-01 0.528978758E-01 0.636051226E-01
 0.738955862E-01 0.837293486E-01 0.930625549E-01 0.101849616E+00 0.110046200E+00
 0.579950777E-01 0.554260523E-01 0.486093129E-01 0.406149965E-01 0.324213711E-01
 0.240025244E-01 0.153362932E-01 0.640045551E-02-0.282695999E-02-0.123679513E-01
-0.222173821E-01-0.323300079E-01-0.426555271E-01-0.531388521E-01-0.637203979E-01
-0.743364075E-01-0.849193299E-01-0.953982643E-01-0.105699475E+00-0.115746988E+00
-0.125463259E+00-0.134769928E+00-0.143588638E+00-0.151841923E+00-0.159454142E+00
-0.166352455E+00-0.172467822E+00-0.177735991E+00-0.182098482E+00-0.185503517E+00
-0.187906889E+00-0.189272743E+00-0.189574252E+00-0.188794160E+00-0.186925191E+00
-0.183970297E+00-0.179942748E+00-0.174866055E+00-0.168773732E+00-0.161708900E+00
-0.153723746E+00-0.144878857E+00-0.135242436E+00-0.124889442E+00-0.113900657E+00
-0.102361727E+00-0.903621882E-01-0.779945129E-01-0.653532061E-01-0.525339754E-01
-0.396330095E-01-0.267464085E-01-0.139698362E-01-0.139853964E-02 0.109247509E-01
 0.229959348E-01 0.348049338E-01 0.463349847E-01 0.575616836E-01 0.684519650E-01
 0.789632669E-01 0.890432681E-01 0.986307379E-01 0.107658081E+00 0.116055942E+00
 0.576307618E-01 0.551282095E-01 0.486363692E-01 0.408032034E-01 0.327929831E-01
 0.245834497E-01 0.161493772E-01 0.746679125E-02-0.148678762E-02-0.107328655E-01
-0.202760558E-01-0.300723634E-01-0.400726907E-01-0.502231469E-01-0.604653890E-01
-0.707369911E-01-0.809718535E-01-0.911006637E-01-0.101051420E+00-0.110750024E+00
-0.120120943E+00-0.129087948E+00-0.137574910E+00-0.145506664E+00-0.152809914E+00
-0.159414173E+00-0.165252723E+00-0.170263574E+00-0.174390396E+00-0.177583417E+00
-0.179800249E+00-0.181006632E+00-0.181177074E+00-0.180295365E+00-0.178354954E+00
-0.175359182E+00-0.171321345E+00-0.166264613E+00-0.160221784E+00-0.153234880E+00
-0.145354617E+00-0.136639735E+00-0.127156227E+00-0.116976483E+00-0.106178367E+00
-0.948442550E-01-0.830600663E-01-0.709143027E-01-0.584971269E-01-0.458995000E-01
-0.332123948E-01-0.205260841E-01-0.792947521E-02 0.449327852E-02 0.167415356E-01
 0.288120275E-01 0.406969430E-01 0.523820148E-01 0.638442523E-01 0.750491624E-01
 0.859475152E-01 0.964721022E-01 0.106535638E+00 0.116031860E+00 0.124842226E+00
 0.571270982E-01 0.547097187E-01 0.483900753E-01 0.407964320E-01 0.330667820E-01
 0.251595417E-01 0.170415453E-01 0.868796849E-02 0.786566527E-04-0.880427508E-02
-0.179738910E-01-0.273869178E-01-0.369949052E-01-0.467447674E-01-0.565792015E-01
-0.664370755E-01-0.762538349E-01-0.859619520E-01-0.954914338E-01-0.104770396E+00
-0.113725702E+00-0.122283677E+00-0.130370873E+00-0.137914896E+00-0.144845277E+00
-0.151094369E+00-0.156598262E+00-0.161297696E+00-0.165138945E+00-0.168074666E+00
-0.170064684E+00-0.171076683E+00-0.171086813E+00-0.170080161E+00-0.168051101E+00
-0.165003497E+00-0.160950750E+00-0.155915702E+00-0.149930380E+00-0.143035599E+00
-0.135280420E+00-0.126721502E+00-0.117422327E+00-0.107452356E+00-0.968861097E-01
-0.858022119E-01-0.742824098E-01-0.624106041E-01-0.502719074E-01-0.379517582E-01
-0.255351161E-01-0.131057645E-01-0.745739981E-03 0.115161059E-01 0.236861001E-01
 0.357683120E-01 0.477636179E-01 0.596678899E-01 0.714690897E-01 0.831427883E-01
 0.946454050E-01 0.105904423E+00 0.116805745E+00 0.127182198E+00 0.136815392E+00
 0.562099295E-01 0.538427476E-01 0.476385148E-01 0.404964034E-01 0.332128915E-01
 0.257206297E-01 0.180004682E-01 0.100415107E-01 0.183397120E-02-0.663239600E-02
-0.153687212E-01-0.243401876E-01-0.334976835E-01-0.427882967E-01-0.521555060E-01
-0.615394359E-01-0.708771798E-01-0.801031934E-01-0.891497602E-01-0.979475283E-01
-0.106426117E+00-0.114514791E+00-0.122143191E+00-0.129242116E+00-0.135744353E+00
-0.141585524E+00-0.146704951E+00-0.151046513E+00-0.154559482E+00-0.157199317E+00
-0.158928391E+00-0.159716645E+00-0.159542136E+00-0.158391479E+00-0.156260158E+00
-0.153152698E+00-0.149082701E+00-0.144072730E+00-0.138154048E+00-0.131366221E+00
-0.123756587E+00-0.115379606E+00-0.106296107E+00-0.965724451E-01-0.862795942E-01
-0.754921860E-01-0.642875239E-01-0.527445872E-01-0.409430509E-01-0.289623476E-01
-0.168808083E-01-0.477494634E-02 0.730644231E-02 0.193738848E-01 0.314400343E-01
 0.435191960E-01 0.556267394E-01 0.677780524E-01 0.799865841E-01 0.922601839E-01
 0.104594153E+00 0.116957520E+00 0.129264118E+00 0.141309044E+00 0.152663347E+00
 0.541845135E-01 0.516318679E-01 0.464897378E-01 0.401418518E-01 0.333962892E-01
 0.263600476E-01 0.190685769E-01 0.115344225E-01 0.376067876E-02-0.425446264E-02
-0.125159137E-01-0.210022325E-01-0.296637988E-01-0.384480778E-01-0.472995556E-01
-0.561598586E-01-0.649679959E-01-0.736606972E-01-0.821728352E-01-0.904379235E-01
-0.983886849E-01-0.105957685E+00-0.113078022E+00-0.119684065E+00-0.125712227E+00
-0.131101769E+00-0.135795601E+00-0.139741092E+00-0.142890838E+00-0.145203407E+00
-0.146644007E+00-0.147185087E+00-0.146806843E+00-0.145497613E+00-0.143254156E+00
-0.140081798E+00-0.135994448E+00-0.131014467E+00-0.125172416E+00-0.118506649E+00
-0.111062805E+00-0.102893166E+00-0.940559203E-01-0.846143416E-01-0.746358885E-01
-0.641912509E-01-0.533533528E-01-0.421963251E-01-0.307944552E-01-0.192211182E-01
-0.754769436E-02 0.416291820E-02 0.159213636E-01 0.277430213E-01 0.396484465E-01
 0.516640205E-01 0.638228239E-01 0.761657295E-01 0.887427139E-01 0.101614412E+00
 0.114854072E+00 0.128550693E+00 0.142817002E+00 0.157824801E+00 0.173569855E+00
 0.539307785E-01 0.516193296E-01 0.464843415E-01 0.402906007E-01 0.338570782E-01
 0.271863672E-01 0.202875700E-01 0.131684532E-01 0.583351218E-02-0.171567947E-02
-0.947975285E-02-0.174524460E-01-0.255857019E-01-0.338284925E-01-0.421270207E-01
-0.504249304E-01-0.586635694E-01-0.667823205E-01-0.747190029E-01-0.824103417E-01
-0.897925034E-01-0.968016906E-01-0.103374789E+00-0.109450060E+00-0.114967861E+00
-0.119871393E+00-0.124107451E+00-0.127627166E+00-0.130386721E+00-0.132348030E+00
-0.133479358E+00-0.133755863E+00-0.133160057E+00-0.131682160E+00-0.129320343E+00
-0.126080857E+00-0.121978023E+00-0.117034107E+00-0.111279057E+00-0.104750120E+00
-0.974913451E-01-0.895529653E-01-0.809906943E-01-0.718649278E-01-0.622398743E-01
-0.521826227E-01-0.417621610E-01-0.310483512E-01-0.201108554E-01-0.901796890E-02
 0.216465583E-02 0.134387256E-01 0.248169554E-01 0.363182243E-01 0.479689061E-01
 0.598046009E-01 0.718724867E-01 0.842345772E-01 0.969723121E-01 0.110193159E+00
 0.124040362E+00 0.138707861E+00 0.154463734E+00 0.171684512E+00 0.190094597E+00
 0.538326126E-01 0.516934603E-01 0.466538930E-01 0.406743820E-01 0.345110969E-01
 0.281596615E-01 0.216217361E-01 0.148999686E-01 0.799690223E-02 0.914411246E-03
-0.634645726E-02-0.137854267E-01-0.213677240E-01-0.290440333E-01-0.367626646E-01
-0.444696988E-01-0.521092265E-01-0.596236619E-01-0.669541247E-01-0.740408854E-01
-0.808238693E-01-0.872432155E-01-0.932398817E-01-0.987562889E-01-0.103736993E+00
-0.108129375E+00-0.111884332E+00-0.114956964E+00-0.117307226E+00-0.118900552E+00
-0.119708413E+00-0.119708813E+00-0.118886703E+00-0.117234293E+00-0.114751272E+00
-0.111444905E+00-0.107330025E+00-0.102428897E+00-0.967709737E-01-0.903925272E-01
-0.833361800E-01-0.756503286E-01-0.673884761E-01-0.586084809E-01-0.493717322E-01
-0.397422643E-01-0.297858244E-01-0.195689311E-01-0.915797777E-02 0.138192886E-02
 0.120453309E-01 0.228373983E-01 0.337692085E-01 0.448588321E-01 0.561328548E-01
 0.676284739E-01 0.793964054E-01 0.915049558E-01 0.104045783E+00 0.117142088E+00
 0.130960118E+00 0.145724562E+00 0.161736182E+00 0.179383000E+00 0.198257372E+00
 0.535764772E-01 0.515781128E-01 0.468469781E-01 0.411057439E-01 0.352125062E-01
 0.291710504E-01 0.229821696E-01 0.166474849E-01 0.101691579E-01 0.354954466E-02
-0.320906370E-02-0.101045946E-01-0.171226327E-01-0.242166040E-01-0.313375685E-01
-0.384345309E-01-0.454547362E-01-0.523439955E-01-0.590470597E-01-0.655080458E-01
-0.716709136E-01-0.774799897E-01-0.828805328E-01-0.878193318E-01-0.922453274E-01
-0.961102472E-01-0.993692410E-01-0.101981505E+00-0.103910882E+00-0.105126417E+00
-0.105602874E+00-0.105321173E+00-0.104268760E+00-0.102439892E+00-0.998358227E-01
-0.964648876E-01-0.923424892E-01-0.874909703E-01-0.819393846E-01-0.757231622E-01
-0.688836774E-01-0.614677243E-01-0.535269064E-01-0.451169482E-01-0.362969333E-01
-0.271284642E-01-0.176747049E-01-0.799938457E-02 0.183278616E-02 0.118144485E-01
 0.219412570E-01 0.322137226E-01 0.426378267E-01 0.532259369E-01 0.639980723E-01
 0.749836121E-01 0.862236014E-01 0.977739014E-01 0.109709583E+00 0.122131257E+00
 0.135174671E+00 0.149026511E+00 0.163954269E+00 0.180371944E+00 0.197508774E+00
 0.533930686E-01 0.515610461E-01 0.469778505E-01 0.414671419E-01 0.358466233E-01
 0.301140724E-01 0.242698279E-01 0.183159801E-01 0.122557426E-01 0.609288688E-02
-0.168579721E-03-0.652450341E-02-0.129704822E-01-0.194730432E-01-0.259860157E-01
-0.324615703E-01-0.388504055E-01-0.451020269E-01-0.511650929E-01-0.569878157E-01
-0.625184092E-01-0.677055801E-01-0.724990536E-01-0.768501271E-01-0.807122434E-01
-0.840415718E-01-0.867975888E-01-0.889436442E-01-0.904475031E-01-0.912818509E-01
-0.914247498E-01-0.908600358E-01-0.895776468E-01-0.875738730E-01-0.848515225E-01
-0.814199971E-01-0.772952756E-01-0.724998024E-01-0.670622843E-01-0.610173961E-01
-0.544054010E-01-0.472716913E-01-0.396662554E-01-0.316430857E-01-0.232595423E-01
-0.145757492E-01-0.565338041E-02 0.345624743E-02 0.127376792E-01 0.221783481E-01
 0.317687166E-01 0.415027494E-01 0.513784233E-01 0.613983293E-01 0.715703892E-01
 0.819086874E-01 0.924344025E-01 0.103176799E+00 0.114174200E+00 0.125474782E+00
 0.137136877E+00 0.149228011E+00 0.161819642E+00 0.174953175E+00 0.188000653E+00
 0.530071086E-01 0.513277948E-01 0.469130257E-01 0.416520663E-01 0.363159203E-01
 0.308949487E-01 0.253911900E-01 0.198103488E-01 0.141588812E-01 0.844303778E-02
 0.266875141E-02-0.315818029E-02-0.903182416E-02-0.149403073E-01-0.208412648E-01
-0.266906071E-01-0.324428669E-01-0.380515323E-01-0.434694017E-01-0.486489734E-01
-0.535428722E-01-0.581043097E-01-0.622875742E-01-0.660485420E-01-0.693452033E-01
-0.721381928E-01-0.743913160E-01-0.760720606E-01-0.771520828E-01-0.776076593E-01
-0.774200937E-01-0.765760691E-01-0.750679387E-01-0.728939476E-01-0.700583799E-01
-0.665716276E-01-0.624501798E-01-0.577165308E-01-0.523990098E-01-0.465315362E-01
-0.401533005E-01-0.333083813E-01-0.260452875E-01-0.184164411E-01-0.104774491E-01
-0.228903760E-02 0.611706353E-02 0.147190266E-01 0.234969192E-01 0.324326352E-01
 0.415099412E-01 0.507146314E-01 0.600347342E-01 0.694607273E-01 0.789856967E-01
 0.886053387E-01 0.983176374E-01 0.108121943E+00 0.118016991E+00 0.127997040E+00
 0.138044631E+00 0.148116979E+00 0.158119600E+00 0.167849432E+00 0.176874347E+00
 0.521339574E-01 0.505344425E-01 0.465052952E-01 0.415928411E-01 0.365625208E-01
 0.314437053E-01 0.262632494E-01 0.210383297E-01 0.157804037E-01 0.104979176E-01
 0.519783655E-02-0.113435794E-03-0.542945900E-02-0.107433582E-01-0.160320474E-01
-0.212550712E-01-0.263708757E-01-0.313370606E-01-0.361106907E-01-0.406486557E-01
-0.449080681E-01-0.488466940E-01-0.524234069E-01-0.555986601E-01-0.583349667E-01
-0.605973816E-01-0.623539757E-01-0.635762935E-01-0.642397869E-01-0.643242145E-01
-0.638139998E-01-0.626985418E-01-0.609724690E-01-0.586358354E-01-0.556942508E-01
-0.521589453E-01-0.480467676E-01-0.433801143E-01-0.381867966E-01-0.324998585E-01
-0.263573171E-01-0.198019177E-01-0.128807340E-01-0.564529861E-02 0.185930018E-02
 0.960995933E-02 0.175818059E-01 0.257504109E-01 0.340917356E-01 0.425820781E-01
 0.511980561E-01 0.599166340E-01 0.687151757E-01 0.775714768E-01 0.864636968E-01
 0.953700639E-01 0.104268160E+00 0.113133510E+00 0.121937090E+00 0.130641232E+00
 0.139193286E+00 0.147516425E+00 0.155497865E+00 0.162978301E+00 0.169755102E+00
 0.516216019E-01 0.502987518E-01 0.463062575E-01 0.414663876E-01 0.365950214E-01
 0.316977763E-01 0.267945895E-01 0.218976488E-01 0.170148215E-01 0.121518955E-01
 0.731387857E-02 0.250581697E-02-0.226664179E-02-0.699682330E-02-0.116766515E-01
-0.162771164E-01-0.207608376E-01-0.250896814E-01-0.292250667E-01-0.331283129E-01
-0.367610218E-01-0.400854856E-01-0.430651119E-01-0.456648583E-01-0.478516711E-01
-0.495949189E-01-0.508668168E-01-0.516428319E-01-0.519020645E-01-0.516275962E-01
-0.508067999E-01-0.494316070E-01-0.474987273E-01-0.450098190E-01-0.419716019E-01
-0.383959159E-01-0.342997352E-01-0.297051129E-01-0.246390413E-01-0.191334618E-01
-0.132247536E-01-0.695425928E-02-0.365547935E-03 0.652109522E-02 0.136805270E-01
 0.210876619E-01 0.287166718E-01 0.365407953E-01 0.445321441E-01 0.526615330E-01
 0.608983628E-01 0.692105801E-01 0.775647219E-01 0.859260304E-01 0.942585836E-01
 0.102525345E+00 0.110687984E+00 0.118706268E+00 0.126536848E+00 0.134131259E+00
 0.141433204E+00 0.148375536E+00 0.154878091E+00 0.160848400E+00 0.166187610E+00
 0.510079359E-01 0.499489671E-01 0.459631452E-01 0.410306491E-01 0.362143792E-01
 0.314872869E-01 0.268361370E-01 0.222550171E-01 0.177412082E-01 0.132937148E-01
 0.891294597E-02 0.460077892E-02 0.360718731E-03-0.380193567E-02-0.787993605E-02
-0.118639427E-01-0.157229718E-01-0.194232007E-01-0.229303813E-01-0.262101965E-01
-0.292286399E-01-0.319524137E-01-0.343493305E-01-0.363887150E-01-0.380417995E-01
-0.392821106E-01-0.400858427E-01-0.404322129E-01-0.403037899E-01-0.396867905E-01
-0.385713371E-01-0.369516759E-01-0.348263629E-01-0.321984179E-01-0.290754096E-01
-0.254694699E-01-0.213974159E-01-0.168807680E-01-0.119447964E-01-0.662109643E-02
-0.941357493E-03 0.507831845E-02 0.114167447E-01 0.180526227E-01 0.249632907E-01
 0.321245721E-01 0.395103979E-01 0.470923918E-01 0.548394439E-01 0.627173142E-01
 0.706883247E-01 0.787112106E-01 0.867412008E-01 0.947303862E-01 0.102628391E+00
 0.110383301E+00 0.117942713E+00 0.125254713E+00 0.132268562E+00 0.138934927E+00
 0.145205665E+00 0.151033400E+00 0.156371419E+00 0.161174538E+00 0.165401473E+00
 0.493255379E-01 0.483674311E-01 0.445243372E-01 0.397161054E-01 0.350641322E-01
 0.305627160E-01 0.261982800E-01 0.219584805E-01 0.178332938E-01 0.138153868E-01
 0.990021727E-02 0.608601697E-02 0.237372176E-02-0.123311361E-02-0.472839068E-02
-0.810351670E-02-0.113474209E-01-0.144306251E-01-0.173230200E-01-0.199944356E-01
-0.224150272E-01-0.245556881E-01-0.263884357E-01-0.278867727E-01-0.290260318E-01
-0.297837093E-01-0.301397867E-01-0.300770380E-01-0.295813122E-01-0.286417794E-01
-0.272511223E-01-0.254056683E-01-0.231055269E-01-0.203548545E-01-0.171619120E-01
-0.135384025E-01-0.950046198E-02-0.507179884E-02-0.266085525E-03 0.490476502E-02
 0.104256323E-01 0.162812737E-01 0.224551913E-01 0.289295284E-01 0.356846392E-01
 0.426985873E-01 0.499465249E-01 0.573999658E-01 0.650259790E-01 0.727863609E-01
 0.806368839E-01 0.885267684E-01 0.963985758E-01 0.104188746E+00 0.111828967E+00
 0.119248464E+00 0.126377045E+00 0.133148550E+00 0.139504125E+00 0.145394779E+00
 0.150782818E+00 0.155642075E+00 0.159957107E+00 0.163721804E+00 0.166937934E+00
 0.467183328E-01 0.458496525E-01 0.419766223E-01 0.373337915E-01 0.329254646E-01
 0.287271357E-01 0.247176663E-01 0.208762024E-01 0.171849785E-01 0.136305004E-01
 0.102037480E-01 0.689990982E-02 0.371796020E-02 0.660237127E-03-0.226791029E-02
-0.505838141E-02-0.770048784E-02-0.101810270E-01-0.124752902E-01-0.145568735E-01
-0.163996528E-01-0.179783873E-01-0.192690648E-01-0.202491736E-01-0.208979617E-01
-0.211966984E-01-0.211289419E-01-0.206808116E-01-0.198412549E-01-0.186022871E-01
-0.169591249E-01-0.149099921E-01-0.124557748E-01-0.960157400E-02-0.635852692E-02
-0.273410489E-02 0.126769790E-02 0.563916389E-02 0.103720232E-01 0.154576128E-01
 0.208864003E-01 0.266480194E-01 0.327309991E-01 0.391224084E-01 0.458073457E-01
 0.527682510E-01 0.599840097E-01 0.674288237E-01 0.750708385E-01 0.828705540E-01
 0.907791156E-01 0.987366991E-01 0.106671373E+00 0.114499025E+00 0.122125069E+00
 0.129448546E+00 0.136368651E+00 0.142792871E+00 0.148645081E+00 0.153871896E+00
 0.158446081E+00 0.162366596E+00 0.165655389E+00 0.168351566E+00 0.170504214E+00
 0.425936465E-01 0.416822874E-01 0.380570555E-01 0.336728579E-01 0.296111739E-01
 0.258282903E-01 0.222782224E-01 0.189230773E-01 0.157347965E-01 0.126943147E-01
 0.978999213E-02 0.701609715E-02 0.437157111E-02 0.185909756E-02-0.515564307E-03
-0.274403115E-02-0.481556916E-02-0.671720716E-02-0.843367516E-02-0.994806216E-02
-0.112367129E-01-0.122779315E-01-0.130516023E-01-0.135391461E-01-0.137236220E-01
-0.135898955E-01-0.131248467E-01-0.123176214E-01-0.111599574E-01-0.964667313E-02
-0.777652008E-02-0.555101071E-02-0.296640804E-02-0.223466683E-04 0.327927874E-02
 0.693604091E-02 0.109454629E-01 0.153044982E-01 0.200097172E-01 0.250573845E-01
 0.304434017E-01 0.361632040E-01 0.422115458E-01 0.485821525E-01 0.552671945E-01
 0.622565254E-01 0.695366079E-01 0.770890326E-01 0.848885177E-01 0.929002752E-01
 0.101076670E+00 0.109353230E+00 0.117644377E+00 0.125839936E+00 0.133804467E+00
 0.141382441E+00 0.148411462E+00 0.154742007E+00 0.160257549E+00 0.164888849E+00
 0.168620296E+00 0.171489143E+00 0.173577896E+00 0.174999361E+00 0.175876482E+00
 0.368127197E-01 0.357771058E-01 0.323539416E-01 0.284134222E-01 0.249272678E-01
 0.217660137E-01 0.188393424E-01 0.160923302E-01 0.134931373E-01 0.110244626E-01
 0.867833883E-02 0.645300190E-02 0.435097578E-02 0.237787266E-02 0.541629421E-03
-0.114798018E-02-0.267965365E-02-0.404075023E-02-0.521741444E-02-0.619469672E-02
-0.695652330E-02-0.748690505E-02-0.777053070E-02-0.779310233E-02-0.754155617E-02
-0.700422711E-02-0.617098088E-02-0.503332142E-02-0.358446748E-02-0.181936648E-02
 0.265451288E-03 0.267244939E-02 0.540401335E-02 0.846190008E-02 0.118472847E-01
 0.155610813E-01 0.196041780E-01 0.239775318E-01 0.286822741E-01 0.337197915E-01
 0.390917624E-01 0.448001417E-01 0.508470725E-01 0.572346924E-01 0.639647842E-01
 0.710381965E-01 0.784539190E-01 0.862076443E-01 0.942895642E-01 0.102681041E+00
 0.111349641E+00 0.120241849E+00 0.129272659E+00 0.138311647E+00 0.147167572E+00
 0.155581440E+00 0.163249319E+00 0.169884047E+00 0.175278263E+00 0.179329515E+00
 0.182039200E+00 0.183509658E+00 0.183940130E+00 0.183599756E+00 0.182763664E+00
 0.283541336E-01 0.268512327E-01 0.239729911E-01 0.212162432E-01 0.188381893E-01
 0.166301365E-01 0.145289678E-01 0.125124682E-01 0.105748847E-01 0.871836002E-02
 0.694927322E-02 0.527645215E-02 0.371021456E-02 0.226182110E-02 0.943150342E-03
-0.233500263E-03-0.125554162E-02-0.211018399E-02-0.278452064E-02-0.326563318E-02
-0.354074947E-02-0.359754692E-02-0.342441740E-02-0.301066022E-02-0.234660939E-02
-0.142370666E-02-0.234528635E-03 0.122722940E-02 0.296681714E-02 0.498855198E-02
 0.729601870E-02 0.989235307E-02 0.127805365E-01 0.159635348E-01 0.194444524E-01
 0.232267193E-01 0.273142723E-01 0.317117157E-01 0.364244740E-01 0.414589416E-01
 0.468226294E-01 0.525243103E-01 0.585741585E-01 0.649838692E-01 0.717667314E-01
 0.789376013E-01 0.865126823E-01 0.945089482E-01 0.102942931E+00 0.111828402E+00
 0.121172157E+00 0.130966518E+00 0.141175973E+00 0.151712293E+00 0.162383596E+00
 0.172783022E+00 0.182171230E+00 0.189815014E+00 0.195382138E+00 0.198787184E+00
 0.200061655E+00 0.199355555E+00 0.197036294E+00 0.193824981E+00 0.190480981E+00
 0.167435491E-01 0.138710495E-01 0.132834661E-01 0.128974112E-01 0.120391289E-01
 0.109507863E-01 0.974369525E-02 0.848079151E-02 0.720441587E-02 0.594662553E-02
 0.473361795E-02 0.358786788E-02 0.252926952E-02 0.157580117E-02 0.743937620E-03
 0.489156902E-04-0.495093995E-03-0.874880946E-03-0.107813898E-02-0.109345250E-02
-0.910319640E-03-0.519205541E-03 0.884079409E-04 0.919998261E-03 0.198201411E-02
 0.327992626E-02 0.481831739E-02 0.660100995E-02 0.863123108E-02 0.109118131E-01
 0.134454256E-01 0.162348262E-01 0.192831082E-01 0.225939181E-01 0.261716550E-01
 0.300216603E-01 0.341503974E-01 0.385656282E-01 0.432765982E-01 0.482942456E-01
 0.536314545E-01 0.593033714E-01 0.653278101E-01 0.717257697E-01 0.785220910E-01
 0.857462762E-01 0.934334847E-01 0.101625694E+00 0.110372954E+00 0.119734553E+00
 0.129779707E+00 0.140587144E+00 0.152242970E+00 0.164837678E+00 0.178471327E+00
 0.193323776E+00 0.206646926E+00 0.215876295E+00 0.221644521E+00 0.224282603E+00
 0.223507105E+00 0.219581655E+00 0.212086006E+00 0.203538685E+00 0.197083925E+00
 0.865512804E-02 0.534278795E-02 0.526761376E-02 0.577745443E-02 0.581646411E-02
 0.552443964E-02 0.501287051E-02 0.436545196E-02 0.364544310E-02 0.290198972E-02
 0.217441924E-02 0.149503621E-02 0.890959506E-03 0.385352427E-03-0.174510741E-05
-0.252854251E-03-0.352681313E-03-0.287869407E-03-0.468344269E-04 0.380347117E-03
 0.100202307E-02 0.182504326E-02 0.285484761E-02 0.409557774E-02 0.555021972E-02
 0.722078099E-02 0.910850216E-02 0.112141014E-01 0.135380478E-01 0.160808563E-01
 0.188433945E-01 0.218271871E-01 0.250347028E-01 0.284696092E-01 0.321369918E-01
 0.360435387E-01 0.401976984E-01 0.446098281E-01 0.492923539E-01 0.542599755E-01
 0.595299500E-01 0.651225005E-01 0.710613998E-01 0.773747967E-01 0.840963701E-01
 0.912669323E-01 0.989366488E-01 0.107168116E+00 0.116040625E+00 0.125656036E+00
 0.136146684E+00 0.147685383E+00 0.160496473E+00 0.174865072E+00 0.191142700E+00
 0.208491475E+00 0.221820948E+00 0.231021329E+00 0.236318158E+00 0.237546233E+00
 0.234827481E+00 0.227583097E+00 0.216574247E+00 0.207105411E+00 0.199514461E+00
 0.308976678E-02-0.451008279E-03-0.418680702E-03 0.319079827E-03 0.696961531E-03
 0.791229977E-03 0.676642388E-03 0.422296192E-03 0.882781896E-04-0.274669521E-03
-0.624157139E-03-0.924769447E-03-0.114674652E-02-0.126489841E-02-0.125779423E-02
-0.110720047E-02-0.797715216E-03-0.316537545E-03 0.346684825E-03 0.119997589E-02
 0.224915377E-02 0.349797696E-02 0.494832660E-02 0.660042929E-02 0.845312094E-02
 0.105041499E-01 0.127505177E-01 0.151888548E-01 0.178158260E-01 0.206285571E-01
 0.236250661E-01 0.268046779E-01 0.301683982E-01 0.337192231E-01 0.374623697E-01
 0.414054255E-01 0.455584263E-01 0.499338904E-01 0.545468475E-01 0.594149107E-01
 0.645584450E-01 0.700008938E-01 0.757693271E-01 0.818952944E-01 0.884160899E-01
 0.953765892E-01 0.102831904E+00 0.110851256E+00 0.119523741E+00 0.128967129E+00
 0.139341739E+00 0.150872876E+00 0.163886470E+00 0.178852374E+00 0.196259914E+00
 0.211659366E+00 0.223314573E+00 0.231236590E+00 0.235311516E+00 0.235521105E+00
 0.231210122E+00 0.222030995E+00 0.212091144E+00 0.203811353E+00 0.196872096E+00
-0.558530594E-03-0.426676922E-02-0.449659393E-02-0.380728214E-02-0.339941119E-02
-0.321839663E-02-0.319989149E-02-0.328261219E-02-0.341215750E-02-0.354205202E-02
-0.363318766E-02-0.365263648E-02-0.357243651E-02-0.336863565E-02-0.302067219E-02
-0.251105550E-02-0.182525964E-02-0.951731023E-03 0.118078182E-03 0.138971618E-02
 0.286581639E-02 0.454627510E-02 0.642851719E-02 0.850783400E-02 0.107777763E-01
 0.132305901E-01 0.158576935E-01 0.186501969E-01 0.215994725E-01 0.246977659E-01
 0.279388303E-01 0.313185415E-01 0.348354421E-01 0.384911611E-01 0.422906647E-01
 0.462423249E-01 0.503578181E-01 0.546519013E-01 0.591421346E-01 0.638486292E-01
 0.687939006E-01 0.740028937E-01 0.795032386E-01 0.853257885E-01 0.915054978E-01
 0.980827202E-01 0.105105057E+00 0.112629968E+00 0.120728512E+00 0.129490903E+00
 0.139035216E+00 0.149522361E+00 0.161185934E+00 0.174416865E+00 0.188540650E+00
 0.200411853E+00 0.209528514E+00 0.215738000E+00 0.218980210E+00 0.218787351E+00
 0.214996091E+00 0.208093189E+00 0.201518350E+00 0.195559751E+00 0.190226045E+00
-0.297613459E-02-0.691585865E-02-0.729274306E-02-0.684671471E-02-0.666373323E-02
-0.665322267E-02-0.673548289E-02-0.684619309E-02-0.693598168E-02-0.696703781E-02
-0.690936602E-02-0.673781507E-02-0.643017174E-02-0.596623274E-02-0.532762734E-02
-0.449812757E-02-0.346419673E-02-0.221556783E-02-0.745699184E-03 0.947985882E-03
 0.286410927E-02 0.499758122E-02 0.734002122E-02 0.988028461E-02 0.126050308E-01
 0.154992983E-01 0.185470922E-01 0.217320234E-01 0.250380479E-01 0.284503386E-01
 0.319562671E-01 0.355464189E-01 0.392155136E-01 0.429630882E-01 0.467938274E-01
 0.507174858E-01 0.547484247E-01 0.589048646E-01 0.632080003E-01 0.676811422E-01
 0.723490166E-01 0.772373061E-01 0.823724574E-01 0.877817348E-01 0.934934696E-01
 0.995374300E-01 0.105945210E+00 0.112750462E+00 0.119988662E+00 0.127695710E+00
 0.135903808E+00 0.144630793E+00 0.153853633E+00 0.163447274E+00 0.172962979E+00
 0.181342423E+00 0.188062016E+00 0.192879149E+00 0.195628563E+00 0.196211205E+00
 0.194676312E+00 0.191803630E+00 0.188404247E+00 0.184831335E+00 0.181293117E+00
-0.374072405E-02-0.792371557E-02-0.877102848E-02-0.892964067E-02-0.933018670E-02
-0.979141284E-02-0.102043437E-01-0.105115468E-01-0.106856159E-01-0.107129989E-01
-0.105842140E-01-0.102888332E-01-0.981359024E-02-0.914248757E-02-0.825810395E-02
-0.714347698E-02-0.578406622E-02-0.416943976E-02-0.229446043E-02-0.159864035E-03
 0.222777263E-02 0.485657644E-02 0.771025103E-02 0.107690513E-01 0.140106605E-01
 0.174108711E-01 0.209441097E-01 0.245839724E-01 0.283039947E-01 0.320788358E-01
 0.358859117E-01 0.397073038E-01 0.435316059E-01 0.473553134E-01 0.511834291E-01
 0.550291267E-01 0.589125220E-01 0.628588040E-01 0.668961180E-01 0.710536004E-01
 0.753598473E-01 0.798419162E-01 0.845247939E-01 0.894311730E-01 0.945813333E-01
 0.999929173E-01 0.105680358E+00 0.111653639E+00 0.117915924E+00 0.124459272E+00
 0.131257259E+00 0.138252721E+00 0.145338835E+00 0.152334758E+00 0.158971892E+00
 0.164931748E+00 0.169930521E+00 0.173769252E+00 0.176341922E+00 0.177643475E+00
 0.177788361E+00 0.177005634E+00 0.175568862E+00 0.173718417E+00 0.171636196E+00
-0.199282410E-02-0.617347428E-02-0.854429458E-02-0.103186966E-01-0.119353337E-01
-0.132175793E-01-0.141218910E-01-0.146878094E-01-0.149682258E-01-0.150059037E-01
-0.148272963E-01-0.144416858E-01-0.138430615E-01-0.130139917E-01-0.119306672E-01
-0.105681305E-01-0.890487671E-02-0.692636285E-02-0.462723302E-02-0.201219455E-02
 0.904434263E-03 0.410030676E-02 0.754729096E-02 0.112136952E-01 0.150658394E-01
 0.190686553E-01 0.231854555E-01 0.273774253E-01 0.316036450E-01 0.358224129E-01
 0.399942067E-01 0.440858671E-01 0.480749450E-01 0.519530232E-01 0.557271640E-01
 0.594190852E-01 0.630621352E-01 0.666967110E-01 0.703652935E-01 0.741083174E-01
 0.779615440E-01 0.819548923E-01 0.861122508E-01 0.904517250E-01 0.949858888E-01
 0.997217462E-01 0.104660191E+00 0.109794777E+00 0.115109611E+00 0.120576151E+00
 0.126148841E+00 0.131759815E+00 0.137313870E+00 0.142686509E+00 0.147729391E+00
 0.152285944E+00 0.156213527E+00 0.159403846E+00 0.161796663E+00 0.163386778E+00
 0.164223922E+00 0.164403009E+00 0.164044964E+00 0.163275214E+00 0.162207989E+00
 0.245687594E-03-0.410117174E-02-0.827326048E-02-0.123679385E-01-0.161853632E-01
-0.181653413E-01-0.193055351E-01-0.198928557E-01-0.200990754E-01-0.200335621E-01
-0.197582040E-01-0.192931226E-01-0.186234586E-01-0.177102887E-01-0.165035556E-01
-0.149536698E-01-0.130200727E-01-0.106768566E-01-0.791608704E-02-0.474897177E-02
-0.120439350E-02 0.267550917E-02 0.684176941E-02 0.112447222E-01 0.158374893E-01
 0.205758325E-01 0.254149282E-01 0.303046081E-01 0.351853663E-01 0.399881534E-01
 0.446403612E-01 0.490770172E-01 0.532525424E-01 0.571489051E-01 0.607790672E-01
 0.641855860E-01 0.674334928E-01 0.705979936E-01 0.737513253E-01 0.769539965E-01
 0.802519063E-01 0.836773309E-01 0.872512713E-01 0.909856856E-01 0.948850493E-01
 0.989471441E-01 0.103163131E+00 0.107516994E+00 0.111984449E+00 0.116531455E+00
 0.121112574E+00 0.125669648E+00 0.130131521E+00 0.134415753E+00 0.138433109E+00
 0.142094844E+00 0.145321641E+00 0.148052290E+00 0.150250310E+00 0.151907350E+00
 0.153042780E+00 0.153699455E+00 0.153936549E+00 0.153821269E+00 0.153421421E+00
 0.140477315E-02-0.343605957E-02-0.866932728E-02-0.145171357E-01-0.209225665E-01
-0.250539833E-01-0.263973449E-01-0.263995255E-01-0.261316804E-01-0.257299555E-01
-0.252807686E-01-0.247908926E-01-0.241906694E-01-0.233671035E-01-0.222006248E-01
-0.205881584E-01-0.184526446E-01-0.157466800E-01-0.124561017E-01-0.860427976E-02
-0.425254241E-02 0.510191378E-03 0.558872139E-02 0.109022393E-01 0.163927869E-01
 0.220208646E-01 0.277533283E-01 0.335467750E-01 0.393277540E-01 0.449773424E-01
 0.503418822E-01 0.552772181E-01 0.596873350E-01 0.635349543E-01 0.668434665E-01
 0.697022310E-01 0.722596024E-01 0.746815141E-01 0.771016051E-01 0.796054911E-01
 0.822410538E-01 0.850320939E-01 0.879877445E-01 0.911078664E-01 0.943858390E-01
 0.978098030E-01 0.101362993E+00 0.105023541E+00 0.108764001E+00 0.112550799E+00
 0.116343835E+00 0.120096506E+00 0.123756435E+00 0.127267185E+00 0.130571050E+00
 0.133612777E+00 0.136343747E+00 0.138725947E+00 0.140735042E+00 0.142362007E+00
 0.143613057E+00 0.144507908E+00 0.145076772E+00 0.145356680E+00 0.145387832E+00
 0.292395472E-02-0.206350405E-02-0.762544207E-02-0.140332136E-01-0.215026652E-01
-0.275434437E-01-0.314385796E-01-0.331031354E-01-0.325309748E-01-0.314325293E-01
-0.307952612E-01-0.305829455E-01-0.304962956E-01-0.301935161E-01-0.294112549E-01
-0.279757034E-01-0.257712190E-01-0.227197159E-01-0.187816208E-01-0.139808359E-01
-0.844642333E-02-0.241273141E-02 0.388565388E-02 0.103125343E-01 0.168265322E-01
 0.234409027E-01 0.301924854E-01 0.371179638E-01 0.442163948E-01 0.513245879E-01
 0.579443195E-01 0.636853315E-01 0.684233688E-01 0.721155562E-01 0.747590127E-01
 0.764535860E-01 0.776266730E-01 0.788199333E-01 0.802280950E-01 0.818879901E-01
 0.837949901E-01 0.859323349E-01 0.882798409E-01 0.908164523E-01 0.935206304E-01
 0.963699738E-01 0.993406081E-01 0.102406564E+00 0.105539251E+00 0.108707095E+00
 0.111875444E+00 0.115006817E+00 0.118061587E+00 0.120999158E+00 0.123779596E+00
 0.126365611E+00 0.128724648E+00 0.130830833E+00 0.132666461E+00 0.134222826E+00
 0.135500245E+00 0.136507329E+00 0.137259605E+00 0.137777756E+00 0.138085739E+00
 0.531633179E-02 0.656575465E-03-0.445587134E-02-0.100988695E-01-0.162879537E-01
-0.229232965E-01-0.291052662E-01-0.332433176E-01-0.351232837E-01-0.345891316E-01
-0.344974915E-01-0.358982227E-01-0.377308045E-01-0.388148541E-01-0.389289572E-01
-0.379972375E-01-0.359418820E-01-0.326557759E-01-0.279941318E-01-0.217860420E-01
-0.139859499E-01-0.566284978E-02 0.228269928E-02 0.990127234E-02 0.173499751E-01
 0.247933410E-01 0.324016023E-01 0.403690883E-01 0.489534578E-01 0.585105860E-01
 0.669522355E-01 0.736218475E-01 0.787494085E-01 0.822214308E-01 0.839838163E-01
 0.837969379E-01 0.824503626E-01 0.821330657E-01 0.825030375E-01 0.833737794E-01
 0.846308585E-01 0.861978004E-01 0.880199957E-01 0.900556246E-01 0.922701839E-01
 0.946331196E-01 0.971157307E-01 0.996898523E-01 0.102327040E+00 0.104998119E+00
 0.107673037E+00 0.110321017E+00 0.112910981E+00 0.115412256E+00 0.117795492E+00
 0.120033727E+00 0.122103483E+00 0.123985755E+00 0.125666775E+00 0.127138439E+00
 0.128398356E+00 0.129449505E+00 0.130299567E+00 0.130960024E+00 0.131445142E+00
 0.849518605E-02 0.445501187E-02 0.939133119E-04-0.460750739E-02-0.962029599E-02
-0.148667209E-01-0.202342205E-01-0.255966277E-01-0.297698408E-01-0.311892202E-01
-0.329638591E-01-0.368979604E-01-0.414190045E-01-0.439564780E-01-0.449534423E-01
-0.445691502E-01-0.427890643E-01-0.395046057E-01-0.344946146E-01-0.273105836E-01
-0.171020786E-01-0.660424777E-02 0.238457588E-02 0.105680257E-01 0.183621376E-01
 0.260519062E-01 0.338778497E-01 0.420905915E-01 0.509998892E-01 0.609397876E-01
 0.697359305E-01 0.766030591E-01 0.817516964E-01 0.851232674E-01 0.866043013E-01
 0.859166009E-01 0.840216166E-01 0.831931989E-01 0.831235719E-01 0.835942317E-01
 0.844686283E-01 0.856595401E-01 0.871074656E-01 0.887679487E-01 0.906046916E-01
 0.925859534E-01 0.946826207E-01 0.968670997E-01 0.991126475E-01 0.101392989E+00
 0.103682160E+00 0.105954556E+00 0.108185153E+00 0.110349899E+00 0.112426216E+00
 0.114393572E+00 0.116234068E+00 0.117932954E+00 0.119479037E+00 0.120864907E+00
 0.122086967E+00 0.123145268E+00 0.124043156E+00 0.124786782E+00 0.125384534E+00
 0.899877938E+00 0.911034855E+00 0.918114573E+00 0.927028025E+00 0.936202906E+00
 0.945697388E+00 0.955642006E+00 0.966861017E+00 0.977068874E+00 0.987308035E+00
 0.998510163E+00 0.100986806E+01 0.102153793E+01 0.103341542E+01 0.104628541E+01
 0.105899781E+01 0.107220222E+01 0.108594285E+01 0.110016405E+01 0.111486980E+01
 0.112987447E+01 0.114545296E+01 0.116167789E+01 0.117843483E+01 0.119572918E+01
 0.121359994E+01 0.123218594E+01 0.125146817E+01 0.127147984E+01 0.129222065E+01
 0.131376779E+01 0.133618220E+01 0.135953275E+01 0.138386525E+01 0.140920149E+01
 0.143564701E+01 0.146326369E+01 0.149216017E+01 0.152246233E+01 0.155418634E+01
 0.158745353E+01 0.162246227E+01 0.165934766E+01 0.169829565E+01 0.173938868E+01
 0.178284228E+01 0.182902929E+01 0.187831262E+01 0.193073125E+01 0.198677428E+01
 0.204706210E+01 0.211215032E+01 0.218242252E+01 0.225903514E+01 0.234298529E+01
 0.243563049E+01 0.253858007E+01 0.265457093E+01 0.278644524E+01 0.294085159E+01
 0.312373720E+01 0.335155805E+01 0.365413076E+01 0.412510765E+01 0.658252623E+01
   88   87
 0.106129865E+01-0.500000000E-01 0.106235439E+01 0.500000000E-01 0.106777263E+01
 0.150000000E+00 0.107759267E+01 0.250000000E+00 0.108417153E+01 0.300000000E+00
 0.110163241E+01 0.400000000E+00 0.111264606E+01 0.450000000E+00 0.113218750E+01
 0.525025249E+00 0.115549808E+01 0.600000000E+00 0.117316261E+01 0.650000000E+00
 0.119278159E+01 0.700000000E+00 0.121476063E+01 0.750000000E+00 0.124015072E+01
 0.800000000E+00 0.127155623E+01 0.850000000E+00 0.131625353E+01 0.900000000E+00
 0.134468750E+01 0.921784730E+00 0.139781250E+01 0.941381429E+00 0.145093750E+01
 0.945478291E+00 0.150406250E+01 0.940065443E+00 0.155718750E+01 0.927489809E+00
 0.161031250E+01 0.908521015E+00 0.163687500E+01 0.897080235E+00 0.169000000E+01
 0.871829874E+00 0.172711881E+01 0.850000000E+00 0.176968750E+01 0.824183254E+00
 0.180337378E+01 0.800000000E+00 0.184937500E+01 0.765549898E+00 0.187593750E+01
 0.743240108E+00 0.192330782E+01 0.700000000E+00 0.195562500E+01 0.668249800E+00
 0.198218750E+01 0.639556758E+00 0.201577213E+01 0.600000000E+00 0.205395790E+01
 0.550000000E+00 0.208757721E+01 0.500000000E+00 0.211500000E+01 0.453845213E+00
 0.214156250E+01 0.403390552E+00 0.216638416E+01 0.350000000E+00 0.218692492E+01
 0.300000000E+00 0.220498802E+01 0.250000000E+00 0.222125000E+01 0.196827459E+00
 0.224275347E+01 0.100000000E+00 0.224885711E+01 0.500000000E-01 0.225016980E+01
-0.500000000E-01 0.224534782E+01-0.100000000E+00 0.222595757E+01-0.200000000E+00
 0.221208501E+01-0.250000000E+00 0.219468750E+01-0.303102409E+00 0.216812500E+01
-0.372617809E+00 0.214156250E+01-0.432629216E+00 0.211500000E+01-0.485128297E+00
 0.208843750E+01-0.531642109E+00 0.206187500E+01-0.573377185E+00 0.203531250E+01
-0.611226669E+00 0.200539637E+01-0.650000000E+00 0.196294621E+01-0.700000000E+00
 0.192906250E+01-0.736872388E+00 0.190250000E+01-0.763715339E+00 0.186343415E+01
-0.800000000E+00 0.182281250E+01-0.836082778E+00 0.179625000E+01-0.857595320E+00
 0.174312500E+01-0.897405300E+00 0.171656250E+01-0.916348953E+00 0.166343750E+01
-0.949638406E+00 0.163687500E+01-0.965937657E+00 0.158375000E+01-0.994346672E+00
 0.155718750E+01-0.100774182E+01 0.150406250E+01-0.103288805E+01 0.146078743E+01
-0.105000000E+01 0.142437500E+01-0.106618464E+01 0.137125000E+01-0.108636518E+01
 0.132327910E+01-0.110000000E+01 0.129441178E+01-0.111203933E+01 0.127069856E+01
-0.112091255E+01 0.125053977E+01-0.105000000E+01 0.123420342E+01-0.100000000E+01
 0.121187500E+01-0.928087852E+00 0.119063862E+01-0.850000000E+00 0.117671650E+01
-0.800000000E+00 0.115875000E+01-0.735016193E+00 0.113717170E+01-0.650000000E+00
 0.112523672E+01-0.600000000E+00 0.110562500E+01-0.507524189E+00 0.109514103E+01
-0.450000000E+00 0.108072739E+01-0.350000000E+00 0.107516176E+01-0.300000000E+00
 0.106699161E+01-0.200000000E+00 0.106231258E+01-0.100000000E+00 0.106129865E+01
-0.500000000E-01
 0.101600000E+01 0.000000000E+00 0.101600000E+01 0.964000000E+00 0.101600000E+01
 0.968000000E+00 0.101600000E+01 0.100100000E+01 0.101600000E+01 0.101900000E+01
 0.101600000E+01 0.107700000E+01 0.101600000E+01 0.107000000E+01 0.101600000E+01
 0.109600000E+01 0.101600000E+01 0.111300000E+01 0.101600000E+01 0.113800000E+01
 0.101600000E+01 0.114700000E+01 0.101200000E+01 0.116500000E+01 0.100100000E+01
 0.121700000E+01 0.102900000E+01 0.121700000E+01 0.104200000E+01 0.116240000E+01
 0.104600000E+01 0.116238000E+01 0.105600000E+01 0.116260000E+01 0.109700000E+01
 0.116450000E+01 0.110800000E+01 0.116594000E+01 0.111600000E+01 0.116591000E+01
 0.113400000E+01 0.116896000E+01 0.114800000E+01 0.117175000E+01 0.116200000E+01
 0.117556000E+01 0.118100000E+01 0.118300000E+01 0.118200000E+01 0.118350000E+01
 0.118500000E+01 0.118500000E+01 0.119000000E+01 0.118800000E+01 0.119500000E+01
 0.119100000E+01 0.120100000E+01 0.119600000E+01 0.120900000E+01 0.120200000E+01
 0.121500000E+01 0.120800000E+01 0.122200000E+01 0.121400000E+01 0.122800000E+01
 0.122100000E+01 0.123400000E+01 0.123100000E+01 0.123900000E+01 0.123800000E+01
 0.124200000E+01 0.124400000E+01 0.124800000E+01 0.125400000E+01 0.125800000E+01
 0.127800000E+01 0.126300000E+01 0.129000000E+01 0.128000000E+01 0.133100000E+01
 0.128000000E+01 0.134700000E+01 0.128000000E+01 0.134800000E+01 0.131000000E+01
 0.134800000E+01 0.132800000E+01 0.134800000E+01 0.136100000E+01 0.134800000E+01
 0.138000000E+01 0.134800000E+01 0.141900000E+01 0.134800000E+01 0.141900000E+01
 0.131000000E+01 0.137200000E+01 0.131000000E+01 0.137200000E+01 0.129200000E+01
 0.160800000E+01 0.109500000E+01 0.164700000E+01 0.107700000E+01 0.178500000E+01
 0.107700000E+01 0.207000000E+01 0.104000000E+01 0.212800000E+01 0.993000000E+00
 0.224500000E+01 0.709000000E+00 0.232300000E+01 0.519000000E+00 0.237700000E+01
 0.389000000E+00 0.235200000E+01 0.400000000E+00 0.235100000E+01 0.337000000E+00
 0.235100000E+01 0.205000000E+00 0.235400000E+01 0.680000000E-01 0.235400000E+01
 0.000000000E+00 0.235400000E+01-0.680000000E-01 0.235300000E+01-0.205000000E+00
 0.235100000E+01-0.337000000E+00 0.235300000E+01-0.400000000E+00 0.237700000E+01
-0.389000000E+00 0.213400000E+01-0.973000000E+00 0.178600000E+01-0.117400000E+01
 0.176800000E+01-0.121100000E+01 0.176800000E+01-0.125000000E+01 0.168200000E+01
-0.125000000E+01 0.137200000E+01-0.125000000E+01 0.137200000E+01-0.132900000E+01
 0.142000000E+01-0.132900000E+01 0.142000000E+01-0.136300000E+01 0.127300000E+01
-0.136300000E+01 0.115300000E+01-0.136300000E+01 0.101600000E+01-0.122300000E+01
 0.101600000E+01-0.122300000E+01 0.101600000E+01-0.830000000E+00 0.101600000E+01
-0.800000000E+00 0.101600000E+01-0.415000000E+00 0.101600000E+01-0.400000000E+00
 0.101600000E+01-0.100000000E-02 0.101600000E+01 0.000000000E+00
    0 0.170000005E+01    0
 0.000000000E+00 0.925163614E-01 0.131432051E+00 0.161420750E+00 0.186925787E+00
 0.209572995E+00 0.230180352E+00 0.248130927E+00 0.266140496E+00 0.283185172E+00
 0.299480932E+00 0.315181834E+00 0.330158661E+00 0.344702047E+00 0.358885141E+00
 0.372656984E+00 0.386057210E+00 0.399186584E+00 0.412110442E+00 0.424774802E+00
 0.437225540E+00 0.449468645E+00 0.461606291E+00 0.473604924E+00 0.485417059E+00
 0.497151610E+00 0.508784718E+00 0.520338357E+00 0.531814188E+00 0.543209461E+00
 0.554582238E+00 0.565886363E+00 0.577166579E+00 0.588443752E+00 0.599685149E+00
 0.610926270E+00 0.622173281E+00 0.633430463E+00 0.644730363E+00 0.656041762E+00
 0.667394063E+00 0.678804655E+00 0.690274104E+00 0.701822226E+00 0.713442523E+00
 0.725144962E+00 0.736961115E+00 0.748916884E+00 0.760981284E+00 0.773190078E+00
 0.785569400E+00 0.798144472E+00 0.810900840E+00 0.823901568E+00 0.837153277E+00
 0.850699626E+00 0.864564598E+00 0.878818003E+00 0.893472081E+00 0.908708013E+00
 0.924486750E+00 0.941086393E+00 0.958673238E+00 0.977804955E+00 0.100000000E+01
    0
 &OUT1
 ISHOT = 127545
 ITIME = 1500
 BETAP0 = 0.5
 RZERO = 1.69550001621246
 QENP = 0.9
 ENP = 1.0
 EMP = 1.0
 PLASMA = 781991.1089809661
 EXPMP2 = 0.341467690986427 0.324305338302586 0.23220550631094 0.150986250547088 5.775696684106484E-03 -5.172672261795556E-02 -7.682131632906967E-02 2.938350400909916E-02 8.805162102430569E-02 0.124343522592291 0.169603593534231 0.151775319930051 0.189731009082839 0.18161866591477 0.161173692332716 0.33949420743231 0.256687152513622 0.170112338391112 1.181873629697001E-02 -5.642914645026905E-02 -8.135199803748502E-02 4.758673867416850E-03 7.582141966527374E-02 8.741240950694226E-02 0.158627926274652 0.182404928807056 0.165262337374839 0.202005540626526 0.185567217883852 -8.386811913533730E-02 -2.646949783748926E-02 4.694254642909333E-02 8.889157490932374E-02 9.409833207403086E-02 0.131554630657589 0.163319732044136 0.15123064571779 0.161762805720218 0.181432232205048 0.159590997394544 0.186553394342327 0.172759662747034 0.16516555603129 0.178914704489267 0.156251417470557 8.759694187346889E-02 7.471339913989541E-02 1.087114897926607E-02 -7.918252746453704E-02 -5.552721702633780E-02 1.110344047556619E-02 0.171165248969655 0.258015035609651 0.339553520012307 0.341338169092648 0.324251753809728 0.233801363580397 0.156636211760789 3.127944363863983E-03 -5.579122437750237E-02 6.583230489284247E-02 7.702522041636327E-02 6.734199509568280E-02 6.142992069502189E-02 -4.367944364170608E-02 -2.517789789325365E-02 -8.353546801058856E-02 -0.10242918558694 -5.051167186109791E-02 -6.239595531842061E-02 9.796137373298702E-02 4.256122017601727E-02 3.246907050413177E-04 3.254736584606285E-02 5.266652206833814E-02 6.023127987943085E-02
 COILS = -4.871762555280555E-02 -4.678504336524711E-02 -4.163478509357792E-02 3.863647714113441E-03 2.606217097356370E-02 -0.15051725622027 -0.17291142264909 3.752552789721405E-02 -7.193500483385235E-02 -4.988992949250943E-02 -4.666968342086481E-02 -3.836139721803255E-02 9.265502801843746E-03 3.374649625941462E-02 -0.15306121752558 -0.17862301511813 4.634409335080007E-02 -6.833913022782570E-02 -3.832386957589264E-02 -3.890690309503491E-02 -4.057759829075782E-02 -1.613724308604035E-02 1.083722190319448E-02 2.666884841495152E-02 -6.312968518607198E-02 -0.15432572559874 -0.14210713183676 -0.17094227573112 -0.13503841483709 -3.893735167286701E-02 -3.799674826393987E-02 -1.207728799227492E-02 1.678536378398542E-02 3.362233827906443E-02 -7.630623921499793E-02 -0.15821412706816 -0.14199363730652 -0.17464831789362 -0.1357393436147 1.000849241726951E-02 -3.459342729202552E-02 2.804895431912000E-03 -2.494131286280337E-02 -5.212467694400381E-02
 BTOR = 1.00403022183181
 RCENTR = 1.69550001621246
 BRSP = -87852.4526012569 -59228.3644149177 -68971.4702866017 88177.59089555006 83504.74499729858 -106878.531609474 -124984.361361933 114461.7620140654 -60418.1991229361 -96504.6604382851 -67538.6125169356 -69203.1517999575 91099.47302246685 87909.15387887033 -111927.588223095 -136533.011117205 122493.7084505816 -62924.0273790262 118.7037121117792 -143.82687769244 2296.039879079254 -2782.01719423314 -7144.52355180752 -6981.80201446769 -7565.33667883416 -7547.09867621988 -7185.78029876124 -7043.18320677602 0.553442354094735 6.658898737094233E-02 0.296978897212628 0.105548868039009 -0.45794778437264 -9.119973481827144E-03 0.148260096921429 -0.12154279127771 0.440505712053523 -0.11081537528456 -0.50401868727148 0.468315593150651 0.455959344583624 0.626374171847845 0.508901383803756 -0.61906644006782 -0.74412202008203 -0.45196237456727 -0.65394001748539 -0.43027001210837 -0.62481674603227 -1.21695285649364 -3.174405376831756E-02 -0.95501919296715 -0.9354749225961 -0.54662003157892 -0.16079399859736 0.364367414196912 0.985666591864815 0.316642638723672 0.340937005214821 4.849934810904859E-02 -0.21832847758939 0.447281367018337 -0.25344302826123 0.224371076780201 -0.52545381648271 -0.79792876403848 -0.32981354667414 -0.43911985380479 -0.36648500787524 -0.15238843352343 5.199937913889354E-02 0.518783855504982 0.114659075732164 -9.784065845182759E-02 -1.821745113334440E-02 0.801708879568814 -0.69320358785837 5.275840509953363E-02 5.174559775862321E-02 0.0 0.0 0.0 0.0 0.0 0.0 0.0 0.0 0.0 0.0 0.0 0.0 0.0 0.0 0.0 0.0 0.0 0.0 0.0 0.0 0.0 0.0 0.0 0.0 0.0 0.0 0.0 0.0 0.0 0.0 0.0 0.0 0.0 0.0 0.0 0.0 0.0 0.0 0.0 0.0 0.0 0.0 0.0 0.0 0.0 0.0 0.0 0.0 0.0 0.0 0.0 0.0 0.0 0.0 0.0 0.0 0.0 0.0 0.0 0.0 0.0 0.0 0.0 0.0 0.0 0.0 0.0 0.0 0.0 0.0 0.0 0.0 0.0 0.0 0.0 0.0 0.0 0.0 0.0 0.0 0.0 0.0 0.0 0.0 0.0 0.0 0.0 0.0 0.0 0.0 0.0 0.0 0.0 0.0 0.0 0.0 0.0 0.0 0.0 0.0 0.0 0.0 0.0 0.0 0.0 0.0 0.0 0.0 0.0 0.0 0.0 0.0 0.0 0.0 0.0 0.0 0.0 0.0 0.0 0.0 0.0 0.0 0.0 0.0 0.0 0.0 0.0 0.0 0.0 0.0 0.0 0.0 0.0 0.0 0.0 0.0 0.0 0.0 0.0 0.0 0.0 0.0 0.0 0.0 0.0 0.0 0.0 0.0 0.0 0.0 0.0 0.0 0.0 0.0 0.0 0.0 0.0 0.0 0.0 0.0 0.0 0.0 0.0 0.0 0.0 0.0 0.0 0.0 0.0 0.0 0.0 0.0 0.0 0.0 0.0 0.0 0.0 0.0 0.0 0.0 0.0 0.0 0.0 0.0 0.0 0.0 0.0 0.0 0.0 0.0 0.0 0.0 0.0 0.0 0.0 0.0 0.0 0.0 0.0 0.0 0.0 0.0 0.0 0.0 0.0 0.0 0.0 0.0 0.0 0.0 0.0 0.0 0.0 0.0 0.0 0.0 0.0 0.0 0.0 0.0 0.0 0.0 0.0 0.0 0.0 0.0 0.0 0.0 0.0 0.0 0.0 0.0 0.0 0.0 0.0 0.0 0.0 0.0 0.0 0.0 0.0 0.0 0.0 0.0 0.0 0.0 0.0 0.0 0.0 0.0 0.0 0.0 0.0 0.0 0.0 0.0 0.0 0.0 0.0 0.0 0.0 0.0 0.0 0.0 0.0 0.0 0.0 0.0 0.0 0.0 0.0 0.0 0.0 0.0 0.0 0.0 0.0 0.0 0.0 0.0 0.0 0.0 0.0 0.0 0.0 0.0 0.0 0.0 0.0 0.0 0.0 0.0 0.0 0.0 0.0 0.0 0.0 0.0 0.0 0.0 0.0 0.0 0.0 0.0 0.0 0.0 0.0 0.0 0.0 0.0 0.0 0.0 0.0 0.0 0.0 0.0 0.0 0.0 0.0 0.0 0.0 0.0 0.0 0.0 0.0 0.0 0.0 0.0 0.0 0.0 0.0 0.0 0.0 0.0 0.0 0.0 0.0 0.0 0.0 0.0 0.0 0.0
 ICURRT = 2
 RBDRY = 1.06129865390905 1.06235439112016 1.06777263328492 1.0775926732094 1.08417153223189 1.1016324116136 1.11264605515746 1.1321875 1.15549807602518 1.1731626146798 1.19278159186109 1.21476063388102 1.24015072065814 1.27155622680073 1.31625353457373 1.3446875 1.3978125 1.4509375 1.5040625 1.5571875 1.6103125 1.636875 1.69 1.72711881402859 1.7696875 1.80337378307484 1.849375 1.8759375 1.92330782225671 1.955625 1.9821875 2.01577212592085 2.05395790189208 2.08757721496032 2.115 2.1415625 2.1663841607531 2.18692492396937 2.20498802029507 2.22125 2.24275347046436 2.24885711172075 2.25016979598317 2.2453478230807 2.22595756685017 2.21208501103898 2.1946875 2.168125 2.1415625 2.115 2.0884375 2.061875 2.0353125 2.00539637485686 1.96294620974602 1.9290625 1.9025 1.86343414522466 1.8228125 1.79625 1.743125 1.7165625 1.6634375 1.636875 1.58375 1.5571875 1.5040625 1.46078742886125 1.424375 1.37125 1.32327910392478 1.29441178198605 1.2706985639721 1.25053977362245 1.23420341805933 1.211875 1.19063862398341 1.17671649964821 1.15875 1.13717169860759 1.12523671965709 1.105625 1.09514103297408 1.08072739491204 1.07516175693937 1.06699161374407 1.06231257763043 1.06129865390905 0.0 0.0 0.0 0.0 0.0 0.0 0.0 0.0 0.0 0.0 0.0 0.0 0.0 0.0 0.0 0.0 0.0 0.0 0.0 0.0 0.0 0.0
 ZBDRY = -5.000000000000004E-02 5.000000000000004E-02 0.15 0.25 0.3 0.4 0.45 0.525025249110035 0.6 0.65 0.7 0.75 0.8 0.85 0.9 0.921784729819612 0.941381428709159 0.945478290772916 0.940065442738492 0.927489808761424 0.908521015430841 0.897080234595407 0.87182987444325 0.85 0.824183253654081 0.8 0.765549898107067 0.743240108308129 0.7 0.668249800198328 0.639556758498945 0.6 0.55 0.5 0.45384521340195 0.403390551502444 0.35 0.3 0.25 0.196827458565975 0.1 5.000000000000004E-02 -5.000000000000004E-02 -0.1 -0.2 -0.25 -0.30310240900707 -0.37261780942684 -0.43262921647174 -0.48512829732869 -0.53164210870785 -0.57337718514048 -0.61122666857598 -0.65 -0.7 -0.73687238761102 -0.76371533945635 -0.8 -0.83608277813958 -0.8575953196394 -0.89740529972829 -0.91634895316238 -0.94963840599185 -0.96593765672205 -0.99434667225886 -1.007741824942 -1.03288805379708 -1.05 -1.066184644426 -1.08636517545668 -1.1 -1.11203933243449 -1.12091255482676 -1.05 -1.0 -0.9280878524143 -0.85 -0.8 -0.7350161930721 -0.65 -0.6 -0.50752418850235 -0.45 -0.35 -0.3 -0.2 -0.1 -5.000000000000004E-02 0.0 0.0 0.0 0.0 0.0 0.0 0.0 0.0 0.0 0.0 0.0 0.0 0.0 0.0 0.0 0.0 0.0 0.0 0.0 0.0 0.0 0.0
 NBDRY = 88
 FWTSI = 999.999952502551 565.722820018014 557.5308718114642 566.5803026594107 448.2797554113674 328.3973933156765 0.0 388.8362122360734 0.0 554.6026416622259 556.9553755234565 554.891758833743 557.407412325887 0.0 321.1928104403754 251.9405962535956 0.0 515.6009624524545 563.4439868786736 556.2174588535973 563.1754744719841 0.0 556.946213074383 443.2944407730578 555.1622952096368 318.9056637391 358.8456656222302 273.1259834095024 386.5346413947325 0.0 0.0 556.814078233946 497.7003239936074 402.1675645926579 561.3440660652757 308.0497225743781 356.27400544404 266.026126505296 382.9051950589663 561.4998757696578 566.5790413957078 0.0 0.0 0.0
 FWTCUR = 4.240493418934019E-05
 MXITER = 15
 NXITER = 1
 LIMITR = 86
 XLIM = 1.016 1.016 1.016 1.016 1.016 1.016 1.016 1.016 1.016 1.016 1.016 1.012 1.001 1.029 1.042 1.046 1.056 1.097 1.108 1.116 1.134 1.148 1.162 1.181 1.182 1.185 1.19 1.195 1.201 1.209 1.215 1.222 1.228 1.234 1.239 1.242 1.248 1.258 1.263 1.28 1.28 1.28 1.31 1.328 1.361 1.38 1.419 1.419 1.372 1.372 1.608 1.647 1.785 2.07 2.128 2.245 2.323 2.377 2.352 2.351 2.351 2.354 2.354 2.354 2.353 2.351 2.353 2.377 2.134 1.786 1.768 1.768 1.682 1.372 1.372 1.42 1.42 1.273 1.153 1.016 1.016 1.016 1.016 1.016 1.016 1.016 1.016 0.0 0.0 0.0 0.0 0.0 0.0 0.0 0.0 0.0 0.0 0.0 0.0 0.0 0.0 0.0 0.0 0.0 0.0 0.0 0.0 0.0 0.0 0.0 0.0 0.0 0.0 0.0 0.0 0.0 0.0 0.0 0.0 0.0 0.0 0.0 0.0 0.0 0.0 0.0 0.0 0.0 0.0 0.0 0.0 0.0 0.0 0.0 0.0 0.0 0.0 0.0 0.0 0.0 0.0 0.0 0.0 0.0 0.0 0.0 0.0 0.0 0.0 0.0 0.0 0.0 0.0 0.0 0.0 0.0 0.0 0.0 0.0 0.0
 YLIM = 0.0 0.964 0.968 1.001 1.019 1.077 1.07 1.096 1.113 1.138 1.147 1.165 1.217 1.217 1.1624 1.16238 1.1626 1.1645 1.16594 1.16591 1.16896 1.17175 1.17556 1.183 1.1835 1.185 1.188 1.191 1.196 1.202 1.208 1.214 1.221 1.231 1.238 1.244 1.254 1.278 1.29 1.331 1.347 1.348 1.348 1.348 1.348 1.348 1.348 1.31 1.31 1.292 1.095 1.077 1.077 1.04 0.993 0.709 0.519 0.389 0.4 0.337 0.205 6.800000000000000E-02 0.0 -6.800000000000000E-02 -0.205 -0.337 -0.4 -0.389 -0.973 -1.174 -1.211 -1.25 -1.25 -1.25 -1.329 -1.329 -1.363 -1.363 -1.363 -1.223 -1.223 -0.83 -0.8 -0.415 -0.4 -1.000000000000000E-03 0.0 0.0 0.0 0.0 0.0 0.0 0.0 0.0 0.0 0.0 0.0 0.0 0.0 0.0 0.0 0.0 0.0 0.0 0.0 0.0 0.0 0.0 0.0 0.0 0.0 0.0 0.0 0.0 0.0 0.0 0.0 0.0 0.0 0.0 0.0 0.0 0.0 0.0 0.0 0.0 0.0 0.0 0.0 0.0 0.0 0.0 0.0 0.0 0.0 0.0 0.0 0.0 0.0 0.0 0.0 0.0 0.0 0.0 0.0 0.0 0.0 0.0 0.0 0.0 0.0 0.0 0.0 0.0 0.0 0.0 0.0 0.0 0.0 0.0
 ERROR = 1.000000000000000E-03
 ICONVR = 2
 IBUNMN = 3
 PRESSR = 0.0 0.0 0.0 0.0 0.0 0.0 0.0 0.0 0.0 0.0 0.0 0.0 0.0 0.0 0.0 0.0 0.0 0.0 0.0 0.0 0.0 0.0 0.0 0.0 0.0 0.0 0.0 0.0 0.0 0.0 0.0 0.0 0.0 0.0 0.0 0.0 0.0 0.0 0.0 0.0 0.0 0.0 0.0 0.0 0.0 0.0 0.0 0.0 0.0 0.0 0.0 0.0 0.0 0.0 0.0 0.0 0.0 0.0 0.0 0.0 0.0 0.0 0.0 0.0 0.0 0.0 0.0 0.0 0.0 0.0 0.0 0.0 0.0 0.0 0.0 0.0 0.0 0.0 0.0 0.0 0.0 0.0 0.0 0.0 0.0 0.0 0.0 0.0 0.0 0.0 0.0 0.0 0.0 0.0 0.0 0.0 0.0 0.0 0.0 0.0 0.0 0.0 0.0 0.0 0.0 0.0 0.0 0.0 0.0 0.0 0.0 0.0 0.0 0.0 0.0 0.0 0.0 0.0 0.0 0.0 0.0 0.0 0.0 0.0 0.0 0.0 0.0 0.0 0.0 0.0 0.0 0.0
 RPRESS = 0.0 0.0 0.0 0.0 0.0 0.0 0.0 0.0 0.0 0.0 0.0 0.0 0.0 0.0 0.0 0.0 0.0 0.0 0.0 0.0 0.0 0.0 0.0 0.0 0.0 0.0 0.0 0.0 0.0 0.0 0.0 0.0 0.0 0.0 0.0 0.0 0.0 0.0 0.0 0.0 0.0 0.0 0.0 0.0 0.0 0.0 0.0 0.0 0.0 0.0 0.0 0.0 0.0 0.0 0.0 0.0 0.0 0.0 0.0 0.0 0.0 0.0 0.0 0.0 0.0 0.0 0.0 0.0 0.0 0.0 0.0 0.0 0.0 0.0 0.0 0.0 0.0 0.0 0.0 0.0 0.0 0.0 0.0 0.0 0.0 0.0 0.0 0.0 0.0 0.0 0.0 0.0 0.0 0.0 0.0 0.0 0.0 0.0 0.0 0.0 0.0 0.0 0.0 0.0 0.0 0.0 0.0 0.0 0.0 0.0 0.0 0.0 0.0 0.0 0.0 0.0 0.0 0.0 0.0 0.0 0.0 0.0 0.0 0.0 0.0 0.0 0.0 0.0 0.0 0.0 0.0 0.0
 QPSI = 0.89987793770323 0.911034854635049 0.918114573132408 0.92702802515528 0.936202906492856 0.945697387806603 0.955642006343863 0.966861016558522 0.977068874191336 0.987308034762422 0.998510162508018 1.00986805975144 1.02153792807205 1.03341541620223 1.04628541110826 1.05899780558733 1.07220221581624 1.08594284662836 1.10016405228245 1.11486979785364 1.1298744693998 1.1454529570116 1.16167788875747 1.17843483112349 1.19572917618104 1.21359994370862 1.23218594126081 1.25146817391916 1.27147983985417 1.29222065244841 1.31376779391758 1.33618220024136 1.35953274689458 1.38386524823808 1.4092014872814 1.4356470079717 1.46326368721308 1.49216017284933 1.5224623308308 1.55418633627662 1.58745353410477 1.62246226974222 1.65934766375582 1.69829565042075 1.73938867963226 1.78284227795414 1.82902929466958 1.87831262432175 1.93073125044726 1.98677427557982 2.04706210414368 2.11215031746734 2.18242251612224 2.25903513731156 2.34298528934072 2.43563048771453 2.53858006590159 2.65457092915781 2.78644524357186 2.94085158566642 3.12373720266552 3.35155804826908 3.65413076126444 4.12510765182088 6.58252622706938
 PRESSW = 0.0 0.0 0.0 0.0 0.0 0.0 0.0 0.0 0.0 0.0 0.0 0.0 0.0 0.0 0.0 0.0 0.0 0.0 0.0 0.0 0.0 0.0 0.0 0.0 0.0 0.0 0.0 0.0 0.0 0.0 0.0 0.0 0.0 0.0 0.0 0.0 0.0 0.0 0.0 0.0 0.0 0.0 0.0 0.0 0.0 0.0 0.0 0.0 0.0 0.0 0.0 0.0 0.0 0.0 0.0 0.0 0.0 0.0 0.0 0.0 0.0 0.0 0.0 0.0 0.0
 PRES = 8093.132401260487 7823.598941785885 7559.18879180176 7299.873831518181 7045.625941145216 6796.417000892934 6552.218890971405 6313.003491590697 6078.742682960879 5849.408345292021 5624.972358794192 5405.406603677459 5190.682960151893 4980.773308427561 4775.649528714534 4575.28350122288 4379.647106162667 4188.712223743966 4002.450734176845 3820.834517671373 3643.835454437618 3471.425424685651 3303.576308625539 3140.259986467352 2981.448338421159 2827.113244697028 2677.22658550503 2531.760241055231 2390.686091557703 2253.976017222512 2121.60189825973 1993.535614879424 1869.749047291663 1750.214075706517 1634.902580334054 1523.786441384344 1416.837539067454 1314.027753593455 1215.328965172416 1120.713054014404 1030.15190032949 943.6173843277419 861.0813862192288 782.5157862140197 707.8924645221837 637.1833013537896 570.3601769189065 507.3949714276033 448.2595650899489 392.9258381160124 341.3656707158627 293.5509430995688 249.4535354771996 209.045328058824 172.2982010545111 139.1840346743298 109.6747091283491 83.74210462663798 61.35810137926534 42.49457959630016 27.1234194878114 15.21650126386805 6.74570513453906 1.68291130989338 0.0
 NQPSI = 65
 NPRESS = 0
 SIGPRE = 0.0 0.0 0.0 0.0 0.0 0.0 0.0 0.0 0.0 0.0 0.0 0.0 0.0 0.0 0.0 0.0 0.0 0.0 0.0 0.0 0.0 0.0 0.0 0.0 0.0 0.0 0.0 0.0 0.0 0.0 0.0 0.0 0.0 0.0 0.0 0.0 0.0 0.0 0.0 0.0 0.0 0.0 0.0 0.0 0.0 0.0 0.0 0.0 0.0 0.0 0.0 0.0 0.0 0.0 0.0 0.0 0.0 0.0 0.0 0.0 0.0 0.0 0.0 0.0 0.0 0.0 0.0 0.0 0.0 0.0 0.0 0.0 0.0 0.0 0.0 0.0 0.0 0.0 0.0 0.0 0.0 0.0 0.0 0.0 0.0 0.0 0.0 0.0 0.0 0.0 0.0 0.0 0.0 0.0 0.0 0.0 0.0 0.0 0.0 0.0 0.0 0.0 0.0 0.0 0.0 0.0 0.0 0.0 0.0 0.0 0.0 0.0 0.0 0.0 0.0 0.0 0.0 0.0 0.0 0.0 0.0 0.0 0.0 0.0 0.0 0.0 0.0 0.0 0.0 0.0 0.0 0.0
 /
 &BASIS
 KPPFNC = 0
 KPPKNT = 0
 PPKNT = 0.0 0.0 0.0 0.0 0.0 0.0 0.0 0.0 0.0 0.0 0.0 0.0 0.0 0.0 0.0 0.0 0.0 0.0 0.0 0.0 0.0 0.0 0.0 0.0 0.0 0.0 0.0 0.0 0.0 0.0 0.0 0.0 0.0 0.0 0.0 0.0
 PPTENS = 0.0
 KFFFNC = 0
 KFFKNT = 0
 FFKNT = 0.0 0.0 0.0 0.0 0.0 0.0 0.0 0.0 0.0 0.0 0.0 0.0 0.0 0.0 0.0 0.0 0.0 0.0 0.0 0.0 0.0 0.0 0.0 0.0 0.0 0.0 0.0 0.0 0.0 0.0 0.0 0.0 0.0 0.0 0.0 0.0
 FFTENS = 0.0
 KWWFNC = 0
 KWWKNT = 0
 WWKNT = 0.0 0.0 0.0 0.0 0.0 0.0 0.0 0.0 0.0 0.0 0.0 0.0 0.0 0.0 0.0 0.0 0.0 0.0 0.0 0.0 0.0 0.0 0.0 0.0 0.0 0.0 0.0 0.0 0.0 0.0 0.0 0.0 0.0 0.0 0.0 0.0
 WWTENS = 0.0
 PPBDRY = 89376.91264886883 -108293.178497837 0.0 0.0 0.0 0.0 0.0 0.0 0.0 0.0 0.0 0.0 0.0 0.0 0.0 0.0 0.0 0.0 0.0 0.0 0.0 0.0 0.0 0.0 0.0 0.0 0.0 0.0 0.0 0.0 0.0 0.0 0.0 0.0 0.0 0.0
 PP2BDRY = 0.0 0.0 0.0 0.0 0.0 0.0 0.0 0.0 0.0 0.0 0.0 0.0 0.0 0.0 0.0 0.0 0.0 0.0 0.0 0.0 0.0 0.0 0.0 0.0 0.0 0.0 0.0 0.0 0.0 0.0 0.0 0.0 0.0 0.0 0.0 0.0
 KPPBDRY = 0 0 0 0 0 0 0 0 0 0 0 0 0 0 0 0 0 0 0 0 0 0 0 0 0 0 0 0 0 0 0 0 0 0 0 0
 KPP2BDRY = 0 0 0 0 0 0 0 0 0 0 0 0 0 0 0 0 0 0 0 0 0 0 0 0 0 0 0 0 0 0 0 0 0 0 0 0
 FFBDRY = 2.17245283432965 -2.63227184938498 0.0 0.0 0.0 0.0 0.0 0.0 0.0 0.0 0.0 0.0 0.0 0.0 0.0 0.0 0.0 0.0 0.0 0.0 0.0 0.0 0.0 0.0 0.0 0.0 0.0 0.0 0.0 0.0 0.0 0.0 0.0 0.0 0.0 0.0
 FF2BDRY = 0.0 0.0 0.0 0.0 0.0 0.0 0.0 0.0 0.0 0.0 0.0 0.0 0.0 0.0 0.0 0.0 0.0 0.0 0.0 0.0 0.0 0.0 0.0 0.0 0.0 0.0 0.0 0.0 0.0 0.0 0.0 0.0 0.0 0.0 0.0 0.0
 KFFBDRY = 0 0 0 0 0 0 0 0 0 0 0 0 0 0 0 0 0 0 0 0 0 0 0 0 0 0 0 0 0 0 0 0 0 0 0 0
 KFF2BDRY = 0 0 0 0 0 0 0 0 0 0 0 0 0 0 0 0 0 0 0 0 0 0 0 0 0 0 0 0 0 0 0 0 0 0 0 0
 WWBDRY = -5379405.96841977 -5256886.22265801 0.0 0.0 0.0 0.0 0.0 0.0 0.0 0.0 0.0 0.0 0.0 0.0 0.0 0.0 0.0 0.0 0.0 0.0 0.0 0.0 0.0 0.0 0.0 0.0 0.0 0.0 0.0 0.0 0.0 0.0 0.0 0.0 0.0 0.0
 WW2BDRY = 0.0 0.0 0.0 0.0 0.0 0.0 0.0 0.0 0.0 0.0 0.0 0.0 0.0 0.0 0.0 0.0 0.0 0.0 0.0 0.0 0.0 0.0 0.0 0.0 0.0 0.0 0.0 0.0 0.0 0.0 0.0 0.0 0.0 0.0 0.0 0.0
 KWWBDRY = 0 0 0 0 0 0 0 0 0 0 0 0 0 0 0 0 0 0 0 0 0 0 0 0 0 0 0 0 0 0 0 0 0 0 0 0
 KWW2BDRY = 0 0 0 0 0 0 0 0 0 0 0 0 0 0 0 0 0 0 0 0 0 0 0 0 0 0 0 0 0 0 0 0 0 0 0 0
 KEEFNC = 0
 KEEKNT = 0
 EEKNT = 0.0 0.0 0.0 0.0 0.0 0.0 0.0 0.0 0.0 0.0 0.0 0.0 0.0 0.0 0.0 0.0 0.0 0.0
 EETENS = 5.0
 EEBDRY = 0.0 0.0 0.0 0.0 0.0 0.0 0.0 0.0 0.0 0.0 0.0 0.0 0.0 0.0 0.0 0.0 0.0 0.0
 EE2BDRY = 0.0 0.0 0.0 0.0 0.0 0.0 0.0 0.0 0.0 0.0 0.0 0.0 0.0 0.0 0.0 0.0 0.0 0.0
 KEEBDRY = 0 0 0 0 0 0 0 0 0 0 0 0 0 0 0 0 0 0
 KEE2BDRY = 0 0 0 0 0 0 0 0 0 0 0 0 0 0 0 0 0 0
 /
 &CHIOUT
 SAISIL = 4.802225752644146E-03 7.640190387178622E-02 1.195658290806400E-05 0.170803077198151 2.492290037321900E-02 1.443760554986710E-02 0.0 3.033917089315162E-02 0.0 4.998755205250805E-03 3.990099947329348E-02 1.040780922169363E-04 2.373579381510141E-02 0.0 4.134533744829888E-02 0.345078435242363 0.0 5.669141106585174E-03 0.169725579209456 0.134589526018214 0.100405550165508 0.0 4.124255464442421E-02 2.954061634007642E-03 1.386467909975808E-02 0.135267070314134 4.159673967122666E-02 4.667732977700268E-03 3.531612006329028E-03 0.0 0.0 0.836863208611697 0.588234924843062 6.088102350434311E-02 7.924304555800403E-02 0.175041904517756 5.902333929635654E-03 3.457938007314167E-02 2.035887141160785E-04 0.158374523855993 2.107544775222400E-02 0.0 0.0 0.0
 SAIMPI = 0.0 0.0 0.0 0.0 0.0 0.0 0.0 0.0 0.0 0.0 0.0 0.0 0.0 0.0 0.0 0.0 0.0 0.0 0.0 0.0 0.0 0.0 0.0 0.0 0.0 0.0 0.0 0.0 0.0 0.111248350369999 2.820920129814689E-03 0.0 0.12409924466347 4.680425382078770E-03 0.12789181916925 0.374026248357894 0.363016920390035 0.0 0.0 0.631841079826649 0.500401168400891 0.202267468460632 0.331219658764332 8.162030666469598E-02 0.255273686734658 0.111743386440349 0.146783201573393 1.23439108639249 2.656281180541073E-02 0.0 0.102761090269015 0.692186697460207 0.499582190753245 1.887846031385762E-04 0.200583117311998 1.00198866684657 0.231454578673334 0.121792639794728 0.0 1.295910612916443E-02 9.478404722140564E-02 0.171652345487764 6.397278217745594E-02 5.495913400027718E-02 0.173589316964708 0.555847168447753 0.109084056995111 0.0 0.14109843234141 0.113981997835612 1.552125858113927E-02 0.0 0.0 0.0 0.0 0.0
 SAIPR = 0.0
 SAIIP = 2.994719039303953E-02
 /
                                            MAG
