   EFIT?   05/12/98      #131526  4000             3  65  65
  1.70000005e+00  3.20000005e+00  1.69550002e+00  8.39999974e-01  0.00000000e+00
  1.77111888e+00  9.34867840e-03 -3.82561684e-01 -6.86615407e-02 -1.89970505e+00
  1.54389575e+06 -3.82561684e-01  0.00000000e+00  1.77111888e+00  0.00000000e+00
  9.34867840e-03  0.00000000e+00 -6.86615407e-02  0.00000000e+00  0.00000000e+00
 -3.25203943e+00 -3.25058794e+00 -3.24919295e+00 -3.24785328e+00 -3.24656773e+00
 -3.24533510e+00 -3.24415421e+00 -3.24302340e+00 -3.24194217e+00 -3.24090862e+00
 -3.23992181e+00 -3.23898077e+00 -3.23808360e+00 -3.23722982e+00 -3.23641753e+00
 -3.23564577e+00 -3.23491335e+00 -3.23421884e+00 -3.23356104e+00 -3.23293877e+00
 -3.23235083e+00 -3.23179579e+00 -3.23127222e+00 -3.23077917e+00 -3.23031545e+00
 -3.22987938e+00 -3.22947001e+00 -3.22908592e+00 -3.22872567e+00 -3.22838831e+00
 -3.22807264e+00 -3.22777700e+00 -3.22750020e+00 -3.22724128e+00 -3.22699857e+00
 -3.22677088e+00 -3.22655702e+00 -3.22635579e+00 -3.22616577e+00 -3.22598553e+00
 -3.22581410e+00 -3.22564983e+00 -3.22549200e+00 -3.22533870e+00 -3.22518897e+00
 -3.22504139e+00 -3.22489500e+00 -3.22474813e+00 -3.22459960e+00 -3.22444820e+00
 -3.22429252e+00 -3.22413135e+00 -3.22396350e+00 -3.22378755e+00 -3.22360206e+00
 -3.22340608e+00 -3.22319818e+00 -3.22297692e+00 -3.22274137e+00 -3.22248983e+00
 -3.22222114e+00 -3.22193432e+00 -3.22162747e+00 -3.22129989e+00 -3.22094989e+00
  1.53208281e+05  1.49574172e+05  1.45979453e+05  1.42424094e+05  1.38908109e+05
  1.35431484e+05  1.31994250e+05  1.28596375e+05  1.25237883e+05  1.21918758e+05
  1.18639000e+05  1.15398617e+05  1.12197609e+05  1.09035977e+05  1.05913711e+05
  1.02830820e+05  9.97872969e+04  9.67831484e+04  9.38183750e+04  9.08929688e+04
  8.80069375e+04  8.51602812e+04  8.23529922e+04  7.95850781e+04  7.68565391e+04
  7.41673672e+04  7.15175703e+04  6.89071406e+04  6.63360859e+04  6.38044062e+04
  6.13120977e+04  5.88591602e+04  5.64455938e+04  5.40713984e+04  5.17365781e+04
  4.94411289e+04  4.71850547e+04  4.49683477e+04  4.27910156e+04  4.06530547e+04
  3.85544688e+04  3.64952500e+04  3.44754062e+04  3.24949355e+04  3.05538359e+04
  2.86521094e+04  2.67897539e+04  2.49667715e+04  2.31831602e+04  2.14389219e+04
  1.97340547e+04  1.80685605e+04  1.64424375e+04  1.48556885e+04  1.33083105e+04
  1.18003047e+04  1.03316709e+04  8.90240918e+03  7.51252002e+03  6.16200293e+03
  4.85085840e+03  3.57908545e+03  2.34668481e+03  1.15365625e+03  0.00000000e+00
 -9.81279492e-01 -9.43000913e-01 -9.05568480e-01 -8.68982196e-01 -8.33242118e-01
 -7.98348188e-01 -7.64300466e-01 -7.31098890e-01 -6.98743463e-01 -6.67234242e-01
 -6.36571229e-01 -6.06754303e-01 -5.77783585e-01 -5.49659073e-01 -5.22380710e-01
 -4.95948523e-01 -4.70362484e-01 -4.45622653e-01 -4.21728969e-01 -3.98681462e-01
 -3.76480132e-01 -3.55124980e-01 -3.34616005e-01 -3.14953178e-01 -2.96136558e-01
 -2.78166085e-01 -2.61041790e-01 -2.44763672e-01 -2.29331717e-01 -2.14745939e-01
 -2.01006338e-01 -1.88112915e-01 -1.76065654e-01 -1.64864555e-01 -1.54509649e-01
 -1.45000905e-01 -1.36338338e-01 -1.28521949e-01 -1.21551715e-01 -1.15427665e-01
 -1.10149786e-01 -1.05718084e-01 -1.02132551e-01 -9.93931890e-02 -9.74999964e-02
 -9.64529812e-02 -9.62521359e-02 -9.68974680e-02 -9.83889699e-02 -1.00726642e-01
 -1.03910491e-01 -1.07940510e-01 -1.12816699e-01 -1.18539065e-01 -1.25107601e-01
 -1.32522315e-01 -1.40783191e-01 -1.49890244e-01 -1.59843475e-01 -1.70642868e-01
 -1.82288453e-01 -1.94780186e-01 -2.08118111e-01 -2.22302198e-01 -2.37332463e-01
 -7.44958125e+05 -7.36930688e+05 -7.28903250e+05 -7.20875812e+05 -7.12848312e+05
 -7.04820875e+05 -6.96793438e+05 -6.88766000e+05 -6.80738500e+05 -6.72711062e+05
 -6.64683625e+05 -6.56656188e+05 -6.48628750e+05 -6.40601250e+05 -6.32573812e+05
 -6.24546375e+05 -6.16518938e+05 -6.08491438e+05 -6.00464000e+05 -5.92436562e+05
 -5.84409125e+05 -5.76381625e+05 -5.68354188e+05 -5.60326750e+05 -5.52299312e+05
 -5.44271875e+05 -5.36244375e+05 -5.28216938e+05 -5.20189500e+05 -5.12162031e+05
 -5.04134594e+05 -4.96107125e+05 -4.88079688e+05 -4.80052219e+05 -4.72024781e+05
 -4.63997312e+05 -4.55969875e+05 -4.47942438e+05 -4.39914969e+05 -4.31887531e+05
 -4.23860062e+05 -4.15832625e+05 -4.07805156e+05 -3.99777719e+05 -3.91750250e+05
 -3.83722812e+05 -3.75695344e+05 -3.67667906e+05 -3.59640438e+05 -3.51613000e+05
 -3.43585562e+05 -3.35558094e+05 -3.27530656e+05 -3.19503188e+05 -3.11475750e+05
 -3.03448281e+05 -2.95420844e+05 -2.87393375e+05 -2.79365938e+05 -2.71338469e+05
 -2.63311031e+05 -2.55283578e+05 -2.47256125e+05 -2.39228672e+05 -2.31201219e+05
 -3.14014666e-02 -3.82379703e-02 -4.55417335e-02 -5.33396639e-02 -6.16109893e-02
 -7.02859983e-02 -7.92615786e-02 -8.84350687e-02 -9.61432233e-02 -1.00754283e-01
 -1.06661245e-01 -1.16260774e-01 -1.26974493e-01 -1.33851379e-01 -1.37762249e-01
 -1.39032751e-01 -1.37690380e-01 -1.33584261e-01 -1.26319662e-01 -1.15090042e-01
 -9.83605906e-02 -8.09494033e-02 -6.65236637e-02 -5.38142137e-02 -4.21120822e-02
 -3.09832338e-02 -2.01209188e-02 -9.26961284e-03  1.82659586e-03  1.34356217e-02
  2.43248288e-02  3.41128781e-02  4.29651327e-02  5.08252196e-02  5.76620363e-02
  6.33420423e-02  6.83702528e-02  7.40853623e-02  8.02933648e-02  8.68755803e-02
  9.37586725e-02  1.00893751e-01  1.08243398e-01  1.15774095e-01  1.23452283e-01
  1.31242469e-01  1.39106393e-01  1.47002593e-01  1.54886290e-01  1.62709534e-01
  1.70421615e-01  1.77969739e-01  1.85300037e-01  1.92358971e-01  1.99094802e-01
  2.05459416e-01  2.11410031e-01  2.16910839e-01  2.21934363e-01  2.26462364e-01
  2.30486304e-01  2.34007180e-01  2.37034932e-01  2.39587337e-01  2.41688713e-01
 -3.59870382e-02 -4.36240844e-02 -5.19111417e-02 -6.09530769e-02 -7.07769021e-02
 -8.12713504e-02 -9.11523178e-02 -9.85596105e-02 -1.03196651e-01 -1.05086677e-01
 -1.08124822e-01 -1.13407515e-01 -1.19231224e-01 -1.23529486e-01 -1.25919983e-01
 -1.26298741e-01 -1.24553740e-01 -1.20515794e-01 -1.13946676e-01 -1.04565211e-01
 -9.23262015e-02 -7.91300535e-02 -6.67030141e-02 -5.50376326e-02 -4.39140163e-02
 -3.31117772e-02 -2.24281307e-02 -1.16643403e-02 -5.98641927e-04  1.10071860e-02
  2.19675303e-02  3.18865106e-02  4.09117416e-02  4.90322597e-02  5.62006645e-02
  6.22713789e-02  6.77916780e-02  7.40332082e-02  8.08164924e-02  8.80246684e-02
  9.55834389e-02  1.03440911e-01  1.11556374e-01  1.19893655e-01  1.28417030e-01
  1.37088612e-01  1.45866692e-01  1.54704735e-01  1.63550764e-01  1.72347173e-01
  1.81031018e-01  1.89534828e-01  1.97787970e-01  2.05718622e-01  2.13256255e-01
  2.20334560e-01  2.26894394e-01  2.32886732e-01  2.38274947e-01  2.43036464e-01
  2.47163489e-01  2.50662595e-01  2.53553420e-01  2.55866855e-01  2.57642239e-01
 -3.95086072e-02 -4.75724861e-02 -5.64349256e-02 -6.64636791e-02 -7.78279454e-02
 -8.72619748e-02 -9.40403938e-02 -9.80768651e-02 -9.93033201e-02 -1.00182176e-01
 -1.01771452e-01 -1.03931725e-01 -1.06147036e-01 -1.07833028e-01 -1.08537979e-01
 -1.07966825e-01 -1.05927601e-01 -1.02295399e-01 -9.70151201e-02 -9.01473016e-02
 -8.19437727e-02 -7.28504434e-02 -6.33220449e-02 -5.36410436e-02 -4.39186580e-02
 -3.41653265e-02 -2.43433621e-02 -1.43972561e-02 -4.27883863e-03  5.96692041e-03
  1.59545839e-02  2.54328400e-02  3.43707874e-02  4.27636951e-02  5.06109558e-02
  5.79498447e-02  6.50995597e-02  7.25017413e-02  8.02454129e-02  8.83319601e-02
  9.67468321e-02  1.05470568e-01  1.14480898e-01  1.23752475e-01  1.33255795e-01
  1.42955855e-01  1.52810946e-01  1.62771329e-01  1.72778308e-01  1.82763591e-01
  1.92649126e-01  2.02347830e-01  2.11765185e-01  2.20802173e-01  2.29359120e-01
  2.37340719e-01  2.44661361e-01  2.51250446e-01  2.57056862e-01  2.62051821e-01
  2.66230166e-01  2.69609302e-01  2.72226661e-01  2.74135619e-01  2.75400788e-01
 -4.19012643e-02 -4.97759171e-02 -5.81619963e-02 -6.73599765e-02 -7.71667436e-02
 -8.39027464e-02 -8.71856585e-02 -8.89467075e-02 -9.04326513e-02 -9.18056145e-02
 -9.31410566e-02 -9.43929330e-02 -9.54028815e-02 -9.59523767e-02 -9.58205834e-02
 -9.48211104e-02 -9.28171277e-02 -8.97271857e-02 -8.55314210e-02 -8.02793279e-02
 -7.40905181e-02 -6.71359822e-02 -5.95989376e-02 -5.16355857e-02 -4.33565713e-02
 -3.48300859e-02 -2.60963235e-02 -1.71858594e-02 -8.14001728e-03  9.70983878e-04
  1.00509450e-02  1.90119222e-02  2.78020892e-02  3.64083536e-02  4.48551998e-02
  5.32106087e-02  6.15853071e-02  7.01009035e-02  7.88497254e-02  8.78862664e-02
  9.72378328e-02  1.06914647e-01  1.16915442e-01  1.27229989e-01  1.37839675e-01
  1.48716971e-01  1.59824178e-01  1.71111837e-01  1.82516754e-01  1.93960279e-01
  2.05346912e-01  2.16563985e-01  2.27483049e-01  2.37963423e-01  2.47858480e-01
  2.57024258e-01  2.65329659e-01  2.72666752e-01  2.78959692e-01  2.84170389e-01
  2.88300633e-01  2.91389734e-01  2.93508559e-01  2.94751137e-01  2.95225173e-01
 -4.39827181e-02 -5.12646437e-02 -5.81598319e-02 -6.48483709e-02 -7.10477084e-02
 -7.49415606e-02 -7.78511837e-02 -8.01246688e-02 -8.19669142e-02 -8.34949762e-02
 -8.47565010e-02 -8.57376754e-02 -8.63740891e-02 -8.65683705e-02 -8.62108544e-02
 -8.51981342e-02 -8.34468976e-02 -8.09030756e-02 -7.75474235e-02 -7.33972788e-02
 -6.85033649e-02 -6.29408881e-02 -5.67966327e-02 -5.01560047e-02 -4.30942103e-02
 -3.56733389e-02 -2.79444829e-02 -1.99526679e-02 -1.17421066e-02 -3.35882534e-03
  5.15166856e-03  1.37511380e-02  2.24159826e-02  3.11419927e-02  3.99460830e-02
  4.88651581e-02  5.79510964e-02  6.72617629e-02  7.68513232e-02  8.67641494e-02
  9.70330238e-02  1.07679896e-01  1.18717059e-01  1.30147889e-01  1.41966656e-01
  1.54157594e-01  1.66692838e-01  1.79529667e-01  1.92606792e-01  2.05840051e-01
  2.19117895e-01  2.32297644e-01  2.45204121e-01  2.57632524e-01  2.69357443e-01
  2.80148625e-01  2.89791435e-01  2.98108697e-01  3.04979265e-01  3.10350269e-01
  3.14240783e-01  3.16736013e-01  3.17973554e-01  3.18124086e-01  3.17371547e-01
 -4.80256751e-02 -5.55820614e-02 -5.95232546e-02 -6.25504181e-02 -6.56317100e-02
 -6.84197545e-02 -7.08331838e-02 -7.29015693e-02 -7.46694505e-02 -7.61653185e-02
 -7.73931593e-02 -7.83315301e-02 -7.89368227e-02 -7.91495666e-02 -7.89026320e-02
 -7.81296343e-02 -7.67725930e-02 -7.47881457e-02 -7.21521080e-02 -6.88618869e-02
 -6.49345294e-02 -6.04025945e-02 -5.53087033e-02 -4.96998802e-02 -4.36230302e-02
 -3.71222273e-02 -3.02377474e-02 -2.30062716e-02 -1.54613694e-02 -7.63335777e-03
  4.51929198e-04  8.77533108e-03  1.73267666e-02  2.61070225e-02  3.51283699e-02
  4.44136895e-02  5.39941788e-02  6.39059469e-02  7.41864517e-02  8.48714933e-02
  9.59933177e-02  1.07579634e-01  1.19653031e-01  1.32230535e-01  1.45322636e-01
  1.58931687e-01  1.73049226e-01  1.87651873e-01  2.02695325e-01  2.18106076e-01
  2.33770683e-01  2.49523044e-01  2.65132576e-01  2.80298382e-01  2.94658035e-01
  3.07816833e-01  3.19394708e-01  3.29076707e-01  3.36653501e-01  3.42046440e-01
  3.45315933e-01  3.46649379e-01  3.46326917e-01  3.44672978e-01  3.42009842e-01
 -4.98324558e-02 -5.73944151e-02 -5.97845912e-02 -6.06379882e-02 -6.19830415e-02
 -6.35759234e-02 -6.52454719e-02 -6.68896884e-02 -6.84461743e-02 -6.98698759e-02
 -7.11197630e-02 -7.21521229e-02 -7.29181692e-02 -7.33643770e-02 -7.34343752e-02
 -7.30716139e-02 -7.22222850e-02 -7.08387941e-02 -6.88850582e-02 -6.63471967e-02
 -6.32255450e-02 -5.95317706e-02 -5.52862808e-02 -5.05145565e-02 -4.52443659e-02
 -3.95037942e-02 -3.33198346e-02 -2.67175101e-02 -1.97191667e-02 -1.23437690e-02
 -4.60599316e-03  3.48481070e-03  1.19256163e-02  2.07204260e-02  2.98804808e-02
  3.94238830e-02  4.93746474e-02  5.97613640e-02  7.06157386e-02  8.19712728e-02
  9.38622281e-02  1.06322952e-01  1.19387411e-01  1.33088768e-01  1.47458747e-01
  1.62526473e-01  1.78316295e-01  1.94843978e-01  2.12110192e-01  2.30089486e-01
  2.48712257e-01  2.67836243e-01  2.87205189e-01  3.06400508e-01  3.24813396e-01
  3.41694564e-01  3.56299847e-01  3.68033260e-01  3.76514435e-01  3.81609678e-01
  3.83461833e-01  3.82497281e-01  3.79341424e-01  3.74655694e-01  3.69012624e-01
 -4.82488386e-02 -5.55717722e-02 -5.71465194e-02 -5.71821071e-02 -5.77544346e-02
 -5.87215498e-02 -5.99590391e-02 -6.13594577e-02 -6.28334060e-02 -6.43057600e-02
 -6.57110289e-02 -6.69893846e-02 -6.80839196e-02 -6.89388588e-02 -6.94983006e-02
 -6.97046742e-02 -6.94962665e-02 -6.88029230e-02 -6.75403178e-02 -6.57131150e-02
 -6.33163750e-02 -6.03513718e-02 -5.68301417e-02 -5.27669676e-02 -4.81774211e-02
 -4.30781543e-02 -3.74854989e-02 -3.14145610e-02 -2.48785522e-02 -1.78880282e-02
 -1.04501266e-02 -2.56788381e-03  5.76035539e-03  1.45413335e-02  2.37870663e-02
  3.35147977e-02  4.37467359e-02  5.45096844e-02  6.58346042e-02  7.77563155e-02
  9.03133303e-02  1.03547961e-01  1.17506638e-01  1.32240430e-01  1.47805780e-01
  1.64265141e-01  1.81687564e-01  2.00148538e-01  2.19728440e-01  2.40507662e-01
  2.62554377e-01  2.85895258e-01  3.10445338e-01  3.35846037e-01  3.61166775e-01
  3.84536445e-01  4.04225767e-01  4.19250935e-01  4.29011881e-01  4.33205456e-01
  4.31901783e-01  4.26028728e-01  4.17458206e-01  4.07626420e-01  3.97447646e-01
 -4.37496491e-02 -5.07557690e-02 -5.21285869e-02 -5.18875942e-02 -5.22279777e-02
 -5.30519970e-02 -5.42530715e-02 -5.57265170e-02 -5.73763438e-02 -5.91174997e-02
 -6.08753972e-02 -6.25842735e-02 -6.41852841e-02 -6.56246990e-02 -6.68519959e-02
 -6.78171366e-02 -6.84650242e-02 -6.87224939e-02 -6.80944100e-02 -6.69563189e-02
 -6.52418137e-02 -6.29264787e-02 -6.00447133e-02 -5.66031225e-02 -5.26058488e-02
 -4.80629578e-02 -4.29830775e-02 -3.73734944e-02 -3.12407073e-02 -2.45892983e-02
 -1.74211394e-02 -9.73480381e-03 -1.52515888e-03  7.21689872e-03  1.65046621e-02
  2.63557918e-02  3.67924534e-02  4.78414632e-02  5.95344938e-02  7.19083995e-02
  8.50057825e-02  9.88758206e-02  1.13575540e-01  1.29171535e-01  1.45742372e-01
  1.63381800e-01  1.82203159e-01  2.02345371e-01  2.23981336e-01  2.47329980e-01
  2.72674531e-01  3.00392419e-01  3.31011951e-01  3.65358353e-01  4.04167950e-01
  4.39164549e-01  4.66806799e-01  4.86876547e-01  4.98912841e-01  5.01905799e-01
  4.95575756e-01  4.78219181e-01  4.58858222e-01  4.40906584e-01  4.24597532e-01
 -3.66520286e-02 -4.33397628e-02 -4.46930937e-02 -4.45167534e-02 -4.50430922e-02
 -4.61583547e-02 -4.77295704e-02 -4.96347025e-02 -5.17679974e-02 -5.40399849e-02
 -5.63754290e-02 -5.87109588e-02 -6.09931313e-02 -6.31774142e-02 -6.52285293e-02
 -6.71233684e-02 -6.88586906e-02 -6.99685067e-02 -7.03988820e-02 -7.01473355e-02
 -6.91617951e-02 -6.73362538e-02 -6.50352687e-02 -6.21670000e-02 -5.86944371e-02
 -5.46473078e-02 -5.00258990e-02 -4.48276922e-02 -3.90561931e-02 -3.27126794e-02
 -2.57956609e-02 -1.83004234e-02 -1.02190971e-02 -1.54074410e-03  7.74886506e-03
  1.76676046e-02  2.82374043e-02  3.94847058e-02  5.14410101e-02  6.41436055e-02
  7.76365176e-02  9.19718072e-02  1.07211433e-01  1.23429701e-01  1.40716746e-01
  1.59183308e-01  1.78967550e-01  2.00244755e-01  2.23241866e-01  2.48259529e-01
  2.75707126e-01  3.06160331e-01  3.40457678e-01  3.79845560e-01  4.26065534e-01
  4.73568916e-01  5.10252893e-01  5.36004245e-01  5.51076174e-01  5.55291951e-01
  5.47026992e-01  5.25306284e-01  4.93973494e-01  4.67464536e-01  4.45220292e-01
 -2.66780313e-02 -3.30724716e-02 -3.42764556e-02 -3.45923528e-02 -3.58642824e-02
 -3.78081501e-02 -4.02192101e-02 -4.29494791e-02 -4.58902828e-02 -4.89589348e-02
 -5.20903580e-02 -5.52318953e-02 -5.83401993e-02 -6.13793805e-02 -6.43201247e-02
 -6.71399012e-02 -6.98251501e-02 -7.18776882e-02 -7.32734650e-02 -7.39908218e-02
 -7.40046576e-02 -7.32938051e-02 -7.18661845e-02 -6.96666390e-02 -6.65787086e-02
 -6.29938170e-02 -5.88083901e-02 -5.39788790e-02 -4.85350862e-02 -4.24766801e-02
 -3.58002596e-02 -2.84973085e-02 -2.05567200e-02 -1.19663086e-02 -2.71192798e-03
  7.22331787e-03  1.78597756e-02  2.92218700e-02  4.13387679e-02  5.42451777e-02
  6.79823384e-02  8.25993791e-02  9.81551036e-02  1.14720374e-01  1.32381365e-01
  1.51243955e-01  1.71439737e-01  1.93134412e-01  2.16539368e-01  2.41927937e-01
  2.69657969e-01  3.00201505e-01  3.34180832e-01  3.72402936e-01  4.15881246e-01
  4.65528637e-01  5.07643700e-01  5.37605762e-01  5.55857897e-01  5.62539458e-01
  5.57946384e-01  5.40441871e-01  5.09691238e-01  4.78304654e-01  4.53112423e-01
 -1.14463102e-02 -1.68931093e-02 -1.93035863e-02 -2.15077363e-02 -2.45861076e-02
 -2.81034242e-02 -3.18798795e-02 -3.58183645e-02 -3.98557298e-02 -4.39455844e-02
 -4.80511151e-02 -5.21416888e-02 -5.61909080e-02 -6.01750091e-02 -6.40703365e-02
 -6.78477064e-02 -7.14583322e-02 -7.44359419e-02 -7.67696425e-02 -7.84399062e-02
 -7.94235840e-02 -7.96970502e-02 -7.92376399e-02 -7.80172497e-02 -7.60108083e-02
 -7.32240006e-02 -6.95941746e-02 -6.49939701e-02 -5.98472580e-02 -5.40551841e-02
 -4.76194061e-02 -4.05183658e-02 -3.27322669e-02 -2.42506769e-02 -1.50621478e-02
 -5.15304366e-03  5.49341366e-03  1.68975685e-02  2.90837791e-02  4.20809537e-02
  5.59232831e-02  7.06511885e-02  8.63125399e-02  1.02964245e-01  1.20674200e-01
  1.39523804e-01  1.59610972e-01  1.81053817e-01  2.03994855e-01  2.28605345e-01
  2.55088985e-01  2.83683300e-01  3.14656347e-01  3.48298252e-01  3.84919405e-01
  4.24942285e-01  4.65933383e-01  4.95076030e-01  5.13947606e-01  5.23379862e-01
  5.23010015e-01  5.13622761e-01  4.93881345e-01  4.66255009e-01  4.44000393e-01
  9.52672306e-03  6.58298470e-03  1.65109595e-04 -6.42800983e-03 -1.23267407e-02
 -1.79268867e-02 -2.33729966e-02 -2.87261028e-02 -3.40129249e-02 -3.92438732e-02
 -4.44209799e-02 -4.95420545e-02 -5.46033494e-02 -5.96020781e-02 -6.45399839e-02
 -6.94302395e-02 -7.38253370e-02 -7.76612014e-02 -8.08948129e-02 -8.34915414e-02
 -8.54199529e-02 -8.66498798e-02 -8.71514902e-02 -8.68945047e-02 -8.58489349e-02
 -8.39850605e-02 -8.12650546e-02 -7.76491538e-02 -7.31189400e-02 -6.75546676e-02
 -6.14037365e-02 -5.45424744e-02 -4.69156541e-02 -3.85517180e-02 -2.94458251e-02
 -1.95908714e-02 -8.97491351e-03  2.41697673e-03  1.46026602e-02  2.76029762e-02
  4.14420255e-02  5.61475493e-02  7.17513934e-02  8.82899687e-02  1.05804741e-01
  1.24342442e-01  1.43954992e-01  1.64698571e-01  1.86631322e-01  2.09808320e-01
  2.34272122e-01  2.60035247e-01  2.87048757e-01  3.15144479e-01  3.43921125e-01
  3.72496486e-01  3.99072826e-01  4.21276748e-01  4.37690973e-01  4.47871804e-01
  4.51805174e-01  4.49787945e-01  4.42609251e-01  4.31997210e-01  4.20385689e-01
  2.48542279e-02  2.27242187e-02  1.49397915e-02  6.35956554e-03 -1.45251502e-03
 -8.73774756e-03 -1.56626459e-02 -2.23359894e-02 -2.88272668e-02 -3.51807289e-02
 -4.14244272e-02 -4.75758389e-02 -5.36454618e-02 -5.96392378e-02 -6.55605942e-02
 -7.14134276e-02 -7.67222717e-02 -8.14639628e-02 -8.56107846e-02 -8.91327932e-02
 -9.19987038e-02 -9.41761881e-02 -9.56321284e-02 -9.63327587e-02 -9.62439254e-02
 -9.53312218e-02 -9.35599655e-02 -9.08971727e-02 -8.73146951e-02 -8.27885196e-02
 -7.73286521e-02 -7.08668306e-02 -6.32629097e-02 -5.49998768e-02 -4.59686182e-02
 -3.61774080e-02 -2.56123561e-02 -1.42635750e-02 -2.11972161e-03  1.08311484e-02
  2.46018339e-02  3.92059200e-02  5.46576083e-02  7.09713548e-02  8.81611332e-02
  1.06239192e-01  1.25213996e-01  1.45086825e-01  1.65846571e-01  1.87461495e-01
  2.09866896e-01  2.32946530e-01  2.56505728e-01  2.80233771e-01  3.03658038e-01
  3.26107562e-01  3.46738249e-01  3.64676058e-01  3.79220754e-01  3.89966160e-01
  3.96816015e-01  3.99972796e-01  3.99932027e-01  3.97438169e-01  3.93333524e-01
  3.47684324e-02  3.28075215e-02  2.50114463e-02  1.57115255e-02  6.92573236e-03
 -1.42419548e-03 -9.42663569e-03 -1.71583667e-02 -2.46807262e-02 -3.20404805e-02
 -3.92721817e-02 -4.64004911e-02 -5.34416102e-02 -6.04029633e-02 -6.72791600e-02
 -7.40392730e-02 -8.02405551e-02 -8.58767927e-02 -9.09282714e-02 -9.53680277e-02
 -9.91648585e-02 -1.02284849e-01 -1.04692273e-01 -1.06350228e-01 -1.07221097e-01
 -1.07267097e-01 -1.06450804e-01 -1.04735956e-01 -1.02088198e-01 -9.84751135e-02
 -9.38658342e-02 -8.82213190e-02 -8.15018639e-02 -7.36939684e-02 -6.46739155e-02
 -5.49624786e-02 -4.44505401e-02 -3.31526995e-02 -2.10610535e-02 -8.17343220e-03
  5.51190227e-03  1.99948885e-02  3.52733247e-02  5.13419919e-02  6.81914315e-02
  8.58061090e-02  1.04161859e-01  1.23222202e-01  1.42933294e-01  1.63217068e-01
  1.83962330e-01  2.05013826e-01  2.26159617e-01  2.47119501e-01  2.67538697e-01
  2.86995411e-01  3.05030495e-01  3.21199685e-01  3.35135251e-01  3.46596092e-01
  3.55495185e-01  3.61905068e-01  3.66042763e-01  3.68233711e-01  3.68855745e-01
  4.19474244e-02  4.00480591e-02  3.19604389e-02  2.22611316e-02  1.29186986e-02
  3.89336492e-03 -4.86272341e-03 -1.33979581e-02 -2.17563137e-02 -2.99753770e-02
 -3.80862653e-02 -4.61146720e-02 -5.40828668e-02 -6.20132461e-02 -6.99352399e-02
 -7.74266049e-02 -8.44339132e-02 -9.09196809e-02 -9.68505666e-02 -1.02192953e-01
 -1.06911488e-01 -1.10968865e-01 -1.14325978e-01 -1.16942346e-01 -1.18776605e-01
 -1.19787015e-01 -1.19932018e-01 -1.19170770e-01 -1.17463611e-01 -1.14772275e-01
 -1.11059807e-01 -1.06290184e-01 -1.00429863e-01 -9.34499428e-02 -8.53221789e-02
 -7.60452300e-02 -6.55012578e-02 -5.42502403e-02 -4.21871431e-02 -2.93385964e-02
 -1.57091450e-02 -1.31145585e-03  1.38387270e-02  2.97205634e-02  4.63070981e-02
  6.35635927e-02  8.14453959e-02  9.98951644e-02  1.18839301e-01  1.38183668e-01
  1.57808796e-01  1.77565053e-01  1.97268680e-01  2.16700360e-01  2.35608056e-01
  2.53716499e-01  2.70744085e-01  2.86425680e-01  3.00537646e-01  3.12918991e-01
  3.23485374e-01  3.32232863e-01  3.39231610e-01  3.44610542e-01  3.48535985e-01
  4.67858501e-02  4.48427945e-02  3.64979133e-02  2.65523028e-02  1.68683454e-02
  7.40222493e-03 -1.88432483e-03 -1.10263042e-02 -2.00544130e-02 -2.89950762e-02
 -3.78706940e-02 -4.66999263e-02 -5.54981232e-02 -6.42781258e-02 -7.30524510e-02
 -8.13665017e-02 -8.92029777e-02 -9.65371653e-02 -1.03339352e-01 -1.09575823e-01
 -1.15209490e-01 -1.20200381e-01 -1.24506176e-01 -1.28082767e-01 -1.30884796e-01
 -1.32866308e-01 -1.33981273e-01 -1.34184271e-01 -1.33431017e-01 -1.31678909e-01
 -1.28887504e-01 -1.25019059e-01 -1.20039344e-01 -1.13918521e-01 -1.06631592e-01
 -9.81598943e-02 -8.84865597e-02 -7.76240677e-02 -6.54637963e-02 -5.26087284e-02
 -3.89623083e-02 -2.45679934e-02 -9.44814179e-03  6.36410201e-03  2.28298232e-02
  3.99021655e-02  5.75253814e-02  7.56333247e-02  9.41473693e-02  1.12974033e-01
  1.32002816e-01  1.51104450e-01  1.70130268e-01  1.88913286e-01  2.07271516e-01
  2.25014225e-01  2.41950557e-01  2.57900089e-01  2.72703588e-01  2.86232144e-01
  2.98393518e-01  3.09134275e-01  3.18438560e-01  3.26323330e-01  3.32832158e-01
  4.92587052e-02  4.71175350e-02  3.89238559e-02  2.89265532e-02  1.90987568e-02
  9.37663112e-03 -2.76938576e-04 -9.88333020e-03 -1.94583759e-02 -2.90157106e-02
 -3.85673493e-02 -4.81229424e-02 -5.76876253e-02 -6.72566146e-02 -7.68017694e-02
 -8.58954266e-02 -9.45329145e-02 -1.02694698e-01 -1.10352241e-01 -1.17470920e-01
 -1.24011487e-01 -1.29931077e-01 -1.35183915e-01 -1.39722005e-01 -1.43495768e-01
 -1.46454751e-01 -1.48548275e-01 -1.49726197e-01 -1.49939552e-01 -1.49141297e-01
 -1.47287056e-01 -1.44335866e-01 -1.40250862e-01 -1.35000169e-01 -1.28557473e-01
 -1.20902784e-01 -1.12022676e-01 -1.01911753e-01 -9.05678496e-02 -7.80209750e-02
 -6.41757846e-02 -4.96805087e-02 -3.44507359e-02 -1.85500719e-02 -2.02194508e-03
  1.50777716e-02  3.26873101e-02  5.07389121e-02  6.91570118e-02  8.78566280e-02
  1.06742315e-01  1.25707731e-01  1.44635826e-01  1.63400009e-01  1.81866229e-01
  1.99896082e-01  2.17350587e-01  2.34094262e-01  2.49998793e-01  2.64945775e-01
  2.78828412e-01  2.91551828e-01  3.03033531e-01  3.13204229e-01  3.22010607e-01
  4.97664325e-02  4.71490175e-02  3.92676741e-02  2.97502261e-02  2.00328957e-02
  1.01896236e-02  2.63359398e-04 -9.72789712e-03 -1.97780728e-02 -2.98875626e-02
 -4.00608890e-02 -5.03061786e-02 -6.06367327e-02 -7.10763559e-02 -8.12124982e-02
 -9.09923315e-02 -1.00377984e-01 -1.09334558e-01 -1.17825575e-01 -1.25811294e-01
 -1.33248404e-01 -1.40090138e-01 -1.46286711e-01 -1.51785865e-01 -1.56533524e-01
 -1.60474449e-01 -1.63553014e-01 -1.65713996e-01 -1.66903377e-01 -1.67069227e-01
 -1.66162491e-01 -1.64137915e-01 -1.60954803e-01 -1.56577900e-01 -1.50978103e-01
 -1.44133151e-01 -1.36028200e-01 -1.26656339e-01 -1.16018921e-01 -1.04126811e-01
 -9.09954458e-02 -7.66751319e-02 -6.10872172e-02 -4.49247137e-02 -2.81196907e-02
 -1.07604675e-02  7.08539272e-03  2.53550112e-02  4.39814329e-02  6.28918484e-02
  8.20075199e-02  1.01244129e-01  1.20512180e-01  1.39717788e-01  1.58763483e-01
  1.77549124e-01  1.95972621e-01  2.13929877e-01  2.31313765e-01  2.48011723e-01
  2.63902038e-01  2.78849751e-01  2.92704135e-01  3.05301279e-01  3.16474408e-01
  5.06917424e-02  4.78401333e-02  3.98504771e-02  3.02284472e-02  2.03730538e-02
  1.03109973e-02  8.17954424e-05 -1.02904243e-02 -2.07928587e-02 -3.14196572e-02
 -4.21691909e-02 -5.30424528e-02 -6.40424043e-02 -7.51750916e-02 -8.59954208e-02
 -9.64840353e-02 -1.06614105e-01 -1.16353184e-01 -1.25663832e-01 -1.34503946e-01
 -1.42827123e-01 -1.50582999e-01 -1.57717809e-01 -1.64174944e-01 -1.69895574e-01
 -1.74819499e-01 -1.78885818e-01 -1.82033911e-01 -1.84204265e-01 -1.85339466e-01
 -1.85385123e-01 -1.84290826e-01 -1.82011038e-01 -1.78506032e-01 -1.73742682e-01
 -1.67695135e-01 -1.60345495e-01 -1.51684269e-01 -1.41710788e-01 -1.30433410e-01
 -1.17869690e-01 -1.04047507e-01 -8.90000388e-02 -7.27985054e-02 -5.53866923e-02
 -3.75156589e-02 -1.92010030e-02 -4.69443650e-04  1.86269283e-02  3.80276963e-02
  5.76696917e-02  7.74887651e-02  9.74203944e-02  1.17400005e-01  1.37363061e-01
  1.57244876e-01  1.76979586e-01  1.96497813e-01  2.15722218e-01  2.34560028e-01
  2.52891541e-01  2.70554453e-01  2.87326187e-01  3.02912146e-01  3.16958249e-01
  5.19262291e-02  4.89643589e-02  4.06936295e-02  3.06494869e-02  2.04266794e-02
  1.00176036e-02 -5.78739098e-04 -1.13584567e-02 -2.23174058e-02 -3.34525667e-02
 -4.47615050e-02 -5.62401302e-02 -6.78771883e-02 -7.96409398e-02 -9.11135077e-02
 -1.02287970e-01 -1.13142513e-01 -1.23645753e-01 -1.33759245e-01 -1.43438727e-01
 -1.52634814e-01 -1.61293685e-01 -1.69357553e-01 -1.76765382e-01 -1.83453560e-01
 -1.89356640e-01 -1.94408268e-01 -1.98542103e-01 -2.01692745e-01 -2.03796804e-01
 -2.04793945e-01 -2.04627931e-01 -2.03247622e-01 -2.00607911e-01 -1.96670681e-01
 -1.91405475e-01 -1.84790194e-01 -1.76811561e-01 -1.67465314e-01 -1.56756312e-01
 -1.44698128e-01 -1.31312177e-01 -1.16625652e-01 -1.00668378e-01 -8.34578052e-02
 -6.50098100e-02 -4.61228751e-02 -2.67378502e-02 -6.95297401e-03  1.31638069e-02
  3.35586332e-02  5.41853383e-02  7.50031546e-02  9.59761292e-02  1.17073096e-01
  1.38267636e-01  1.59537435e-01  1.80862218e-01  2.02219337e-01  2.23574907e-01
  2.44867355e-01  2.65977263e-01  2.86673397e-01  3.06522369e-01  3.24773461e-01
  5.28650023e-02  4.97723743e-02  4.10189480e-02  3.06754913e-02  2.01321617e-02
  9.37613565e-03 -1.59737968e-03 -1.27914185e-02 -2.42082886e-02 -3.58508863e-02
 -4.77242917e-02 -5.98385222e-02 -7.22143650e-02 -8.44497383e-02 -9.64928120e-02
 -1.08305670e-01 -1.19852446e-01 -1.31094694e-01 -1.41989544e-01 -1.52489126e-01
 -1.62540659e-01 -1.72086567e-01 -1.81065038e-01 -1.89410582e-01 -1.97054684e-01
 -2.03926638e-01 -2.09954426e-01 -2.15065762e-01 -2.19189078e-01 -2.22254664e-01
 -2.24195808e-01 -2.24949911e-01 -2.24459648e-01 -2.22673953e-01 -2.19549015e-01
 -2.15049118e-01 -2.09147379e-01 -2.01826155e-01 -1.93077445e-01 -1.82902932e-01
 -1.71313852e-01 -1.58330679e-01 -1.43982753e-01 -1.28308445e-01 -1.11356914e-01
 -9.31972116e-02 -7.39370435e-02 -5.35408109e-02 -3.28208059e-02 -1.17939226e-02
  9.51844361e-03  3.10965162e-02  5.29255159e-02  7.49980658e-02  9.73162875e-02
  1.19893871e-01  1.42758012e-01  1.65951252e-01  1.89532608e-01  2.13577598e-01
  2.38175169e-01  2.63417453e-01  2.89367139e-01  3.15911591e-01  3.41634721e-01
  5.30085824e-02  4.97169644e-02  4.09489945e-02  3.03646214e-02  1.95357483e-02
  8.45723040e-03 -2.87704426e-03 -1.44719016e-02 -2.63311267e-02 -3.84580158e-02
 -5.08559197e-02 -6.35289699e-02 -7.64839724e-02 -8.92901048e-02 -1.01929925e-01
 -1.14377707e-01 -1.26601219e-01 -1.38562098e-01 -1.50216103e-01 -1.61513150e-01
 -1.72397614e-01 -1.82808608e-01 -1.92680493e-01 -2.01943412e-01 -2.10524037e-01
 -2.18346432e-01 -2.25332871e-01 -2.31405035e-01 -2.36485019e-01 -2.40496591e-01
 -2.43366390e-01 -2.45025158e-01 -2.45408997e-01 -2.44460478e-01 -2.42129743e-01
 -2.38375425e-01 -2.33165428e-01 -2.26477548e-01 -2.18299821e-01 -2.08630666e-01
 -1.97478890e-01 -1.84863299e-01 -1.70812339e-01 -1.55363500e-01 -1.38562471e-01
 -1.20461680e-01 -1.01115137e-01 -8.05622265e-02 -5.88437319e-02 -3.68280932e-02
 -1.45259295e-02  8.05757381e-03  3.09253670e-02  5.40914945e-02  7.75844678e-02
  1.01451285e-01  1.25762507e-01  1.50618851e-01  1.76160157e-01  2.02578351e-01
  2.30137378e-01  2.59207606e-01  2.90335447e-01  3.24404836e-01  3.59919429e-01
  5.30206785e-02  4.95437011e-02  4.06172387e-02  2.98179183e-02  1.87363587e-02
  7.36274663e-03 -4.31148242e-03 -1.62909161e-02 -2.85782870e-02 -4.11751829e-02
 -5.40807135e-02 -6.72866181e-02 -8.07645395e-02 -9.41119045e-02 -1.07324667e-01
 -1.20383248e-01 -1.33257687e-01 -1.45909816e-01 -1.58294395e-01 -1.70359522e-01
 -1.82047114e-01 -1.93293259e-01 -2.04028726e-01 -2.14179575e-01 -2.23667800e-01
 -2.32412323e-01 -2.40329847e-01 -2.47336015e-01 -2.53346622e-01 -2.58278847e-01
 -2.62052566e-01 -2.64591753e-01 -2.65825808e-01 -2.65690774e-01 -2.64130503e-01
 -2.61097789e-01 -2.56555289e-01 -2.50476003e-01 -2.42843986e-01 -2.33654335e-01
 -2.22913250e-01 -2.10637674e-01 -1.96854636e-01 -1.81600288e-01 -1.64918527e-01
 -1.46859020e-01 -1.27474457e-01 -1.06817506e-01 -8.49408060e-02 -6.18962236e-02
 -3.85832265e-02 -1.50015708e-02  8.85953661e-03  3.30243856e-02  5.75345792e-02
  8.24539587e-02  1.07875042e-01  1.33927792e-01  1.60792008e-01  1.88715026e-01
  2.18037024e-01  2.49225557e-01  2.82916456e-01  3.19941610e-01  3.59498918e-01
  5.31443357e-02  4.95252609e-02  4.00913022e-02  2.91443206e-02  1.78650822e-02
  6.22399151e-03 -5.77662978e-03 -1.81322731e-02 -3.08425128e-02 -4.39124070e-02
 -5.73540181e-02 -7.11908340e-02 -8.50350484e-02 -9.88405049e-02 -1.12573713e-01
 -1.26202404e-01 -1.39690861e-01 -1.52997836e-01 -1.66075885e-01 -1.78871021e-01
 -1.91322744e-01 -2.03364372e-01 -2.14923322e-01 -2.25921810e-01 -2.36277461e-01
 -2.45904267e-01 -2.54713535e-01 -2.62615114e-01 -2.69518584e-01 -2.75334656e-01
 -2.79976577e-01 -2.83361584e-01 -2.85412401e-01 -2.86058515e-01 -2.85237640e-01
 -2.82896727e-01 -2.78993130e-01 -2.73495287e-01 -2.66383260e-01 -2.57649124e-01
 -2.47296736e-01 -2.35341653e-01 -2.21810341e-01 -2.06739202e-01 -1.90173343e-01
 -1.72164857e-01 -1.52771026e-01 -1.32052317e-01 -1.10070772e-01 -8.68880898e-02
 -6.25634417e-02 -3.80191766e-02 -1.32463621e-02  1.17770415e-02  3.70897017e-02
  6.27513677e-02  8.88480693e-02  1.15499020e-01  1.42866269e-01  1.71168908e-01
  2.00703934e-01  2.31878161e-01  2.65257806e-01  3.01639766e-01  3.40473324e-01
  5.21288328e-02  4.80275676e-02  3.94258909e-02  2.86360625e-02  1.71576235e-02
  5.21346834e-03 -7.13644642e-03 -1.98719893e-02 -3.29889208e-02 -4.64915857e-02
 -6.03902377e-02 -7.46996030e-02 -8.90026912e-02 -1.03285454e-01 -1.17526129e-01
 -1.31696686e-01 -1.45762742e-01 -1.59683183e-01 -1.73409894e-01 -1.86887681e-01
 -2.00054288e-01 -2.12840632e-01 -2.25171268e-01 -2.36964911e-01 -2.48135149e-01
 -2.58591413e-01 -2.68239915e-01 -2.76985019e-01 -2.84730375e-01 -2.91380525e-01
 -2.96842337e-01 -3.01026583e-01 -3.03849459e-01 -3.05234253e-01 -3.05112600e-01
 -3.03425908e-01 -3.00126433e-01 -2.95178264e-01 -2.88557827e-01 -2.80254424e-01
 -2.70270169e-01 -2.58619815e-01 -2.45330095e-01 -2.30438948e-01 -2.13994235e-01
 -1.96052447e-01 -1.76676929e-01 -1.55936345e-01 -1.33902758e-01 -1.10649846e-01
 -8.62508118e-02 -6.07760660e-02 -3.51684578e-02 -9.41986870e-03  1.64908785e-02
  4.26026285e-02  6.89727962e-02  9.56785232e-02  1.22818768e-01  1.50517359e-01
  1.78927094e-01  2.08236367e-01  2.38685653e-01  2.70640433e-01  3.04102778e-01
  5.42165525e-02  5.04715592e-02  4.06500325e-02  2.88666300e-02  1.68166067e-02
  4.42522950e-03 -8.32863618e-03 -2.14551557e-02 -3.49639021e-02 -4.88658808e-02
 -6.31739646e-02 -7.79031217e-02 -9.26374421e-02 -1.07369073e-01 -1.22082129e-01
 -1.36752695e-01 -1.51348889e-01 -1.65830791e-01 -1.80150568e-01 -1.94252416e-01
 -2.08072841e-01 -2.21540868e-01 -2.34578565e-01 -2.47101575e-01 -2.59019881e-01
 -2.70238698e-01 -2.80659705e-01 -2.90182054e-01 -2.98704028e-01 -3.06124389e-01
 -3.12343985e-01 -3.17267567e-01 -3.20805311e-01 -3.22874546e-01 -3.23401302e-01
 -3.22321773e-01 -3.19583505e-01 -3.15146565e-01 -3.08984131e-01 -3.01083148e-01
 -2.91444361e-01 -2.80082256e-01 -2.67024428e-01 -2.52310961e-01 -2.35993236e-01
 -2.18132719e-01 -1.98799416e-01 -1.78070381e-01 -1.56028122e-01 -1.32759139e-01
 -1.08352609e-01 -8.28993544e-02 -5.64910099e-02 -3.00964117e-02 -3.72748566e-03
  2.26312187e-02  4.90051396e-02  7.54226819e-02  1.01909950e-01  1.28482968e-01
  1.55133337e-01  1.81799799e-01  2.08308190e-01  2.34239325e-01  2.58710206e-01
  5.55067658e-02  5.17807677e-02  4.13114950e-02  2.90286150e-02  1.65155195e-02
  3.71240498e-03 -9.41917300e-03 -2.29070149e-02 -3.67723554e-02 -5.10324836e-02
 -6.57023937e-02 -8.07973519e-02 -9.59083959e-02 -1.11033723e-01 -1.26162246e-01
 -1.41273439e-01 -1.56337500e-01 -1.71315625e-01 -1.86160192e-01 -2.00815037e-01
 -2.15215594e-01 -2.29289323e-01 -2.42956117e-01 -2.56128937e-01 -2.68714607e-01
 -2.80614674e-01 -2.91726619e-01 -3.01945150e-01 -3.11163545e-01 -3.19275439e-01
 -3.26176256e-01 -3.31765294e-01 -3.35947216e-01 -3.38633984e-01 -3.39746535e-01
 -3.39216322e-01 -3.36986691e-01 -3.33014101e-01 -3.27268898e-01 -3.19736034e-01
 -3.10415238e-01 -2.99320996e-01 -2.86482066e-01 -2.71940857e-01 -2.55752325e-01
 -2.37982854e-01 -2.18708664e-01 -1.98014453e-01 -1.75991744e-01 -1.52737722e-01
 -1.28354475e-01 -1.02949888e-01 -7.66421258e-02 -4.95735295e-02 -2.28157435e-02
  3.68509768e-03  2.99464799e-02  5.59649169e-02  8.17171708e-02  1.07153744e-01
  1.32185936e-01  1.56665862e-01  1.80360302e-01  2.02926621e-01  2.23916307e-01
  5.54277711e-02  5.15792966e-02  4.12856899e-02  2.87865028e-02  1.60074737e-02
  2.92495592e-03 -1.04918322e-02 -2.42710616e-02 -3.84367742e-02 -5.30072451e-02
 -6.79907799e-02 -8.33743289e-02 -9.87818241e-02 -1.14223182e-01 -1.29691735e-01
 -1.45168662e-01 -1.60624757e-01 -1.76021323e-01 -1.91310406e-01 -2.06435159e-01
 -2.21329957e-01 -2.35920817e-01 -2.50125736e-01 -2.63855428e-01 -2.77013928e-01
 -2.89499670e-01 -3.01206589e-01 -3.12025487e-01 -3.21845412e-01 -3.30555499e-01
 -3.38046521e-01 -3.44212949e-01 -3.48954707e-01 -3.52179110e-01 -3.53802592e-01
 -3.53752494e-01 -3.51968497e-01 -3.48403931e-01 -3.43026787e-01 -3.35820287e-01
 -3.26783389e-01 -3.15930754e-01 -3.03292334e-01 -2.88912714e-01 -2.72850275e-01
 -2.55175680e-01 -2.35970661e-01 -2.15326056e-01 -1.93340048e-01 -1.70115784e-01
 -1.45758376e-01 -1.20370001e-01 -9.40405130e-02 -6.68260753e-02 -3.98981422e-02
 -1.33446539e-02  1.27871828e-02  3.84554528e-02  6.36077151e-02  8.81712511e-02
  1.12044729e-01  1.35090843e-01  1.57131463e-01  1.77949682e-01  1.97303325e-01
  5.52410968e-02  5.13190962e-02  4.08434495e-02  2.82137748e-02  1.52913919e-02
  2.04593735e-03 -1.15548884e-02 -2.55426131e-02 -3.99482511e-02 -5.48047684e-02
 -7.01526627e-02 -8.56302455e-02 -1.01208314e-01 -1.16867907e-01 -1.32589459e-01
 -1.48348123e-01 -1.64111793e-01 -1.79840058e-01 -1.95483923e-01 -2.10985467e-01
 -2.26278007e-01 -2.41286218e-01 -2.55926579e-01 -2.70107895e-01 -2.83731967e-01
 -2.96694726e-01 -3.08887213e-01 -3.20197016e-01 -3.30509812e-01 -3.39710981e-01
 -3.47687513e-01 -3.54329944e-01 -3.59534234e-01 -3.63203824e-01 -3.65251482e-01
 -3.65601122e-01 -3.64189357e-01 -3.60966951e-01 -3.55899841e-01 -3.48969966e-01
 -3.40175599e-01 -3.29531610e-01 -3.17068964e-01 -3.02834302e-01 -2.86888838e-01
 -2.69307226e-01 -2.50176072e-01 -2.29592338e-01 -2.07661524e-01 -1.84496015e-01
 -1.60213619e-01 -1.34937003e-01 -1.08795919e-01 -8.19373578e-02 -5.45576550e-02
 -2.78174523e-02 -1.70239003e-03  2.37629395e-02  4.85311598e-02  7.25357756e-02
  9.56909880e-02  1.17891431e-01  1.39013708e-01  1.58921525e-01  1.77474931e-01
  5.46977594e-02  5.07073887e-02  4.00196835e-02  2.73641068e-02  1.44211147e-02
  1.13290746e-03 -1.25405537e-02 -2.66311672e-02 -4.11671437e-02 -5.61760999e-02
 -7.16864914e-02 -8.73047262e-02 -1.03030488e-01 -1.18854329e-01 -1.34759307e-01
 -1.50720939e-01 -1.66706726e-01 -1.82675794e-01 -1.98578477e-01 -2.14356229e-01
 -2.29941532e-01 -2.45258167e-01 -2.60221422e-01 -2.74738669e-01 -2.88710207e-01
 -3.02030027e-01 -3.14587057e-01 -3.26266527e-01 -3.36951524e-01 -3.46524715e-01
 -3.54870170e-01 -3.61875415e-01 -3.67433488e-01 -3.71444792e-01 -3.73819292e-01
 -3.74478221e-01 -3.73355836e-01 -3.70400876e-01 -3.65577668e-01 -3.58867019e-01
 -3.50266725e-01 -3.39791685e-01 -3.27473730e-01 -3.13360929e-01 -2.97516763e-01
 -2.80019045e-01 -2.60958314e-01 -2.40436390e-01 -2.18564570e-01 -1.95461839e-01
 -1.71252877e-01 -1.46065563e-01 -1.20027184e-01 -9.32562873e-02 -6.58420175e-02
 -3.90073471e-02 -1.28629189e-02  1.25257159e-02  3.71030271e-02  6.08096123e-02
  8.35771486e-02  1.05327584e-01  1.25975087e-01  1.45430177e-01  1.63605705e-01
  5.31588234e-02  4.89906296e-02  3.86831686e-02  2.62649581e-02  1.34917507e-02
  2.95188103e-04 -1.33476928e-02 -2.74507366e-02 -4.20290492e-02 -5.71005754e-02
 -7.26857409e-02 -8.83849859e-02 -1.04199275e-01 -1.20121300e-01 -1.36135593e-01
 -1.52218476e-01 -1.68337792e-01 -1.84452683e-01 -2.00513363e-01 -2.16461003e-01
 -2.32227728e-01 -2.47736767e-01 -2.62902766e-01 -2.77632326e-01 -2.91824728e-01
 -3.05372834e-01 -3.18164319e-01 -3.30082923e-01 -3.41010094e-01 -3.50826740e-01
 -3.59415084e-01 -3.66660744e-01 -3.72454703e-01 -3.76695424e-01 -3.79290938e-01
 -3.80160689e-01 -3.79237235e-01 -3.76467884e-01 -3.71815711e-01 -3.65260690e-01
 -3.56800109e-01 -3.46448749e-01 -3.34238738e-01 -3.20219010e-01 -3.04454446e-01
 -2.87024796e-01 -2.68023252e-01 -2.47555003e-01 -2.25735709e-01 -2.02689931e-01
 -1.78549901e-01 -1.53454617e-01 -1.27550155e-01 -1.00992806e-01 -7.39595219e-02
 -4.66784462e-02 -2.03149859e-02  5.15014539e-03  2.97030117e-02  5.33095263e-02
  7.59218186e-02  9.74824354e-02  1.17928259e-01  1.37194768e-01  1.55220821e-01
  5.09249568e-02  4.62439992e-02  3.69779542e-02  2.53143888e-02  1.28157334e-02
 -2.54057581e-04 -1.38327572e-02 -2.79044528e-02 -4.24710885e-02 -5.75435385e-02
 -7.31378645e-02 -8.88520926e-02 -1.04686297e-01 -1.20633200e-01 -1.36677638e-01
 -1.52796239e-01 -1.68957099e-01 -1.85119495e-01 -2.01233760e-01 -2.17241079e-01
 -2.33073547e-01 -2.48654321e-01 -2.63897926e-01 -2.78710783e-01 -2.92991906e-01
 -3.06633770e-01 -3.19523633e-01 -3.31544667e-01 -3.42577785e-01 -3.52503121e-01
 -3.61202151e-01 -3.68559599e-01 -3.74465585e-01 -3.78817648e-01 -3.81522834e-01
 -3.82499605e-01 -3.81679624e-01 -3.79009306e-01 -3.74450952e-01 -3.67983848e-01
 -3.59604686e-01 -3.49327862e-01 -3.37185323e-01 -3.23225975e-01 -3.07514936e-01
 -2.90132433e-01 -2.71172523e-01 -2.50741512e-01 -2.28956640e-01 -2.05944464e-01
 -1.81839526e-01 -1.56783029e-01 -1.30921662e-01 -1.04406029e-01 -7.73874894e-02
 -5.00095338e-02 -2.35446040e-02  1.99896586e-03  2.66016778e-02  5.02317548e-02
  7.28465319e-02  9.43950787e-02  1.14821523e-01  1.34069070e-01  1.52084261e-01
  5.20740114e-02  4.78265807e-02  3.76149304e-02  2.53857002e-02  1.27530145e-02
 -3.35144461e-04 -1.38927745e-02 -2.79280394e-02 -4.24517021e-02 -5.74781522e-02
 -7.30248988e-02 -8.86904821e-02 -1.04475208e-01 -1.20371863e-01 -1.36365354e-01
 -1.52432397e-01 -1.68541178e-01 -1.84651196e-01 -2.00712949e-01 -2.16667950e-01
 -2.32448608e-01 -2.47978434e-01 -2.63172358e-01 -2.77937233e-01 -2.92172492e-01
 -3.05771112e-01 -3.18620712e-01 -3.30604970e-01 -3.41605186e-01 -3.51501852e-01
 -3.60176802e-01 -3.67514998e-01 -3.73406768e-01 -3.77749741e-01 -3.80451024e-01
 -3.81428987e-01 -3.80615145e-01 -3.77955586e-01 -3.73412251e-01 -3.66963923e-01
 -3.58606637e-01 -3.48354131e-01 -3.36237431e-01 -3.22304577e-01 -3.06619644e-01
 -2.89261758e-01 -2.70323664e-01 -2.49910519e-01 -2.28138149e-01 -2.05131739e-01
 -1.81024373e-01 -1.55955836e-01 -1.30071387e-01 -1.03520371e-01 -7.64530376e-02
 -4.90122102e-02 -2.24656556e-02  3.17722093e-03  2.78950278e-02  5.16529977e-02
  7.44041577e-02  9.60918441e-02  1.16653152e-01  1.36023253e-01  1.54140308e-01
  5.24716564e-02  4.83128019e-02  3.81034464e-02  2.57638860e-02  1.30596040e-02
 -4.00353238e-05 -1.35638667e-02 -2.75352243e-02 -4.19752337e-02 -5.69049008e-02
 -7.23459348e-02 -8.78989771e-02 -1.03565037e-01 -1.19336769e-01 -1.35198742e-01
 -1.51127458e-01 -1.67091116e-01 -1.83049366e-01 -1.98953137e-01 -2.14744419e-01
 -2.30356365e-01 -2.45713264e-01 -2.60731012e-01 -2.75317460e-01 -2.89373249e-01
 -3.02792579e-01 -3.15464437e-01 -3.27273846e-01 -3.38103533e-01 -3.47835451e-01
 -3.56352836e-01 -3.63542080e-01 -3.69294763e-01 -3.73509675e-01 -3.76094908e-01
 -3.76969695e-01 -3.76066118e-01 -3.73330563e-01 -3.68725002e-01 -3.62227917e-01
 -3.53834689e-01 -3.43557954e-01 -3.31427455e-01 -3.17489266e-01 -3.01805288e-01
 -2.84451842e-01 -2.65518576e-01 -2.45106876e-01 -2.23328322e-01 -2.00303257e-01
 -1.76159516e-01 -1.51031688e-01 -1.25061423e-01 -9.84007418e-02 -7.12225139e-02
 -4.37508784e-02 -1.71383992e-02  8.63168202e-03  3.35406996e-02  5.75464331e-02
  8.05884898e-02  1.02591932e-01  1.23471245e-01  1.43135607e-01  1.61495641e-01
  5.29698543e-02  4.89288531e-02  3.84462997e-02  2.61442307e-02  1.34995002e-02
  4.79992101e-04 -1.29394056e-02 -2.67834254e-02 -4.10766900e-02 -5.58445901e-02
 -7.11138844e-02 -8.64893273e-02 -1.01969637e-01 -1.17544822e-01 -1.33197784e-01
 -1.48904264e-01 -1.64632380e-01 -1.80342138e-01 -1.95985109e-01 -2.11504191e-01
 -2.26833612e-01 -2.41898999e-01 -2.56617695e-01 -2.70899236e-01 -2.84646124e-01
 -2.97754586e-01 -3.10115784e-01 -3.21617067e-01 -3.32143545e-01 -3.41579705e-01
 -3.49811226e-01 -3.56726915e-01 -3.62220675e-01 -3.66193563e-01 -3.68555605e-01
 -3.69227707e-01 -3.68143231e-01 -3.65249544e-01 -3.60509038e-01 -3.53900105e-01
 -3.45417529e-01 -3.35072726e-01 -3.22893471e-01 -3.08923334e-01 -2.93220848e-01
 -2.75858343e-01 -2.56920427e-01 -2.36502632e-01 -2.14709535e-01 -1.91652998e-01
 -1.67450204e-01 -1.42221376e-01 -1.16085961e-01 -8.91549736e-02 -6.15109354e-02
 -3.43503319e-02 -7.77944177e-03  1.81373861e-02  4.33413796e-02  6.77634850e-02
  9.13169831e-02  1.13894582e-01  1.35369301e-01  1.55599564e-01  1.74439177e-01
  5.26853725e-02  4.87085059e-02  3.86468917e-02  2.64881421e-02  1.39934151e-02
  1.14192255e-03 -1.20906942e-02 -2.57280879e-02 -3.97944003e-02 -5.43170609e-02
 -6.93323910e-02 -8.44753012e-02 -9.97146666e-02 -1.15030594e-01 -1.30403295e-01
 -1.45808369e-01 -1.61214665e-01 -1.76583260e-01 -1.91866964e-01 -2.07010090e-01
 -2.21948430e-01 -2.36609414e-01 -2.50912428e-01 -2.64769286e-01 -2.78084993e-01
 -2.90758550e-01 -3.02684069e-01 -3.13752145e-01 -3.23851138e-01 -3.32868963e-01
 -3.40694785e-01 -3.47220838e-01 -3.52344394e-01 -3.55969578e-01 -3.58009309e-01
 -3.58386993e-01 -3.57038051e-01 -3.53911340e-01 -3.48970175e-01 -3.42193186e-01
 -3.33574653e-01 -3.23124647e-01 -3.10868770e-01 -2.96847552e-01 -2.81115472e-01
 -2.63739854e-01 -2.44799286e-01 -2.24382043e-01 -2.02584341e-01 -1.79508582e-01
 -1.55261800e-01 -1.29955217e-01 -1.03706285e-01 -7.66486749e-02 -4.89638336e-02
 -2.17755102e-02  4.94097406e-03  3.11702900e-02  5.68703450e-02  8.19719583e-02
  1.06373303e-01  1.29932925e-01  1.52464867e-01  1.73740864e-01  1.93504885e-01
  5.24513088e-02  4.85777222e-02  3.86877470e-02  2.67471671e-02  1.44945560e-02
  1.89696334e-03 -1.10695465e-02 -2.44215745e-02 -3.81722860e-02 -5.23316413e-02
 -6.69022575e-02 -8.18674415e-02 -9.68488753e-02 -1.11855894e-01 -1.26882121e-01
 -1.41909748e-01 -1.56911269e-01 -1.71850175e-01 -1.86681241e-01 -2.01350674e-01
 -2.15796292e-01 -2.29947731e-01 -2.43726894e-01 -2.57048398e-01 -2.69820362e-01
 -2.81945169e-01 -2.93320686e-01 -3.03841382e-01 -3.13399822e-01 -3.21888149e-01
 -3.29199880e-01 -3.35231572e-01 -3.39884698e-01 -3.43067408e-01 -3.44696283e-01
 -3.44697952e-01 -3.43010604e-01 -3.39585185e-01 -3.34386468e-01 -3.27393562e-01
 -3.18600535e-01 -3.08016241e-01 -2.95664012e-01 -2.81581104e-01 -2.65817702e-01
 -2.48435542e-01 -2.29506537e-01 -2.09110945e-01 -1.87335402e-01 -1.64270490e-01
 -1.40007645e-01 -1.14634156e-01 -8.82237405e-02 -6.08154126e-02 -3.35333981e-02
 -6.44221110e-03  2.04362087e-02  4.70870510e-02  7.34851062e-02  9.95808616e-02
  1.25283942e-01  1.50440648e-01  1.74805477e-01  1.98015079e-01  2.19592050e-01
  5.20690307e-02  4.82837036e-02  3.84135246e-02  2.68865954e-02  1.50033878e-02
  2.73205154e-03 -9.91876051e-03 -2.29453333e-02 -3.63507643e-02 -5.01427501e-02
 -6.43319264e-02 -7.89322630e-02 -9.35346782e-02 -1.08138271e-01 -1.22733302e-01
 -1.37301266e-01 -1.51815072e-01 -1.66239202e-01 -1.80529848e-01 -1.94635019e-01
 -2.08494604e-01 -2.22040743e-01 -2.35198155e-01 -2.47884721e-01 -2.60012120e-01
 -2.71486729e-01 -2.82210708e-01 -2.92083085e-01 -3.01001310e-01 -3.08862507e-01
 -3.15565258e-01 -3.21011245e-01 -3.25106859e-01 -3.27765018e-01 -3.28906626e-01
 -3.28462332e-01 -3.26373607e-01 -3.22594106e-01 -3.17090452e-01 -3.09842825e-01
 -3.00845265e-01 -2.90105671e-01 -2.77645320e-01 -2.63498336e-01 -2.47710511e-01
 -2.30338112e-01 -2.11446404e-01 -1.91108048e-01 -1.69401467e-01 -1.46409333e-01
 -1.22217678e-01 -9.69162360e-02 -7.06023499e-02 -4.33936715e-02 -1.63090210e-02
  1.07364599e-02  3.77999395e-02  6.49276376e-02  9.21577886e-02  1.19515330e-01
  1.46997690e-01  1.74544707e-01  2.01974332e-01  2.28841200e-01  2.54202127e-01
  5.10499626e-02  4.72539924e-02  3.83426733e-02  2.72869729e-02  1.56891868e-02
  3.69315664e-03 -8.65565427e-03 -2.13455837e-02 -3.43797095e-02 -4.77693714e-02
 -6.15317039e-02 -7.56886154e-02 -8.98314416e-02 -1.03953995e-01 -1.18042134e-01
 -1.32074952e-01 -1.46024615e-01 -1.59856007e-01 -1.73526466e-01 -1.86985716e-01
 -2.00175911e-01 -2.13031843e-01 -2.25481391e-01 -2.37445965e-01 -2.48841256e-01
 -2.59578049e-01 -2.69563287e-01 -2.78701127e-01 -2.86894351e-01 -2.94045717e-01
 -3.00059527e-01 -3.04843038e-01 -3.08308244e-01 -3.10373396e-01 -3.10964406e-01
 -3.10016334e-01 -3.07474613e-01 -3.03296059e-01 -2.97449619e-01 -2.89916933e-01
 -2.80692577e-01 -2.69783795e-01 -2.57210255e-01 -2.43003175e-01 -2.27204293e-01
 -2.09864557e-01 -1.91042542e-01 -1.70802772e-01 -1.49213985e-01 -1.26347527e-01
 -1.02275729e-01 -7.70705119e-02 -5.08017726e-02 -2.43920069e-02  2.17690342e-03
  2.89583392e-02  5.60272411e-02  8.34780112e-02  1.11426458e-01  1.40013352e-01
  1.69409156e-01  1.99821368e-01  2.31512323e-01  2.64877379e-01  2.99921662e-01
  5.22560664e-02  4.90386076e-02  3.96001115e-02  2.81310007e-02  1.65165346e-02
  4.69077285e-03 -7.37916678e-03 -1.97144896e-02 -3.23348492e-02 -4.52620909e-02
 -5.85229769e-02 -7.21542239e-02 -8.57804120e-02 -9.93661210e-02 -1.12887703e-01
 -1.26321837e-01 -1.39640868e-01 -1.52810872e-01 -1.65790930e-01 -1.78532839e-01
 -1.90981299e-01 -2.03074038e-01 -2.14742303e-01 -2.25911349e-01 -2.36501142e-01
 -2.46427238e-01 -2.55601704e-01 -2.63934195e-01 -2.71333277e-01 -2.77707726e-01
 -2.82967865e-01 -2.87027180e-01 -2.89803594e-01 -2.91221142e-01 -2.91211098e-01
 -2.89713472e-01 -2.86678016e-01 -2.82065094e-01 -2.75846511e-01 -2.68005788e-01
 -2.58538425e-01 -2.47451708e-01 -2.34764159e-01 -2.20504835e-01 -2.04712167e-01
 -1.87432453e-01 -1.68718174e-01 -1.48625910e-01 -1.27214313e-01 -1.04542390e-01
 -8.06674510e-02 -5.56426831e-02 -3.03733516e-02 -4.83111339e-03  2.10306216e-02
  4.72834669e-02  7.40283355e-02  1.01401679e-01  1.29585221e-01  1.58820897e-01
  1.89433128e-01  2.21863121e-01  2.56721914e-01  2.94866890e-01  3.35710466e-01
  5.22332788e-02  4.92773205e-02  3.97737771e-02  2.84103025e-02  1.69715509e-02
  5.41051384e-03 -6.30863430e-03 -1.82176922e-02 -3.03447675e-02 -4.27143760e-02
 -5.53460345e-02 -6.82495162e-02 -8.14123377e-02 -9.44457278e-02 -1.07357517e-01
 -1.20138600e-01 -1.32768229e-01 -1.45216376e-01 -1.57444954e-01 -1.69408381e-01
 -1.81054085e-01 -1.92322910e-01 -2.03149617e-01 -2.13463470e-01 -2.23188907e-01
 -2.32246429e-01 -2.40553424e-01 -2.48025313e-01 -2.54576713e-01 -2.60122567e-01
 -2.64579654e-01 -2.67867714e-01 -2.69911021e-01 -2.70639569e-01 -2.69990295e-01
 -2.67908394e-01 -2.64348179e-01 -2.59273946e-01 -2.52660632e-01 -2.44494081e-01
 -2.34771237e-01 -2.23499924e-01 -2.10698426e-01 -1.96394637e-01 -1.80625081e-01
 -1.63433269e-01 -1.44867599e-01 -1.24978416e-01 -1.03814714e-01 -8.14240500e-02
 -5.78514524e-02 -3.39892656e-02 -9.81790572e-03  1.46964490e-02  3.96061912e-02
  6.49878010e-02  9.09485519e-02  1.17635600e-01  1.45248875e-01  1.74059883e-01
  2.04438686e-01  2.36890897e-01  2.72101611e-01  3.10965329e-01  3.52624834e-01
  5.07031791e-02  4.78872135e-02  3.88864912e-02  2.78210770e-02  1.67245287e-02
  5.57313347e-03 -5.67099033e-03 -1.70457680e-02 -2.85865385e-02 -4.03251424e-02
 -5.22900186e-02 -6.45069852e-02 -7.70014450e-02 -8.93583968e-02 -1.01573534e-01
 -1.13632314e-01 -1.25511989e-01 -1.37182415e-01 -1.48606449e-01 -1.59740224e-01
 -1.70533493e-01 -1.80930048e-01 -1.90868095e-01 -2.00280920e-01 -2.09097490e-01
 -2.17243269e-01 -2.24641114e-01 -2.31212273e-01 -2.36877441e-01 -2.41557926e-01
 -2.45176911e-01 -2.47660622e-01 -2.48939589e-01 -2.48949870e-01 -2.47634202e-01
 -2.44942993e-01 -2.40835249e-01 -2.35279307e-01 -2.28253424e-01 -2.19746009e-01
 -2.09755823e-01 -1.98291734e-01 -1.85372442e-01 -1.71025872e-01 -1.55288488e-01
 -1.38204411e-01 -1.19823679e-01 -1.00196891e-01 -7.93583244e-02 -5.73423654e-02
 -3.50202285e-02 -1.23862587e-02  1.05732204e-02  3.38832550e-02  5.75839914e-02
  8.17350522e-02  1.06420837e-01  1.31757393e-01  1.57901824e-01  1.85065940e-01
  2.13537484e-01  2.43716955e-01  2.76192278e-01  3.11912745e-01  3.49277705e-01
  4.83239479e-02  4.56806645e-02  3.68418060e-02  2.61624921e-02  1.55630540e-02
  4.98524914e-03 -5.62838092e-03 -1.63292866e-02 -2.71613691e-02 -3.81621644e-02
 -4.93653491e-02 -6.08046167e-02 -7.25205392e-02 -8.41276199e-02 -9.55873951e-02
 -1.06872261e-01 -1.17954642e-01 -1.28803059e-01 -1.39380753e-01 -1.49645239e-01
 -1.59548447e-01 -1.69036910e-01 -1.78052276e-01 -1.86531723e-01 -1.94408715e-01
 -2.01613694e-01 -2.08074898e-01 -2.13719353e-01 -2.18473807e-01 -2.22265854e-01
 -2.25024998e-01 -2.26683795e-01 -2.27178991e-01 -2.26452604e-01 -2.24452928e-01
 -2.21135542e-01 -2.16464028e-01 -2.10410699e-01 -2.02957094e-01 -1.94094241e-01
 -1.83822781e-01 -1.72152743e-01 -1.59103230e-01 -1.44701958e-01 -1.28985316e-01
 -1.12000175e-01 -9.38129872e-02 -7.45290294e-02 -5.41050695e-02 -3.33632827e-02
 -1.23078832e-02  9.05409083e-03  3.07192188e-02  5.26912808e-02  7.49838129e-02
  9.76222530e-02  1.20645866e-01  1.44109383e-01  1.68084025e-01  1.92657068e-01
  2.17928380e-01  2.43999034e-01  2.70935625e-01  2.98611850e-01  3.25505316e-01
  4.42991257e-02  4.17449586e-02  3.31940204e-02  2.31254287e-02  1.32789360e-02
  3.51403840e-03 -6.26493385e-03 -1.61227398e-02 -2.61043813e-02 -3.62426229e-02
 -4.65620421e-02 -5.70800230e-02 -6.78036511e-02 -7.87178278e-02 -8.94191712e-02
 -9.99063030e-02 -1.10161372e-01 -1.20156966e-01 -1.29858688e-01 -1.39226168e-01
 -1.48213670e-01 -1.56770542e-01 -1.64841712e-01 -1.72368243e-01 -1.79287940e-01
 -1.85536087e-01 -1.91046193e-01 -1.95750922e-01 -1.99582905e-01 -2.02475771e-01
 -2.04365164e-01 -2.05189690e-01 -2.04892009e-01 -2.03419790e-01 -2.00726613e-01
 -1.96772859e-01 -1.91526398e-01 -1.84963197e-01 -1.77067816e-01 -1.67833790e-01
 -1.57263637e-01 -1.45368621e-01 -1.32167846e-01 -1.17686056e-01 -1.01950370e-01
 -8.49747360e-02 -6.67709187e-02 -4.81548719e-02 -2.90580243e-02 -9.57167521e-03
  1.02456305e-02  3.03514209e-02  5.07126525e-02  7.13031292e-02  9.21024680e-02
  1.13095343e-01  1.34270191e-01  1.55616522e-01  1.77119672e-01  1.98750943e-01
  2.20449552e-01  2.42090106e-01  2.63424724e-01  2.83987105e-01  3.02973062e-01
  3.73734720e-02  3.45585383e-02  2.70855930e-02  1.83662307e-02  9.79973562e-03
  1.19444274e-03 -7.51772011e-03 -1.63694248e-02 -2.53805947e-02 -3.45657021e-02
 -4.39368859e-02 -5.35060130e-02 -6.32876977e-02 -7.33067244e-02 -8.31590518e-02
 -9.27992165e-02 -1.02194183e-01 -1.11311816e-01 -1.20116927e-01 -1.28570050e-01
 -1.36627287e-01 -1.44240499e-01 -1.51357681e-01 -1.57923520e-01 -1.63880020e-01
 -1.69167072e-01 -1.73723280e-01 -1.77486673e-01 -1.80395573e-01 -1.82389334e-01
 -1.83409348e-01 -1.83399901e-01 -1.82309106e-01 -1.80089831e-01 -1.76700443e-01
 -1.72105640e-01 -1.66276991e-01 -1.59193516e-01 -1.50842175e-01 -1.41218513e-01
 -1.30327329e-01 -1.18182898e-01 -1.04810312e-01 -9.02402848e-02 -7.45425224e-02
 -5.76556697e-02 -4.03491743e-02 -2.26340834e-02 -4.53156186e-03  1.39126908e-02
  3.26460302e-02  5.16146161e-02  7.07651302e-02  9.00451094e-02  1.09402679e-01
  1.28785715e-01  1.48140073e-01  1.67406380e-01  1.86514527e-01  2.05375031e-01
  2.23866343e-01  2.41817847e-01  2.58990884e-01  2.75066823e-01  2.89660960e-01
  2.78993696e-02  2.41480488e-02  1.89077295e-02  1.26049146e-02  5.71449054e-03
 -1.54703599e-03 -9.08742379e-03 -1.68626979e-02 -2.48498023e-02 -3.30361389e-02
 -4.14148308e-02 -4.99820001e-02 -5.87340891e-02 -6.76628873e-02 -7.67425895e-02
 -8.55507478e-02 -9.40812975e-02 -1.02312177e-01 -1.10212438e-01 -1.17745101e-01
 -1.24868453e-01 -1.31536782e-01 -1.37700960e-01 -1.43309072e-01 -1.48306936e-01
 -1.52638867e-01 -1.56248316e-01 -1.59078538e-01 -1.61073208e-01 -1.62177145e-01
 -1.62336975e-01 -1.61502108e-01 -1.59625500e-01 -1.56664610e-01 -1.52582049e-01
 -1.47346243e-01 -1.40931815e-01 -1.33319914e-01 -1.24497704e-01 -1.14460297e-01
 -1.03213221e-01 -9.07676741e-02 -7.71713555e-02 -6.23409711e-02 -4.69860323e-02
 -3.10355220e-02 -1.45784775e-02  2.31849612e-03  1.95949245e-02  3.71877141e-02
  5.50295897e-02  7.30492324e-02  9.11717415e-02  1.09319076e-01  1.27410442e-01
  1.45362437e-01  1.63088769e-01  1.80499062e-01  1.97496623e-01  2.13974684e-01
  2.29811713e-01  2.44866505e-01  2.58975625e-01  2.71956265e-01  2.83618271e-01
  2.15777457e-02  1.77353956e-02  1.31270224e-02  7.86897540e-03  2.10172799e-03
 -4.07191366e-03 -1.05718412e-02 -1.73418988e-02 -2.43439171e-02 -3.15520912e-02
 -3.89492176e-02 -4.65246215e-02 -5.42737544e-02 -6.22002482e-02 -7.03232735e-02
 -7.82252327e-02 -8.58612359e-02 -9.31937918e-02 -1.00186661e-01 -1.06801428e-01
 -1.12996921e-01 -1.18729107e-01 -1.23951189e-01 -1.28614023e-01 -1.32666856e-01
 -1.36058077e-01 -1.38735890e-01 -1.40648752e-01 -1.41745761e-01 -1.41976833e-01
 -1.41293287e-01 -1.39648676e-01 -1.36999875e-01 -1.33308277e-01 -1.28540367e-01
 -1.22667655e-01 -1.15668222e-01 -1.07527032e-01 -9.82249081e-02 -8.77475590e-02
 -7.61169568e-02 -6.32314682e-02 -4.97501008e-02 -3.55876945e-02 -2.08110139e-02
 -5.46599366e-03  1.03890803e-02  2.66906619e-02  4.33702357e-02  6.03528544e-02
  7.75560513e-02  9.48893577e-02  1.12254500e-01  1.29546240e-01  1.46653876e-01
  1.63463399e-01  1.79859847e-01  1.95729673e-01  2.10962519e-01  2.25452185e-01
  2.39096656e-01  2.51797825e-01  2.63461649e-01  2.73999870e-01  2.83334434e-01
  1.70830991e-02  1.33235818e-02  9.05333739e-03  4.35127225e-03 -7.11036904e-04
 -6.09241053e-03 -1.17508471e-02 -1.76487546e-02 -2.37547476e-02 -3.00434567e-02
 -3.64946835e-02 -4.30924855e-02 -4.98243868e-02 -5.66804819e-02 -6.36514425e-02
 -7.07222149e-02 -7.74994195e-02 -8.39530975e-02 -9.00546908e-02 -9.57673490e-02
 -1.01051897e-01 -1.05866775e-01 -1.10167369e-01 -1.13906316e-01 -1.17035292e-01
 -1.19506322e-01 -1.21272527e-01 -1.22288473e-01 -1.22509778e-01 -1.21891670e-01
 -1.20388977e-01 -1.17957301e-01 -1.14555262e-01 -1.10147364e-01 -1.04705475e-01
 -9.82000232e-02 -9.06116292e-02 -8.19683000e-02 -7.22123012e-02 -6.12088554e-02
 -4.95592095e-02 -3.71672474e-02 -2.40814518e-02 -1.03296423e-02  4.04906319e-03
  1.90096907e-02  3.44993770e-02  5.04566096e-02  6.68100044e-02  8.34766850e-02
  1.00360647e-01  1.17351614e-01  1.34324819e-01  1.51142150e-01  1.67655200e-01
  1.83710217e-01  1.99154884e-01  2.13845849e-01  2.27656007e-01  2.40480334e-01
  2.52239108e-01  2.62878597e-01  2.72369355e-01  2.80702978e-01  2.87888467e-01
  1.35607561e-02  9.92512424e-03  5.91617310e-03  1.61933934e-03 -2.91692815e-03
 -7.67588569e-03 -1.26371896e-02 -1.77792627e-02 -2.30807140e-02 -2.85211056e-02
 -3.40812393e-02 -3.97431366e-02 -4.54898141e-02 -5.13050333e-02 -5.71730994e-02
 -6.30795211e-02 -6.90151304e-02 -7.45924339e-02 -7.98253417e-02 -8.46581981e-02
 -8.90549049e-02 -9.29798931e-02 -9.63908359e-02 -9.92371216e-02 -1.01469882e-01
 -1.03043690e-01 -1.03917181e-01 -1.04054213e-01 -1.03423461e-01 -1.01987258e-01
 -9.97011736e-02 -9.65164304e-02 -9.23846588e-02 -8.72696787e-02 -8.11805576e-02
 -7.40462020e-02 -6.57195076e-02 -5.67415394e-02 -4.69809026e-02 -3.63939963e-02
 -2.50403490e-02 -1.29442746e-02 -1.32491870e-04  1.33678690e-02  2.75256708e-02
  4.23039310e-02  5.76576926e-02  7.35316426e-02  8.98572579e-02  1.06549442e-01
  1.23502865e-01  1.40588477e-01  1.57650992e-01  1.74508750e-01  1.90957338e-01
  2.06778467e-01  2.21754164e-01  2.35684395e-01  2.48404756e-01  2.59800255e-01
  2.69812882e-01  2.78441638e-01  2.85735697e-01  2.91781545e-01  2.96687305e-01
  1.05161658e-02  7.00407429e-03  3.23754828e-03 -7.09162268e-04 -4.79380693e-03
 -9.01333988e-03 -1.33613423e-02 -1.78275220e-02 -2.23983079e-02 -2.70577166e-02
 -3.17880660e-02 -3.65703665e-02 -4.13843878e-02 -4.62082960e-02 -5.10178581e-02
 -5.57849072e-02 -6.04742430e-02 -6.50362894e-02 -6.95011020e-02 -7.34774992e-02
 -7.70015046e-02 -8.00705254e-02 -8.26503858e-02 -8.46529901e-02 -8.60245153e-02
 -8.67214352e-02 -8.67056176e-02 -8.59530941e-02 -8.44865665e-02 -8.22776556e-02
 -7.92750120e-02 -7.54097104e-02 -7.05859885e-02 -6.46521375e-02 -5.80979735e-02
 -5.07924743e-02 -4.26820554e-02 -3.38049605e-02 -2.41607074e-02 -1.37475319e-02
 -2.57499586e-03  9.34623461e-03  2.20041238e-02  3.53848636e-02  4.94715571e-02
  6.42424598e-02  7.96686187e-02  9.57106501e-02  1.12314485e-01  1.29405707e-01
  1.46882325e-01  1.64606094e-01  1.82393208e-01  2.00006604e-01  2.17154384e-01
  2.33500808e-01  2.48694986e-01  2.62413472e-01  2.74404019e-01  2.84516573e-01
  2.92717010e-01  2.99085736e-01  3.03801179e-01  3.07107270e-01  3.09269905e-01
  7.58887082e-03  4.17817477e-03  6.41307386e-04 -2.95829191e-03 -6.60135550e-03
 -1.03057995e-02 -1.40789673e-02 -1.79184079e-02 -2.18146332e-02 -2.57533826e-02
 -2.97171026e-02 -3.36857513e-02 -3.76370810e-02 -4.15465273e-02 -4.53866832e-02
 -4.91264276e-02 -5.27297631e-02 -5.61546646e-02 -5.93534857e-02 -6.22483678e-02
 -6.48099110e-02 -6.70419335e-02 -6.89955503e-02 -7.02335835e-02 -7.07848445e-02
 -7.06269667e-02 -6.96957856e-02 -6.78671002e-02 -6.55646250e-02 -6.26680776e-02
 -5.91001436e-02 -5.48042171e-02 -4.97391708e-02 -4.38893139e-02 -3.73025537e-02
 -2.99801603e-02 -2.19156109e-02 -1.31082609e-02 -3.55486874e-03  6.74897851e-03
  1.78071260e-02  2.96233948e-02  4.22017463e-02  5.55461049e-02  6.96597323e-02
  8.45440552e-02  1.00196764e-01  1.16608776e-01  1.33759603e-01  1.51610196e-01
  1.70092270e-01  1.89092517e-01  2.08429873e-01  2.27825060e-01  2.46866852e-01
  2.64996529e-01  2.81557024e-01  2.95926660e-01  3.07655782e-01  3.16521317e-01
  3.22524399e-01  3.25884581e-01  3.27031165e-01  3.26545060e-01  3.25020105e-01
  4.35762433e-03  9.70164663e-04 -2.27437983e-03 -5.41219488e-03 -8.53960868e-03
 -1.17037278e-02 -1.49124265e-02 -1.81587338e-02 -2.14287899e-02 -2.47049034e-02
 -2.79669128e-02 -3.11927870e-02 -3.43587957e-02 -3.74394208e-02 -4.04070690e-02
 -4.32316624e-02 -4.58802134e-02 -4.83165383e-02 -5.05012609e-02 -5.23920320e-02
 -5.39509617e-02 -5.51410504e-02 -5.59139363e-02 -5.61783724e-02 -5.58837615e-02
 -5.49939275e-02 -5.34810536e-02 -5.13341613e-02 -4.85920906e-02 -4.52472568e-02
 -4.12772819e-02 -3.66575979e-02 -3.13676298e-02 -2.53949445e-02 -1.87364761e-02
 -1.13866674e-02 -3.33744171e-03  5.42056188e-03  1.48985619e-02  2.51097791e-02
  3.60694937e-02  4.77953888e-02  6.03079423e-02  7.36308470e-02  8.77913237e-02
  1.02820173e-01  1.18751541e-01  1.35621816e-01  1.53467268e-01  1.72319233e-01
  1.92195252e-01  2.13082969e-01  2.34911054e-01  2.57494956e-01  2.80425519e-01
  3.02826256e-01  3.23096842e-01  3.39648038e-01  3.51759166e-01  3.59242857e-01
  3.62162977e-01  3.60838741e-01  3.56060803e-01  3.49388182e-01  3.42463732e-01
  3.88165470e-04 -3.24098021e-03 -5.76000428e-03 -8.10418930e-03 -1.06215244e-02
 -1.32369837e-02 -1.59102827e-02 -1.86113436e-02 -2.13136431e-02 -2.39920672e-02
 -2.66220439e-02 -2.91790608e-02 -3.16383094e-02 -3.39743458e-02 -3.61607969e-02
 -3.81700620e-02 -3.99731137e-02 -4.15394194e-02 -4.28370498e-02 -4.38329950e-02
 -4.44938242e-02 -4.47848327e-02 -4.46682535e-02 -4.41028476e-02 -4.30535749e-02
 -4.14925888e-02 -3.93993072e-02 -3.67611274e-02 -3.35729271e-02 -2.98259594e-02
 -2.55076140e-02 -2.06034556e-02 -1.50991594e-02 -8.98168981e-03 -2.23917118e-03
  5.14090061e-03  1.31726163e-02  2.18721591e-02  3.12583260e-02  4.13530432e-02
  5.21819778e-02  6.37752786e-02  7.61686042e-02  8.94043446e-02  1.03533246e-01
  1.18616290e-01  1.34727150e-01  1.51954964e-01  1.70407385e-01  1.90213740e-01
  2.11527050e-01  2.34523878e-01  2.59400278e-01  2.86365181e-01  3.15650910e-01
  3.47663671e-01  3.76444250e-01  3.96427810e-01  4.08991784e-01  4.14851308e-01
  4.13380086e-01  4.05136675e-01  3.89191777e-01  3.71004015e-01  3.57394338e-01
 -2.66708643e-03 -6.36203308e-03 -8.61016102e-03 -1.05517330e-02 -1.26454262e-02
 -1.48339914e-02 -1.70693565e-02 -1.93117075e-02 -2.15270445e-02 -2.36853063e-02
 -2.57590692e-02 -2.77226232e-02 -2.95512769e-02 -3.12208086e-02 -3.27070504e-02
 -3.39855962e-02 -3.50316353e-02 -3.58198993e-02 -3.63247283e-02 -3.65202054e-02
 -3.63803320e-02 -3.58790532e-02 -3.49903964e-02 -3.36891897e-02 -3.19527909e-02
 -2.97620464e-02 -2.71015149e-02 -2.39592213e-02 -2.03255620e-02 -1.61911678e-02
 -1.15458462e-02 -6.37836428e-03 -6.76521740e-04  5.57282893e-03  1.23840477e-02
  1.97732653e-02  2.77589429e-02  3.63624021e-02  4.56083603e-02  5.55255599e-02
  6.61475584e-02  7.75137618e-02  8.96708816e-02  1.02674827e-01  1.16593368e-01
  1.31509736e-01  1.47527635e-01  1.64778128e-01  1.83429286e-01  2.03699723e-01
  2.25876853e-01  2.50340551e-01  2.77589709e-01  3.08264494e-01  3.43158334e-01
  3.80483717e-01  4.09207016e-01  4.29108739e-01  4.40684319e-01  4.43564981e-01
  4.37992245e-01  4.22675610e-01  3.99235606e-01  3.79172981e-01  3.63203377e-01
 -4.99405619e-03 -8.73130374e-03 -1.08858310e-02 -1.26814293e-02 -1.45655368e-02
 -1.64941568e-02 -1.84253268e-02 -2.03202516e-02 -2.21443959e-02 -2.38673892e-02
 -2.54623462e-02 -2.69049853e-02 -2.81727780e-02 -2.92442627e-02 -3.00985519e-02
 -3.07150483e-02 -3.10733300e-02 -3.11531890e-02 -3.09347417e-02 -3.03986166e-02
 -2.95261331e-02 -2.82995086e-02 -2.67020948e-02 -2.47187205e-02 -2.23361123e-02
 -1.95431318e-02 -1.63307078e-02 -1.26914643e-02 -8.61902721e-03 -4.10710182e-03
  8.51336226e-04  6.26466004e-03  1.21430606e-02  1.84989348e-02  2.53472552e-02
  3.27059254e-02  4.05961201e-02  4.90425862e-02  5.80740049e-02  6.77234307e-02
  7.80289620e-02  8.90346915e-02  1.00792073e-01  1.13361962e-01  1.26817390e-01
  1.41247585e-01  1.56763703e-01  1.73507169e-01  1.91662118e-01  2.11474746e-01
  2.33284101e-01  2.57573366e-01  2.85053760e-01  3.16772431e-01  3.53856295e-01
  3.86722952e-01  4.11671340e-01  4.28763002e-01  4.37760383e-01  4.38607901e-01
  4.29829031e-01  4.10580963e-01  3.89706820e-01  3.72420341e-01  3.58010918e-01
 -6.80503668e-03 -1.06202718e-02 -1.28879678e-02 -1.46901067e-02 -1.65224131e-02
 -1.83404200e-02 -2.00991035e-02 -2.17586942e-02 -2.32859179e-02 -2.46535391e-02
 -2.58390009e-02 -2.68228669e-02 -2.75874548e-02 -2.81158965e-02 -2.83916220e-02
 -2.83982139e-02 -2.81195380e-02 -2.75400057e-02 -2.66449265e-02 -2.54208334e-02
 -2.38557514e-02 -2.19393987e-02 -1.96633395e-02 -1.70210451e-02 -1.40079269e-02
 -1.06212031e-02 -6.85961684e-03 -2.72295298e-03  1.78865180e-03  6.67553628e-03
  1.19394027e-02  1.75841730e-02  2.36167479e-02  3.00476067e-02  3.68912369e-02
  4.41663638e-02  5.18959910e-02  6.01073354e-02  6.88317195e-02  7.81045333e-02
  8.79654065e-02  9.84586403e-02  1.09634027e-01  1.21548183e-01  1.34266451e-01
  1.47865579e-01  1.62437454e-01  1.78094193e-01  1.94975480e-01  2.13259131e-01
  2.33177662e-01  2.55046457e-01  2.79321730e-01  3.06786656e-01  3.36063266e-01
  3.60778093e-01  3.79974604e-01  3.93292636e-01  4.00603175e-01  4.00932878e-01
  3.93934280e-01  3.80262971e-01  3.67084622e-01  3.55064929e-01  3.44279319e-01
 -8.39519408e-03 -1.23963449e-02 -1.48053076e-02 -1.67689286e-02 -1.87185369e-02
 -2.05811728e-02 -2.22970843e-02 -2.38230042e-02 -2.51305923e-02 -2.62021329e-02
 -2.70259287e-02 -2.75926311e-02 -2.78928801e-02 -2.79161632e-02 -2.76506059e-02
 -2.70834118e-02 -2.62016505e-02 -2.49931365e-02 -2.34472435e-02 -2.15555225e-02
 -1.93121061e-02 -1.67138670e-02 -1.37604168e-02 -1.04539646e-02 -6.79910230e-03
 -2.80250027e-03  1.52751594e-03  6.18156325e-03  1.11500351e-02  1.64241828e-02
  2.19973885e-02  2.78665144e-02  3.40331383e-02  4.05045226e-02  4.72941138e-02
  5.44215888e-02  6.19123690e-02  6.97968453e-02  7.81094134e-02  8.68875459e-02
  9.61711034e-02  1.06001951e-01  1.16423935e-01  1.27483130e-01  1.39228359e-01
  1.51711777e-01  1.64989218e-01  1.79120153e-01  1.94166034e-01  2.10185662e-01
  2.27223203e-01  2.45279357e-01  2.64241904e-01  2.83733100e-01  3.02811235e-01
  3.19855958e-01  3.33823204e-01  3.44118685e-01  3.50381196e-01  3.52460593e-01
  3.50554466e-01  3.45801085e-01  3.39579940e-01  3.32769006e-01  3.25896770e-01
 -9.58075281e-03 -1.38870999e-02 -1.67037081e-02 -1.91102531e-02 -2.14368552e-02
 -2.35427711e-02 -2.53441297e-02 -2.68065091e-02 -2.79265027e-02 -2.87144557e-02
 -2.91830711e-02 -2.93412209e-02 -2.91913915e-02 -2.87295263e-02 -2.79463697e-02
 -2.68295947e-02 -2.53661238e-02 -2.35442501e-02 -2.13552825e-02 -1.87945906e-02
 -1.58620514e-02 -1.25619853e-02 -8.90274812e-03 -4.89621470e-03 -5.57296735e-04
  4.09640418e-03  9.04491171e-03  1.42663503e-02  1.97378378e-02  2.54370011e-02
  3.13440971e-02  3.74445356e-02  4.37313057e-02  5.02068438e-02  5.68838865e-02
  6.37851581e-02  7.09418729e-02  7.83914849e-02  8.61750394e-02  9.43347737e-02
  1.02912202e-01  1.11946851e-01  1.21475548e-01  1.31531954e-01  1.42146155e-01
  1.53343797e-01  1.65144414e-01  1.77558377e-01  1.90581217e-01  2.04184175e-01
  2.18298331e-01  2.32790053e-01  2.47426406e-01  2.61838913e-01  2.75515527e-01
  2.87869543e-01  2.98367053e-01  3.06615204e-01  3.12394351e-01  3.15678746e-01
  3.16659898e-01  3.15732270e-01  3.13392669e-01  3.10114324e-01  3.06280077e-01
 -9.92921274e-03 -1.46007137e-02 -1.85058191e-02 -2.20544524e-02 -2.52502039e-02
 -2.78460421e-02 -2.97864359e-02 -3.11366543e-02 -3.19842398e-02 -3.24056186e-02
 -3.24569158e-02 -3.21719348e-02 -3.15636247e-02 -3.06280609e-02 -2.93499287e-02
 -2.77084224e-02 -2.56825369e-02 -2.32552532e-02 -2.04163641e-02 -1.71639174e-02
 -1.35043180e-02 -9.45130736e-03 -5.02430229e-03 -2.46754586e-04  4.85485606e-03
  1.02511197e-02  1.59090627e-02  2.17914339e-02  2.78568156e-02  3.40614729e-02
  4.03633080e-02  4.67273183e-02  5.31312749e-02  5.95700480e-02  6.60575181e-02
  7.26256147e-02  7.93205202e-02  8.61968845e-02  9.33115631e-02  1.00718334e-01
  1.08464494e-01  1.16589285e-01  1.25123411e-01  1.34089053e-01  1.43499687e-01
  1.53359294e-01  1.63660690e-01  1.74382448e-01  1.85484290e-01  1.96900472e-01
  2.08531290e-01  2.20233470e-01  2.31812179e-01  2.43019596e-01  2.53566891e-01
  2.63152570e-01  2.71500885e-01  2.78398633e-01  2.83721358e-01  2.87447482e-01
  2.89659053e-01  2.90525645e-01  2.90272474e-01  2.89142251e-01  2.87364095e-01
 -1.00783687e-02 -1.53647736e-02 -2.08248422e-02 -2.64935941e-02 -3.19274776e-02
 -3.48035507e-02 -3.64755318e-02 -3.73213105e-02 -3.75746712e-02 -3.73942293e-02
 -3.68816406e-02 -3.60874012e-02 -3.50176618e-02 -3.36461253e-02 -3.19285914e-02
 -2.98161972e-02 -2.72652712e-02 -2.42438950e-02 -2.07358990e-02 -1.67425312e-02
 -1.22815054e-02 -7.38321571e-03 -2.08506221e-03  3.57385632e-03  9.55540221e-03
  1.58214401e-02  2.23297644e-02  2.90285219e-02  3.58517356e-02  4.27195840e-02
  4.95464243e-02  5.62552698e-02  6.27928972e-02  6.91402853e-02  7.53170848e-02
  8.13798010e-02  8.74128565e-02  9.35129076e-02  9.97722000e-02  1.06267363e-01
  1.13055654e-01  1.20176040e-01  1.27651900e-01  1.35493532e-01  1.43699706e-01
  1.52257964e-01  1.61144018e-01  1.70320079e-01  1.79732338e-01  1.89307943e-01
  1.98951945e-01  2.08544984e-01  2.17943370e-01  2.26982772e-01  2.35487014e-01
  2.43281662e-01  2.50210345e-01  2.56150782e-01  2.61027336e-01  2.64817744e-01
  2.67553151e-01  2.69311041e-01  2.70202696e-01  2.70358086e-01  2.69911438e-01
 -1.02169421e-02 -1.62137318e-02 -2.29195543e-02 -3.06274537e-02 -3.92113253e-02
 -4.46083024e-02 -4.60480414e-02 -4.55519669e-02 -4.46230993e-02 -4.34544273e-02
 -4.21849564e-02 -4.08577025e-02 -3.94206382e-02 -3.77650671e-02 -3.57680209e-02
 -3.33187506e-02 -3.03300433e-02 -2.67426539e-02 -2.25290805e-02 -1.76977068e-02
 -1.22932252e-02 -6.38687750e-03 -5.64704860e-05  6.63285423e-03  1.36360452e-02
  2.09229458e-02  2.84649674e-02  3.62161398e-02  4.40896675e-02  5.19394837e-02
  5.95745109e-02  6.68150336e-02  7.35417902e-02  7.97094479e-02  8.53490233e-02
  9.05745402e-02  9.55740958e-02  1.00557327e-01  1.05692193e-01  1.11084938e-01
  1.16793014e-01  1.22842170e-01  1.29238203e-01  1.35973543e-01  1.43030420e-01
  1.50382072e-01  1.57992646e-01  1.65816501e-01  1.73797056e-01  1.81865662e-01
  1.89940944e-01  1.97928965e-01  2.05724820e-01  2.13216037e-01  2.20288053e-01
  2.26831183e-01  2.32748598e-01  2.37963766e-01  2.42426381e-01  2.46115655e-01
  2.49040544e-01  2.51236796e-01  2.52761573e-01  2.53686637e-01  2.54091352e-01
 -9.20381304e-03 -1.53775522e-02 -2.24104784e-02 -3.06731705e-02 -4.04480249e-02
 -4.81770188e-02 -5.28141856e-02 -5.42116277e-02 -5.23391031e-02 -4.96109650e-02
 -4.74407710e-02 -4.58330959e-02 -4.44678403e-02 -4.29777168e-02 -4.10758890e-02
 -3.85667793e-02 -3.53150144e-02 -3.12245488e-02 -2.62384005e-02 -2.03612782e-02
 -1.36981998e-02 -6.45408127e-03  1.16573786e-03  9.04880185e-03  1.71723627e-02
  2.55653802e-02  3.42784151e-02  4.33583558e-02  5.28032668e-02  6.24056682e-02
  7.15342611e-02  7.96947256e-02  8.67296681e-02  9.25847888e-02  9.72563177e-02
  1.00870155e-01  1.03966147e-01  1.07227996e-01  1.10899337e-01  1.15022905e-01
  1.19587816e-01  1.24566630e-01  1.29926309e-01  1.35631293e-01  1.41643852e-01
  1.47923335e-01  1.54425189e-01  1.61099911e-01  1.67892113e-01  1.74740091e-01
  1.81575701e-01  1.88324958e-01  1.94909573e-01  2.01249287e-01  2.07265034e-01
  2.12882832e-01  2.18037844e-01  2.22678065e-01  2.26767331e-01  2.30286971e-01
  2.33236074e-01  2.35630184e-01  2.37498865e-01  2.38882393e-01  2.39828110e-01
 -6.66751387e-03 -1.23614566e-02 -1.86792780e-02 -2.57141255e-02 -3.34675498e-02
 -4.17741649e-02 -4.93305475e-02 -5.38476147e-02 -5.49780428e-02 -5.24464101e-02
 -5.02393432e-02 -4.98160534e-02 -5.00237420e-02 -4.96571735e-02 -4.84469943e-02
 -4.62788157e-02 -4.30469476e-02 -3.86245213e-02 -3.28531414e-02 -2.55521871e-02
 -1.66604705e-02 -7.16794655e-03  2.09479453e-03  1.11954547e-02  2.03050133e-02
  2.96061523e-02  3.92946042e-02  4.96017970e-02  6.08433634e-02  7.34623298e-02
  8.48107040e-02  9.40542966e-02  1.01482309e-01  1.06950022e-01  1.10388190e-01
  1.11492515e-01  1.11260556e-01  1.12459965e-01  1.14653774e-01  1.17600471e-01
  1.21148482e-01  1.25193119e-01  1.29656374e-01  1.34475514e-01  1.39596060e-01
  1.44967437e-01  1.50540158e-01  1.56263918e-01  1.62086561e-01  1.67953491e-01
  1.73807606e-01  1.79589793e-01  1.85239866e-01  1.90698102e-01  1.95907071e-01
  2.00813770e-01  2.05371872e-01  2.09543571e-01  2.13301241e-01  2.16628313e-01
  2.19519421e-01  2.21979901e-01  2.24024534e-01  2.25675866e-01  2.26962224e-01
 -2.92481575e-03 -7.77613325e-03 -1.30135436e-02 -1.86406747e-02 -2.45995261e-02
 -3.07653937e-02 -3.69585715e-02 -4.29657660e-02 -4.70511690e-02 -4.69019786e-02
 -4.67594415e-02 -4.88802940e-02 -5.16948476e-02 -5.27222641e-02 -5.23394011e-02
 -5.06653115e-02 -4.76613119e-02 -4.32039462e-02 -3.70660797e-02 -2.88076438e-02
 -1.76102296e-02 -6.03577634e-03  4.23804764e-03  1.38945766e-02  2.33496465e-02
  3.29016000e-02  4.28168438e-02  5.33879660e-02  6.49904683e-02  7.80359060e-02
  8.97649527e-02  9.91794467e-02  1.06543995e-01  1.11784339e-01  1.14757448e-01
  1.15111373e-01  1.14061818e-01  1.14483602e-01  1.15981951e-01  1.18272908e-01
  1.21174477e-01  1.24566033e-01  1.28361717e-01  1.32494718e-01  1.36908516e-01
  1.41552076e-01  1.46377057e-01  1.51336268e-01  1.56382695e-01  1.61468983e-01
  1.66547433e-01  1.71570227e-01  1.76490083e-01  1.81261063e-01  1.85839742e-01
  1.90186366e-01  1.94266111e-01  1.98050112e-01  2.01516345e-01  2.04650149e-01
  2.07444355e-01  2.09898949e-01  2.12020546e-01  2.13821411e-01  2.15318382e-01
  9.83207107e-01  9.98624682e-01  1.00949323e+00  1.02239943e+00  1.03591204e+00
  1.04980159e+00  1.06544006e+00  1.07949471e+00  1.09441960e+00  1.10979259e+00
  1.12525487e+00  1.14161348e+00  1.15839314e+00  1.17542243e+00  1.19306898e+00
  1.21138561e+00  1.23008132e+00  1.24925375e+00  1.26904106e+00  1.28953791e+00
  1.31055379e+00  1.33217895e+00  1.35443389e+00  1.37752473e+00  1.40126348e+00
  1.42569315e+00  1.45092380e+00  1.47700119e+00  1.50401092e+00  1.53184295e+00
  1.56055355e+00  1.59037900e+00  1.62119174e+00  1.65312004e+00  1.68618131e+00
  1.72047782e+00  1.75608754e+00  1.79300630e+00  1.83145702e+00  1.87130797e+00
  1.91292059e+00  1.95618176e+00  2.00144291e+00  2.04854512e+00  2.09788418e+00
  2.14949703e+00  2.20366573e+00  2.26039314e+00  2.32016611e+00  2.38311195e+00
  2.44965935e+00  2.52000260e+00  2.59510303e+00  2.67521620e+00  2.76083469e+00
  2.85385537e+00  2.95413494e+00  3.06387830e+00  3.18580270e+00  3.32261395e+00
  3.48080921e+00  3.67040014e+00  3.91302109e+00  4.28332472e+00  5.77282047e+00
   90   87
  1.09810853e+00  0.00000000e+00  1.09939623e+00  1.00000001e-01  1.10455072e+00
  2.00000003e-01  1.10886049e+00  2.50000000e-01  1.11912191e+00  3.49999994e-01
  1.13218749e+00  4.43910152e-01  1.14115500e+00  5.00000000e-01  1.15875006e+00
  5.90232432e-01  1.17316568e+00  6.49999976e-01  1.18841994e+00  6.99999988e-01
  1.21187496e+00  7.61977077e-01  1.23843753e+00  8.13065529e-01  1.26499999e+00
  8.51697922e-01  1.31350827e+00  8.99999976e-01  1.34468746e+00  9.21161056e-01
  1.39781249e+00  9.43540514e-01  1.42437506e+00  9.51033711e-01  1.47749996e+00
  9.56911385e-01  1.53062499e+00  9.52993214e-01  1.55718756e+00  9.47628021e-01
  1.61031246e+00  9.34555948e-01  1.66343749e+00  9.16220486e-01  1.69833016e+00
  8.99999976e-01  1.74312496e+00  8.76980186e-01  1.78666198e+00  8.50000024e-01
  1.82281256e+00  8.26248348e-01  1.85779321e+00  8.00000012e-01  1.90250003e+00
  7.63916552e-01  1.92906249e+00  7.40024686e-01  1.97075295e+00  6.99999988e-01
  2.00874996e+00  6.60555422e-01  2.03531241e+00  6.29740477e-01  2.06187510e+00
  5.96386790e-01  2.09598589e+00  5.50000012e-01  2.12782907e+00  5.00000000e-01
  2.15587211e+00  4.49999988e-01  2.18080115e+00  4.00000006e-01  2.20312619e+00
  3.49999994e-01  2.22308278e+00  3.00000012e-01  2.24781251e+00  2.25021929e-01
  2.26744318e+00  1.50000006e-01  2.27678967e+00  1.00000001e-01  2.28277946e+00
  0.00000000e+00  2.27437496e+00 -8.22415873e-02  2.26063037e+00 -1.50000006e-01
  2.24595904e+00 -2.00000003e-01  2.22125006e+00 -2.69644141e-01  2.19468760e+00
 -3.32034707e-01  2.16812491e+00 -3.86993796e-01  2.14156246e+00 -4.36337799e-01
  2.11500001e+00 -4.81068045e-01  2.08843756e+00 -5.21903217e-01  2.06187510e+00
 -5.59369206e-01  2.02996302e+00 -6.00000024e-01  1.98840165e+00 -6.49999976e-01
  1.95562506e+00 -6.86318338e-01  1.92906249e+00 -7.14725196e-01  1.89377201e+00
 -7.50000000e-01  1.84937501e+00 -7.93504417e-01  1.82281256e+00 -8.19036186e-01
  1.78812850e+00 -8.50000024e-01  1.74312496e+00 -8.90190005e-01  1.71656251e+00
 -9.13289964e-01  1.67091918e+00 -9.49999988e-01  1.63687503e+00 -9.77012873e-01
  1.60472512e+00 -1.00000000e+00  1.55718756e+00 -1.03525853e+00  1.53062499e+00
 -1.05402887e+00  1.47749996e+00 -1.08862185e+00  1.45093751e+00 -1.10627723e+00
  1.39781249e+00 -1.13834381e+00  1.37125003e+00 -1.15557015e+00  1.31271589e+00
 -1.19220340e+00  1.28074431e+00 -1.21212184e+00  1.26295507e+00 -1.14999998e+00
  1.24489224e+00 -1.04999995e+00  1.23460734e+00 -1.00000000e+00  1.21755648e+00
 -8.99999976e-01  1.20781744e+00 -8.50000024e-01  1.18939900e+00 -7.50000000e-01
  1.17932999e+00 -6.99999988e-01  1.16066456e+00 -6.00000024e-01  1.15126097e+00
 -5.50000012e-01  1.13502252e+00 -4.49999988e-01  1.12745404e+00 -4.00000006e-01
  1.11563587e+00 -3.00000012e-01  1.10689294e+00 -2.00000003e-01  1.10315430e+00
 -1.50000006e-01  1.09887469e+00 -5.00000007e-02  1.09810853e+00  0.00000000e+00
  1.01600003e+00  0.00000000e+00  1.01600003e+00  9.63999987e-01  1.01600003e+00
  9.67999995e-01  1.01600003e+00  1.00100005e+00  1.01600003e+00  1.01900005e+00
  1.01600003e+00  1.07700002e+00  1.01600003e+00  1.07000005e+00  1.01600003e+00
  1.09599996e+00  1.01600003e+00  1.11300004e+00  1.01600003e+00  1.13800001e+00
  1.01600003e+00  1.14699996e+00  1.01199996e+00  1.16499996e+00  1.00100005e+00
  1.21700001e+00  1.02900004e+00  1.21700001e+00  1.04200006e+00  1.16240001e+00
  1.04600000e+00  1.16237998e+00  1.05599999e+00  1.16260004e+00  1.09700000e+00
  1.16450000e+00  1.10800004e+00  1.16594005e+00  1.11600006e+00  1.16591001e+00
  1.13399994e+00  1.16895998e+00  1.14800000e+00  1.17174995e+00  1.16199994e+00
  1.17556000e+00  1.18099999e+00  1.18299997e+00  1.18200004e+00  1.18350005e+00
  1.18499994e+00  1.18499994e+00  1.19000006e+00  1.18799996e+00  1.19500005e+00
  1.19099998e+00  1.20099998e+00  1.19599998e+00  1.20899999e+00  1.20200002e+00
  1.21500003e+00  1.20799994e+00  1.22200000e+00  1.21399999e+00  1.22800004e+00
  1.22099996e+00  1.23399997e+00  1.23099995e+00  1.23899996e+00  1.23800004e+00
  1.24199998e+00  1.24399996e+00  1.24800003e+00  1.25399995e+00  1.25800002e+00
  1.27800000e+00  1.26300001e+00  1.28999996e+00  1.27999997e+00  1.33099997e+00
  1.27999997e+00  1.34700000e+00  1.27999997e+00  1.34800005e+00  1.30999994e+00
  1.34800005e+00  1.32799995e+00  1.34800005e+00  1.36099994e+00  1.34800005e+00
  1.38000000e+00  1.34800005e+00  1.41900003e+00  1.34800005e+00  1.41900003e+00
  1.30999994e+00  1.37199998e+00  1.30999994e+00  1.37199998e+00  1.29200006e+00
  1.60800004e+00  1.09500003e+00  1.64699996e+00  1.07700002e+00  1.78499997e+00
  1.07700002e+00  2.06999993e+00  1.03999996e+00  2.12800002e+00  9.92999971e-01
  2.24499989e+00  7.08999991e-01  2.32299995e+00  5.18999994e-01  2.37700009e+00
  3.88999999e-01  2.35200000e+00  4.00000006e-01  2.35100007e+00  3.37000012e-01
  2.35100007e+00  2.04999998e-01  2.35400009e+00  6.80000037e-02  2.35400009e+00
  0.00000000e+00  2.35400009e+00 -6.80000037e-02  2.35299993e+00 -2.04999998e-01
  2.35100007e+00 -3.37000012e-01  2.35299993e+00 -4.00000006e-01  2.37700009e+00
 -3.88999999e-01  2.13400006e+00 -9.72999990e-01  1.78600001e+00 -1.17400002e+00
  1.76800001e+00 -1.21099997e+00  1.76800001e+00 -1.25000000e+00  1.68200004e+00
 -1.25000000e+00  1.37199998e+00 -1.25000000e+00  1.37199998e+00 -1.32900000e+00
  1.41999996e+00 -1.32900000e+00  1.41999996e+00 -1.36300004e+00  1.27300000e+00
 -1.36300004e+00  1.15300000e+00 -1.36300004e+00  1.01600003e+00 -1.22300005e+00
  1.01600003e+00 -1.22300005e+00  1.01600003e+00 -8.29999983e-01  1.01600003e+00
 -8.00000012e-01  1.01600003e+00 -4.14999992e-01  1.01600003e+00 -4.00000006e-01
  1.01600003e+00 -1.00000005e-03  1.01600003e+00  0.00000000e+00
    0 0.000000000e+00    0
  0.00000000e+00  9.00808796e-02  1.28077194e-01  1.57447636e-01  1.82435557e-01
  2.04679430e-01  2.23730803e-01  2.42695615e-01  2.60589808e-01  2.77541250e-01
  2.93694735e-01  3.09272766e-01  3.24309975e-01  3.38876545e-01  3.53000641e-01
  3.66863400e-01  3.80416721e-01  3.93636167e-01  4.06662107e-01  4.19515461e-01
  4.32157874e-01  4.44612354e-01  4.56963778e-01  4.69171464e-01  4.81305838e-01
  4.93290454e-01  5.05217612e-01  5.17096221e-01  5.28902233e-01  5.40651858e-01
  5.52347779e-01  5.64059675e-01  5.75712502e-01  5.87389767e-01  5.99030614e-01
  6.10695839e-01  6.22381687e-01  6.34064615e-01  6.45810783e-01  6.57548010e-01
  6.69374168e-01  6.81225240e-01  6.93170011e-01  7.05146253e-01  7.17224419e-01
  7.29374528e-01  7.41637409e-01  7.53986478e-01  7.66466618e-01  7.79066086e-01
  7.91801453e-01  8.04687440e-01  8.17751288e-01  8.30988050e-01  8.44394624e-01
  8.58070791e-01  8.71954322e-01  8.86111259e-01  9.00610149e-01  9.15428877e-01
  9.30690169e-01  9.46444035e-01  9.62869942e-01  9.80295062e-01  1.00000000e+00
    0
