   EFIT?   05/12/98      #131481  2650             3  65  65
  1.70000005e+00  3.20000005e+00  1.69550002e+00  8.39999974e-01  0.00000000e+00
  1.76675475e+00  2.15615355e-03 -4.17113215e-01 -1.04982488e-01 -1.89737988e+00
  1.55063025e+06 -4.17113215e-01  0.00000000e+00  1.76675475e+00  0.00000000e+00
  2.15615355e-03  0.00000000e+00 -1.04982488e-01  0.00000000e+00  0.00000000e+00
 -3.25305057e+00 -3.25252342e+00 -3.25199199e+00 -3.25145650e+00 -3.25091720e+00
 -3.25037408e+00 -3.24982738e+00 -3.24927735e+00 -3.24872398e+00 -3.24816751e+00
 -3.24760795e+00 -3.24704552e+00 -3.24648046e+00 -3.24591279e+00 -3.24534249e+00
 -3.24477029e+00 -3.24419570e+00 -3.24361920e+00 -3.24304080e+00 -3.24246097e+00
 -3.24187922e+00 -3.24129629e+00 -3.24071217e+00 -3.24012685e+00 -3.23954058e+00
 -3.23895359e+00 -3.23836589e+00 -3.23777747e+00 -3.23718905e+00 -3.23660016e+00
 -3.23601127e+00 -3.23542237e+00 -3.23483372e+00 -3.23424554e+00 -3.23365784e+00
 -3.23307085e+00 -3.23248458e+00 -3.23189926e+00 -3.23131514e+00 -3.23073244e+00
 -3.23015094e+00 -3.22957087e+00 -3.22899270e+00 -3.22841644e+00 -3.22784209e+00
 -3.22726989e+00 -3.22670007e+00 -3.22613263e+00 -3.22556782e+00 -3.22500587e+00
 -3.22444654e+00 -3.22389054e+00 -3.22333765e+00 -3.22278810e+00 -3.22224212e+00
 -3.22169971e+00 -3.22116113e+00 -3.22062635e+00 -3.22009587e+00 -3.21956968e+00
 -3.21904778e+00 -3.21853065e+00 -3.21801805e+00 -3.21751022e+00 -3.21700740e+00
  1.44183469e+05  1.40191281e+05  1.36254312e+05  1.32372562e+05  1.28546031e+05
  1.24774711e+05  1.21058609e+05  1.17397727e+05  1.13792055e+05  1.10241602e+05
  1.06746367e+05  1.03306344e+05  9.99215469e+04  9.65919531e+04  9.33175859e+04
  9.00984297e+04  8.69344922e+04  8.38257734e+04  8.07722656e+04  7.77739844e+04
  7.48309062e+04  7.19430547e+04  6.91104141e+04  6.63329922e+04  6.36107852e+04
  6.09437969e+04  5.83320234e+04  5.57754648e+04  5.32741250e+04  5.08280000e+04
  4.84370938e+04  4.61014023e+04  4.38209258e+04  4.15956680e+04  3.94256250e+04
  3.73108008e+04  3.52511914e+04  3.32468008e+04  3.12976230e+04  2.94036621e+04
  2.75649199e+04  2.57813926e+04  2.40530820e+04  2.23799883e+04  2.07621094e+04
  1.91994473e+04  1.76920039e+04  1.62397744e+04  1.48427627e+04  1.35009668e+04
  1.22143867e+04  1.09830244e+04  9.80687793e+03  8.68594727e+03  7.62023389e+03
  6.60973682e+03  5.65445557e+03  4.75439111e+03  3.90954321e+03  3.11991162e+03
  2.38549658e+03  1.70629773e+03  1.08231543e+03  5.13549500e+02  0.00000000e+00
 -3.50273520e-01 -3.53044480e-01 -3.55717391e-01 -3.58292222e-01 -3.60769004e-01
 -3.63147736e-01 -3.65428388e-01 -3.67610991e-01 -3.69695514e-01 -3.71681988e-01
 -3.73570412e-01 -3.75360757e-01 -3.77053052e-01 -3.78647298e-01 -3.80143464e-01
 -3.81541580e-01 -3.82841647e-01 -3.84043634e-01 -3.85147572e-01 -3.86153460e-01
 -3.87061268e-01 -3.87871027e-01 -3.88582706e-01 -3.89196336e-01 -3.89711916e-01
 -3.90129417e-01 -3.90448868e-01 -3.90670270e-01 -3.90793592e-01 -3.90818864e-01
 -3.90746087e-01 -3.90575230e-01 -3.90306324e-01 -3.89939338e-01 -3.89474303e-01
 -3.88911217e-01 -3.88250053e-01 -3.87490869e-01 -3.86633575e-01 -3.85678262e-01
 -3.84624869e-01 -3.83473396e-01 -3.82223874e-01 -3.80876303e-01 -3.79430681e-01
 -3.77886981e-01 -3.76245230e-01 -3.74505401e-01 -3.72667521e-01 -3.70731592e-01
 -3.68697613e-01 -3.66565555e-01 -3.64335418e-01 -3.62007260e-01 -3.59581023e-01
 -3.57056707e-01 -3.54434341e-01 -3.51713926e-01 -3.48895460e-01 -3.45978916e-01
 -3.42964321e-01 -3.39851648e-01 -3.36640924e-01 -3.33332151e-01 -3.29925299e-01
 -8.24227438e+05 -8.12905688e+05 -8.01584000e+05 -7.90262312e+05 -7.78940625e+05
 -7.67618875e+05 -7.56297188e+05 -7.44975500e+05 -7.33653812e+05 -7.22332125e+05
 -7.11010375e+05 -6.99688688e+05 -6.88367000e+05 -6.77045312e+05 -6.65723562e+05
 -6.54401875e+05 -6.43080188e+05 -6.31758500e+05 -6.20436812e+05 -6.09115062e+05
 -5.97793375e+05 -5.86471688e+05 -5.75150000e+05 -5.63828250e+05 -5.52506562e+05
 -5.41184875e+05 -5.29863188e+05 -5.18541469e+05 -5.07219781e+05 -4.95898062e+05
 -4.84576375e+05 -4.73254656e+05 -4.61932969e+05 -4.50611281e+05 -4.39289562e+05
 -4.27967875e+05 -4.16646156e+05 -4.05324469e+05 -3.94002750e+05 -3.82681062e+05
 -3.71359344e+05 -3.60037656e+05 -3.48715969e+05 -3.37394250e+05 -3.26072562e+05
 -3.14750844e+05 -3.03429156e+05 -2.92107438e+05 -2.80785750e+05 -2.69464031e+05
 -2.58142344e+05 -2.46820641e+05 -2.35498938e+05 -2.24177234e+05 -2.12855531e+05
 -2.01533844e+05 -1.90212141e+05 -1.78890438e+05 -1.67568734e+05 -1.56247031e+05
 -1.44925328e+05 -1.33603625e+05 -1.22281930e+05 -1.10960227e+05 -9.96385234e+04
 -6.79856762e-02 -7.52248839e-02 -8.29244033e-02 -9.10898000e-02 -9.96795893e-02
 -1.08599134e-01 -1.17710307e-01 -1.26861826e-01 -1.34046555e-01 -1.37255296e-01
 -1.41479984e-01 -1.49226293e-01 -1.58111408e-01 -1.63633779e-01 -1.66553244e-01
 -1.67144880e-01 -1.65419236e-01 -1.61229029e-01 -1.54209137e-01 -1.43624842e-01
 -1.28086075e-01 -1.11932680e-01 -9.84675288e-02 -8.65426436e-02 -7.55152702e-02
 -6.49900585e-02 -5.46851307e-02 -4.43622880e-02 -3.37785259e-02 -2.26757210e-02
 -1.22716064e-02 -2.94219842e-03  5.47788106e-03  1.29375579e-02  1.94115583e-02
  2.47731134e-02  2.95229908e-02  3.49811278e-02  4.09543104e-02  4.73211035e-02
  5.40029965e-02  6.09451719e-02  6.81049749e-02  7.54452795e-02  8.29306394e-02
  9.05252323e-02  9.81915817e-02  1.05889872e-01  1.13577589e-01  1.21209517e-01
  1.28738001e-01  1.36113569e-01  1.43285766e-01  1.50204465e-01  1.56821281e-01
  1.63091093e-01  1.68973789e-01  1.74435645e-01  1.79450676e-01  1.84001431e-01
  1.88079432e-01  1.91685081e-01  1.94827050e-01  1.97521389e-01  1.99790224e-01
 -7.32117966e-02 -8.13199729e-02 -9.01293680e-02 -9.97454226e-02 -1.10182881e-01
 -1.21293686e-01 -1.31549910e-01 -1.38741404e-01 -1.42484993e-01 -1.42762020e-01
 -1.44092560e-01 -1.47746429e-01 -1.52084187e-01 -1.55181617e-01 -1.56655326e-01
 -1.56385452e-01 -1.54252231e-01 -1.50089115e-01 -1.43670395e-01 -1.34733811e-01
 -1.23231493e-01 -1.10871129e-01 -9.92041230e-02 -8.82189423e-02 -7.77124837e-02
 -6.74807206e-02 -5.73342927e-02 -4.70852554e-02 -3.65206972e-02 -2.54095718e-02
 -1.49222752e-02 -5.44942915e-03  3.15520121e-03  1.08824521e-02  1.76876038e-02
  2.34289896e-02  2.86469907e-02  3.45947929e-02  4.10943292e-02  4.80281524e-02
  5.53200319e-02  6.29155040e-02  7.07713664e-02  7.88494796e-02  8.71129557e-02
  9.55236480e-02  1.04040504e-01  1.12618446e-01  1.21207729e-01  1.29753649e-01
  1.38196796e-01  1.46473661e-01  1.54517964e-01  1.62262380e-01  1.69640869e-01
  1.76591292e-01  1.83058202e-01  1.88995436e-01  1.94368348e-01  1.99155256e-01
  2.03348115e-01  2.06952244e-01  2.09985167e-01  2.12474778e-01  2.14457080e-01
 -7.72509724e-02 -8.58525559e-02 -9.53510478e-02 -1.06167987e-01 -1.18489884e-01
 -1.28469601e-01 -1.35243148e-01 -1.38698682e-01 -1.38750330e-01 -1.38293788e-01
 -1.38598770e-01 -1.39570847e-01 -1.40722468e-01 -1.41499728e-01 -1.41472608e-01
 -1.40357077e-01 -1.37965724e-01 -1.34174466e-01 -1.28924266e-01 -1.22261859e-01
 -1.14407666e-01 -1.05757944e-01 -9.67175663e-02 -8.75364915e-02 -7.83104971e-02
 -6.90445751e-02 -5.97003661e-02 -5.02235666e-02 -4.05675508e-02 -3.07773631e-02
 -2.12331731e-02 -1.21825291e-02 -3.65536916e-03  4.34442051e-03  1.18170753e-02
  1.87999755e-02  2.56079547e-02  3.26759629e-02  4.00909074e-02  4.78527844e-02
  5.59455194e-02  6.43480271e-02  7.30365291e-02  8.19844976e-02  9.11617875e-02
  1.00533418e-01  1.10058442e-01  1.19688734e-01  1.29368126e-01  1.39031693e-01
  1.48605734e-01  1.58008307e-01  1.67150795e-01  1.75940484e-01  1.84284270e-01
  1.92093045e-01  1.99286759e-01  2.05799162e-01  2.11581916e-01  2.16607347e-01
  2.20869496e-01  2.24383354e-01  2.27182522e-01  2.29315504e-01  2.30841458e-01
 -7.99828991e-02 -8.83805156e-02 -9.73695219e-02 -1.07295185e-01 -1.17906868e-01
 -1.24872707e-01 -1.27736166e-01 -1.28763214e-01 -1.29424229e-01 -1.29926801e-01
 -1.30390480e-01 -1.30807459e-01 -1.31050572e-01 -1.30926192e-01 -1.30232438e-01
 -1.28795892e-01 -1.26487061e-01 -1.23226345e-01 -1.18989959e-01 -1.13817021e-01
 -1.07810251e-01 -1.01119071e-01 -9.39042792e-02 -8.63027126e-02 -7.84105211e-02
 -7.02861249e-02 -6.19634539e-02 -5.34690544e-02 -4.48413566e-02 -3.61479931e-02
 -2.74826009e-02 -1.89308859e-02 -1.05430847e-02 -2.33139005e-03  5.72885992e-03
  1.37049602e-02  2.17060111e-02  2.98514962e-02  3.82316709e-02  4.68991995e-02
  5.58797307e-02  6.51819333e-02  7.48032257e-02  8.47323239e-02  9.49499980e-02
  1.05428696e-01  1.16131470e-01  1.27010450e-01  1.38005182e-01  1.49040908e-01
  1.60027504e-01  1.70859084e-01  1.81415424e-01  1.91565245e-01  2.01171994e-01
  2.10101709e-01  2.18232304e-01  2.25463003e-01  2.31722355e-01  2.36973628e-01
  2.41216719e-01  2.44486168e-01  2.46845901e-01  2.48381600e-01  2.49192074e-01
 -8.22783485e-02 -8.99966955e-02 -9.73193869e-02 -1.04434527e-01 -1.10974059e-01
 -1.14783786e-01 -1.17407866e-01 -1.19257599e-01 -1.20583899e-01 -1.21541835e-01
 -1.22212298e-01 -1.22610472e-01 -1.22696824e-01 -1.22394629e-01 -1.21610656e-01
 -1.20253801e-01 -1.18248828e-01 -1.15545504e-01 -1.12124056e-01 -1.07997008e-01
 -1.03206567e-01 -9.78168920e-02 -9.19026658e-02 -8.55375603e-02 -7.87864253e-02
 -7.17028305e-02 -6.43310770e-02 -5.67109175e-02 -4.88824099e-02 -4.08882238e-02
 -3.27711627e-02 -2.45673377e-02 -1.62988324e-02 -7.96895660e-03  4.39471100e-04
  8.96301027e-03  1.76526513e-02  2.65649501e-02  3.57525311e-02  4.52580713e-02
  5.51126450e-02  6.53364882e-02  7.59403184e-02  8.69260952e-02  9.82870609e-02
  1.10006846e-01  1.22057728e-01  1.34398043e-01  1.46968812e-01  1.59689829e-01
  1.72455594e-01  1.85132012e-01  1.97555289e-01  2.09534869e-01  2.20861748e-01
  2.31322825e-01  2.40719482e-01  2.48887211e-01  2.55712539e-01  2.61144340e-01
  2.65197188e-01  2.67946661e-01  2.69517034e-01  2.70063996e-01  2.69756615e-01
 -8.66050199e-02 -9.45546627e-02 -9.86714587e-02 -1.01786248e-01 -1.04892559e-01
 -1.07602090e-01 -1.09829918e-01 -1.11622550e-01 -1.13046788e-01 -1.14153780e-01
 -1.14969164e-01 -1.15491539e-01 -1.15695328e-01 -1.15536906e-01 -1.14962675e-01
 -1.13917410e-01 -1.12351887e-01 -1.10228717e-01 -1.07526392e-01 -1.04240835e-01
 -1.00384600e-01 -9.59838182e-02 -9.10736546e-02 -8.56934339e-02 -7.98827037e-02
 -7.36788362e-02 -6.71162456e-02 -6.02266379e-02 -5.30393980e-02 -4.55814153e-02
 -3.78757678e-02 -2.99395062e-02 -2.17812154e-02 -1.33992173e-02 -4.78093140e-03
  4.09629196e-03  1.32629126e-02  2.27538962e-02  3.26051898e-02  4.28508259e-02
  5.35210781e-02  6.46415204e-02  7.62325823e-02  8.83091018e-02  1.00879520e-01
  1.13944411e-01  1.27493992e-01  1.41504318e-01  1.55931696e-01  1.70705065e-01
  1.85716063e-01  2.00807661e-01  2.15763658e-01  2.30304360e-01  2.44095176e-01
  2.56773531e-01  2.67990440e-01  2.77455509e-01  2.84973711e-01  2.90468663e-01
  2.93990463e-01  2.95705348e-01  2.95865804e-01  2.94767857e-01  2.92708725e-01
 -8.86124372e-02 -9.65337232e-02 -9.89744514e-02 -9.97583717e-02 -1.01015612e-01
 -1.02483653e-01 -1.03982031e-01 -1.05408818e-01 -1.06708042e-01 -1.07844599e-01
 -1.08789004e-01 -1.09509498e-01 -1.09969012e-01 -1.10125139e-01 -1.09932013e-01
 -1.09343231e-01 -1.08315103e-01 -1.06810205e-01 -1.04800835e-01 -1.02270879e-01
 -9.92160365e-02 -9.56426933e-02 -9.15655941e-02 -8.70045051e-02 -8.19816217e-02
 -7.65197650e-02 -7.06410557e-02 -6.43661544e-02 -5.77135868e-02 -5.06990962e-02
 -4.33347337e-02 -3.56278457e-02 -2.75800675e-02 -1.91866178e-02 -1.04360459e-02
 -1.31058914e-03  8.21291935e-03  1.81617606e-02  2.85659097e-02  3.94567475e-02
  5.08660823e-02  6.28254935e-02  7.53658935e-02  8.85171443e-02  1.02307454e-01
  1.16762288e-01  1.31902292e-01  1.47739664e-01  1.64271951e-01  1.81471631e-01
  1.99269071e-01  2.17526004e-01  2.35997766e-01  2.54291385e-01  2.71846205e-01
  2.87982792e-01  3.02026302e-01  3.13428909e-01  3.21836054e-01  3.27119201e-01
  3.29400808e-01  3.29056114e-01  3.26642781e-01  3.22764963e-01  3.17956477e-01
 -8.71117711e-02 -9.47706774e-02 -9.63400453e-02 -9.62532684e-02 -9.66960862e-02
 -9.75178480e-02 -9.85888168e-02 -9.97996777e-02 -1.01062283e-01 -1.02305204e-01
 -1.03468135e-01 -1.04497269e-01 -1.05341956e-01 -1.05952762e-01 -1.06280304e-01
 -1.06274717e-01 -1.05885565e-01 -1.05063543e-01 -1.03769042e-01 -1.01974145e-01
 -9.96629447e-02 -9.68315303e-02 -9.34868082e-02 -8.96386355e-02 -8.52983817e-02
 -8.04784521e-02 -7.51910731e-02 -6.94475025e-02 -6.32574484e-02 -5.66284172e-02
 -4.95650806e-02 -4.20686156e-02 -3.41361798e-02 -2.57604662e-02 -1.69295054e-02
 -7.62666296e-03  2.16913340e-03  1.24830324e-02  2.33438741e-02  3.47838812e-02
  4.68385071e-02  5.95465265e-02  7.29503334e-02  8.70964304e-02  1.02036074e-01
  1.17825888e-01  1.34528264e-01  1.52211145e-01  1.70946315e-01  1.90804422e-01
  2.11842716e-01  2.34076008e-01  2.57407606e-01  2.81470418e-01  3.05353105e-01
  3.27441961e-01  3.46216232e-01  3.60720277e-01  3.70377004e-01  3.74910563e-01
  3.74419153e-01  3.69711369e-01  3.62349540e-01  3.53705108e-01  3.44671696e-01
 -8.26185793e-02 -8.99482444e-02 -9.13053676e-02 -9.09264237e-02 -9.11258310e-02
 -9.18019861e-02 -9.28453580e-02 -9.41495746e-02 -9.56183076e-02 -9.71673131e-02
 -9.87235680e-02 -1.00223169e-01 -1.01608910e-01 -1.02827869e-01 -1.03828818e-01
 -1.04558341e-01 -1.04953207e-01 -1.04922123e-01 -1.04407400e-01 -1.03369243e-01
 -1.01781093e-01 -9.96338651e-02 -9.69551876e-02 -9.37501714e-02 -9.00211781e-02
 -8.57743695e-02 -8.10146332e-02 -7.57456943e-02 -6.99705109e-02 -6.36904761e-02
 -5.69049157e-02 -4.96106930e-02 -4.18017916e-02 -3.34689245e-02 -2.45992411e-02
 -1.51761118e-02 -5.17893722e-03  5.41701121e-03  1.66408066e-02  2.85261963e-02
  4.11121286e-02  5.44435568e-02  6.85726106e-02  8.35602432e-02  9.94784385e-02
  1.16413243e-01  1.34468839e-01  1.53773084e-01  1.74485251e-01  1.96807146e-01
  2.20999733e-01  2.47410387e-01  2.76524782e-01  3.09103251e-01  3.45835716e-01
  3.79004151e-01  4.05350566e-01  4.24663484e-01  4.36501473e-01  4.39916700e-01
  4.34658319e-01  4.19046640e-01  4.01474446e-01  3.85160029e-01  3.70342642e-01
 -7.54918084e-02 -8.24959278e-02 -8.38350281e-02 -8.35204944e-02 -8.39087144e-02
 -8.48842114e-02 -8.63119289e-02 -8.80683288e-02 -9.00467485e-02 -9.21572447e-02
 -9.43243131e-02 -9.64841843e-02 -9.85824019e-02 -1.00572206e-01 -1.02414072e-01
 -1.04077779e-01 -1.05550542e-01 -1.06480718e-01 -1.06850490e-01 -1.06625728e-01
 -1.05755493e-01 -1.04159087e-01 -1.02095284e-01 -9.94933993e-02 -9.63237137e-02
 -9.26040635e-02 -8.83313641e-02 -8.35004821e-02 -7.81101435e-02 -7.21573085e-02
 -6.56371936e-02 -5.85437305e-02 -5.08688800e-02 -4.26021852e-02 -3.37305032e-02
 -2.42375582e-02 -1.41035318e-02 -3.30457231e-03  8.18775687e-03  2.04071663e-02
  3.33935730e-02  4.71943468e-02  6.18660301e-02  7.74767101e-02  9.41092521e-02
  1.11865848e-01  1.30874395e-01  1.51297718e-01  1.73347235e-01  1.97303876e-01
  2.23551303e-01  2.52631068e-01  2.85335183e-01  3.22846770e-01  3.66827905e-01
  4.12052512e-01  4.47092474e-01  4.71855074e-01  4.86584753e-01  4.91111636e-01
  4.83885646e-01  4.63959336e-01  4.34940815e-01  4.10470307e-01  3.90009820e-01
 -6.54669851e-02 -7.21798614e-02 -7.33588785e-02 -7.35440925e-02 -7.46906176e-02
 -7.65105784e-02 -7.87975416e-02 -8.14024657e-02 -8.42158049e-02 -8.71540681e-02
 -9.01513025e-02 -9.31538120e-02 -9.61167514e-02 -9.90017056e-02 -1.01774223e-01
 -1.04399547e-01 -1.06832199e-01 -1.08709551e-01 -1.10014014e-01 -1.10719137e-01
 -1.10795565e-01 -1.10219039e-01 -1.08988740e-01 -1.07061476e-01 -1.04354866e-01
 -1.01141922e-01 -9.73440260e-02 -9.29260254e-02 -8.79026800e-02 -8.22660178e-02
 -7.60055482e-02 -6.91145957e-02 -6.15844093e-02 -5.34043014e-02 -4.45620529e-02
 -3.50430943e-02 -2.48298123e-02 -1.39008956e-02 -2.23068777e-03  1.02115925e-02
  2.34628245e-02  3.75672542e-02  5.25782146e-02  6.85603768e-02  8.55928659e-02
  1.03773385e-01  1.23224013e-01  1.44099087e-01  1.66596323e-01  1.90972388e-01
  2.17564419e-01  2.46818826e-01  2.79325873e-01  3.15853238e-01  3.57366830e-01
  4.04739290e-01  4.45013940e-01  4.73824173e-01  4.91591275e-01  4.98444498e-01
  4.94656801e-01  4.78668749e-01  4.50151801e-01  4.21028167e-01  3.97753388e-01
 -5.01059294e-02 -5.58604300e-02 -5.82787655e-02 -6.03820011e-02 -6.33575022e-02
 -6.67719617e-02 -7.04473555e-02 -7.42869377e-02 -7.82271251e-02 -8.22206661e-02
 -8.62297341e-02 -9.02228951e-02 -9.41738412e-02 -9.80614722e-02 -1.01871558e-01
 -1.05601311e-01 -1.08895570e-01 -1.11689098e-01 -1.13934800e-01 -1.15593545e-01
 -1.16630726e-01 -1.17015719e-01 -1.16721839e-01 -1.15721293e-01 -1.13991059e-01
 -1.11532010e-01 -1.08299725e-01 -1.04209110e-01 -9.95491296e-02 -9.42344591e-02
 -8.82264823e-02 -8.15388262e-02 -7.41613731e-02 -6.60815984e-02 -5.72910272e-02
 -4.77790199e-02 -3.75322364e-02 -2.65339948e-02 -1.47638302e-02 -2.19698506e-03
  1.11962883e-02  2.54516341e-02  4.06117700e-02  5.67279793e-02  7.38620311e-02
  9.20885280e-02  1.11497872e-01  1.32199749e-01  1.54327229e-01  1.78040981e-01
  2.03532964e-01  2.31027886e-01  2.60780364e-01  2.93066919e-01  3.28184158e-01
  3.66535038e-01  4.05819744e-01  4.33911681e-01  4.52303439e-01  4.61779982e-01
  4.61993724e-01  4.53681707e-01  4.35572475e-01  4.09996510e-01  3.89492840e-01
 -2.90724672e-02 -3.23280729e-02 -3.87342349e-02 -4.52251583e-02 -5.10297716e-02
 -5.65435775e-02 -6.19117506e-02 -6.71948567e-02 -7.24183917e-02 -7.75909945e-02
 -8.27124193e-02 -8.77775103e-02 -9.27783325e-02 -9.77056026e-02 -1.02549784e-01
 -1.07303090e-01 -1.11584008e-01 -1.15355350e-01 -1.18578948e-01 -1.21217154e-01
 -1.23233467e-01 -1.24592967e-01 -1.25262484e-01 -1.25210524e-01 -1.24408253e-01
 -1.22830145e-01 -1.20449178e-01 -1.17243513e-01 -1.13216914e-01 -1.08326226e-01
 -1.02488086e-01 -9.60063562e-02 -8.87932107e-02 -8.08114335e-02 -7.20782652e-02
 -6.25887662e-02 -5.23359813e-02 -4.13090922e-02 -2.94944569e-02 -1.68755092e-02
 -3.43252695e-03  1.08577292e-02  2.60224734e-02  4.20933738e-02  5.91069944e-02
  7.71050975e-02  9.61345509e-02  1.16246529e-01  1.37494326e-01  1.59928739e-01
  1.83589086e-01  2.08486795e-01  2.34575540e-01  2.61696607e-01  2.89470881e-01
  3.17064255e-01  3.42775881e-01  3.64359558e-01  3.80472928e-01  3.90693963e-01
  3.95006180e-01  3.93686652e-01  3.87477905e-01  3.78010839e-01  3.67584616e-01
 -1.36661362e-02 -1.61291361e-02 -2.38696840e-02 -3.23293097e-02 -4.00486775e-02
 -4.72635590e-02 -5.41369468e-02 -6.07747622e-02 -6.72437921e-02 -7.35855401e-02
 -7.98251331e-02 -8.59766677e-02 -9.20461714e-02 -9.80322137e-02 -1.03923202e-01
 -1.09687649e-01 -1.14963956e-01 -1.19726889e-01 -1.23942956e-01 -1.27575114e-01
 -1.30585089e-01 -1.32934481e-01 -1.34585544e-01 -1.35501593e-01 -1.35647565e-01
 -1.34990245e-01 -1.33498505e-01 -1.31144404e-01 -1.27904162e-01 -1.23753272e-01
 -1.18673831e-01 -1.12675801e-01 -1.05722882e-01 -9.77426991e-02 -8.90505165e-02
 -7.95748979e-02 -6.93216994e-02 -5.82819842e-02 -4.64492142e-02 -3.38156037e-02
 -2.03726366e-02 -6.11091731e-03  8.97967350e-03  2.49096770e-02  4.16894071e-02
  5.93278073e-02  7.78305009e-02  9.71966237e-02  1.17413871e-01  1.38450712e-01
  1.60244718e-01  1.82684958e-01  2.05586448e-01  2.28654593e-01  2.51441568e-01
  2.73311764e-01  2.93465406e-01  3.11074048e-01  3.25473160e-01  3.36275935e-01
  3.43388319e-01  3.46998572e-01  3.47572088e-01  3.45809639e-01  3.42504978e-01
 -3.48895276e-03 -5.79087576e-03 -1.35716116e-02 -2.27652155e-02 -3.14787440e-02
 -3.97875831e-02 -4.77762967e-02 -5.55178076e-02 -6.30697832e-02 -7.04756677e-02
 -7.77672902e-02 -8.49678516e-02 -9.20949280e-02 -9.91642624e-02 -1.06195711e-01
 -1.12854227e-01 -1.19075991e-01 -1.24811120e-01 -1.30014673e-01 -1.34643257e-01
 -1.38653889e-01 -1.42003804e-01 -1.44650638e-01 -1.46552682e-01 -1.47669286e-01
 -1.47961244e-01 -1.47391260e-01 -1.45924419e-01 -1.43528685e-01 -1.40175030e-01
 -1.35838687e-01 -1.30499840e-01 -1.24138027e-01 -1.16737872e-01 -1.08306266e-01
 -9.87896398e-02 -8.85344595e-02 -7.74724483e-02 -6.56171665e-02 -5.29677086e-02
 -3.95272523e-02 -2.52998006e-02 -1.02913063e-02  5.48971724e-03  2.20310502e-02
  3.93151045e-02  5.73164821e-02  7.59985074e-02  9.53083485e-02  1.15170538e-01
  1.35478452e-01  1.56083897e-01  1.76785156e-01  1.97315827e-01  2.17338935e-01
  2.36453846e-01  2.54224271e-01  2.70227760e-01  2.84113824e-01  2.95651376e-01
  3.04754883e-01  3.11489493e-01  3.16056997e-01  3.18761736e-01  3.19957882e-01
  4.07662941e-03  1.82970648e-03 -6.25173701e-03 -1.58708058e-02 -2.51779761e-02
 -3.42084914e-02 -4.30049226e-02 -5.16102910e-02 -6.00634739e-02 -6.83973208e-02
 -7.66383037e-02 -8.48070383e-02 -9.29190814e-02 -1.00986123e-01 -1.09018214e-01
 -1.16648614e-01 -1.23840861e-01 -1.30554333e-01 -1.36746109e-01 -1.42371759e-01
 -1.47385776e-01 -1.51742056e-01 -1.55394182e-01 -1.58295915e-01 -1.60401613e-01
 -1.61666662e-01 -1.62047967e-01 -1.61504537e-01 -1.59997970e-01 -1.57493010e-01
 -1.53958261e-01 -1.49366736e-01 -1.43696204e-01 -1.36930972e-01 -1.29063845e-01
 -1.20094635e-01 -1.10046893e-01 -9.88816246e-02 -8.69756043e-02 -7.42686987e-02
 -6.07875250e-02 -4.65456359e-02 -3.15630585e-02 -1.58635974e-02  5.23472845e-04
  1.75620932e-02  3.52074578e-02  5.34032360e-02  7.20780492e-02  9.11412984e-02
  1.10478543e-01  1.29946843e-01  1.49370968e-01  1.68541878e-01  1.87219411e-01
  2.05141157e-01  2.22038299e-01  2.37657338e-01  2.51783431e-01  2.64260828e-01
  2.75005788e-01  2.84010530e-01  2.91337222e-01  2.97103763e-01  3.01463693e-01
  9.48407501e-03  7.19366223e-03 -1.16015226e-03 -1.10678785e-02 -2.07753330e-02
 -3.03163454e-02 -3.97198386e-02 -4.90128249e-02 -5.82195371e-02 -6.73611984e-02
 -7.64557719e-02 -8.55173320e-02 -9.45545956e-02 -1.03566907e-01 -1.12533867e-01
 -1.21100396e-01 -1.29239485e-01 -1.36913925e-01 -1.44080982e-01 -1.50694668e-01
 -1.56706929e-01 -1.62068322e-01 -1.66728675e-01 -1.70637488e-01 -1.73744470e-01
 -1.76000029e-01 -1.77355781e-01 -1.77765191e-01 -1.77184135e-01 -1.75571591e-01
 -1.72890425e-01 -1.69108108e-01 -1.64197728e-01 -1.58139095e-01 -1.50919989e-01
 -1.42537251e-01 -1.32998586e-01 -1.22320645e-01 -1.10546820e-01 -9.76582691e-02
 -8.40606391e-02 -6.97074682e-02 -5.46428375e-02 -3.88999954e-02 -2.25209966e-02
 -5.55375870e-03  1.19468989e-02  2.99169850e-02  4.82809097e-02  6.69491217e-02
  8.58159661e-02  1.04757972e-01  1.23633228e-01  1.42282233e-01  1.60531089e-01
  1.78197086e-01  1.95097029e-01  2.11056992e-01  2.25922480e-01  2.39567190e-01
  2.51898915e-01  2.62861907e-01  2.72435725e-01  2.80631125e-01  2.87484378e-01
  1.28096016e-02  1.03349183e-02  2.07776809e-03 -7.96351861e-03 -1.79164913e-02
 -2.78218500e-02 -3.77005599e-02 -4.75637577e-02 -5.74209280e-02 -6.72821254e-02
 -7.71583393e-02 -8.70618895e-02 -9.70080122e-02 -1.07019179e-01 -1.16767637e-01
 -1.26186371e-01 -1.35221437e-01 -1.43822789e-01 -1.51940629e-01 -1.59524202e-01
 -1.66521430e-01 -1.72879130e-01 -1.78543136e-01 -1.83458850e-01 -1.87571526e-01
 -1.90826893e-01 -1.93171620e-01 -1.94553986e-01 -1.94924474e-01 -1.94236606e-01
 -1.92447618e-01 -1.89519480e-01 -1.85419738e-01 -1.80122703e-01 -1.73610508e-01
 -1.65874347e-01 -1.56915709e-01 -1.46747485e-01 -1.35395899e-01 -1.22898608e-01
 -1.09323211e-01 -9.46774781e-02 -7.93907419e-02 -6.34360239e-02 -4.68787737e-02
 -2.97753550e-02 -1.21826828e-02  5.83595829e-03  2.42089853e-02  4.28555124e-02
  6.16846234e-02  8.05950090e-02  9.94750932e-02  1.18204013e-01  1.36653423e-01
  1.54690310e-01  1.72180429e-01  1.88991994e-01  2.04999074e-01  2.20084175e-01
  2.34139800e-01  2.47069106e-01  2.58786470e-01  2.69218892e-01  2.78308868e-01
  1.45890219e-02  1.17043229e-02  3.63118644e-03 -6.14147726e-03 -1.61765572e-02
 -2.63687093e-02 -3.66642438e-02 -4.70405556e-02 -5.74893542e-02 -6.80096671e-02
 -7.86044896e-02 -8.92789885e-02 -1.00039713e-01 -1.10895492e-01 -1.21480830e-01
 -1.31753311e-01 -1.41666457e-01 -1.51171118e-01 -1.60215929e-01 -1.68747529e-01
 -1.76710814e-01 -1.84049144e-01 -1.90704763e-01 -1.96619123e-01 -2.01733306e-01
 -2.05988616e-01 -2.09327042e-01 -2.11691886e-01 -2.13028520e-01 -2.13285059e-01
 -2.12413251e-01 -2.10369304e-01 -2.07114950e-01 -2.02618420e-01 -1.96855605e-01
 -1.89811230e-01 -1.81479990e-01 -1.71867847e-01 -1.60993263e-01 -1.48888409e-01
 -1.35601088e-01 -1.21193051e-01 -1.05759196e-01 -8.93418789e-02 -7.23912716e-02
 -5.49377613e-02 -3.70196998e-02 -1.86928846e-02 -2.14266038e-05  1.89249385e-02
  3.80714126e-02  5.73382080e-02  7.66407028e-02  9.58898067e-02  1.14992589e-01
  1.33852884e-01  1.52371690e-01  1.70446947e-01  1.87972203e-01  2.04834148e-01
  2.20909014e-01  2.36058831e-01  2.50129759e-01  2.62955338e-01  2.74367303e-01
  1.72383543e-02  1.43045252e-02  5.72763849e-03 -4.54094587e-03 -1.49717713e-02
 -2.55764350e-02 -3.63323838e-02 -4.72247526e-02 -5.82466759e-02 -6.93963841e-02
 -8.06745812e-02 -9.20815468e-02 -1.03612095e-01 -1.15244552e-01 -1.26621872e-01
 -1.37710586e-01 -1.48467243e-01 -1.58842698e-01 -1.68784037e-01 -1.78235516e-01
 -1.87139198e-01 -1.95435315e-01 -2.03062639e-01 -2.09958956e-01 -2.16061413e-01
 -2.21307099e-01 -2.25633532e-01 -2.28979319e-01 -2.31284842e-01 -2.32492983e-01
 -2.32549995e-01 -2.31406346e-01 -2.29017720e-01 -2.25346059e-01 -2.20360637e-01
 -2.14039192e-01 -2.06369057e-01 -1.97348386e-01 -1.86987206e-01 -1.75308481e-01
 -1.62348837e-01 -1.48158804e-01 -1.32802352e-01 -1.16350062e-01 -9.88853425e-02
 -8.09346959e-02 -6.24847412e-02 -4.36166152e-02 -2.43965201e-02 -4.88510914e-03
  1.48586212e-02  3.47758122e-02  5.48072420e-02  7.48932213e-02  9.49735269e-02
  1.14986964e-01  1.34870142e-01  1.54554769e-01  1.73962966e-01  1.92999288e-01
  2.11539149e-01  2.29413480e-01  2.46392697e-01  2.62178719e-01  2.76420683e-01
  1.95444487e-02  1.65401325e-02  7.60281226e-03 -3.24511970e-03 -1.42028425e-02
 -2.52978615e-02 -3.65479775e-02 -4.79622297e-02 -5.95468953e-02 -7.13084713e-02
 -8.32554027e-02 -9.54002514e-02 -1.07764244e-01 -1.20022982e-01 -1.32104456e-01
 -1.43949494e-01 -1.55502558e-01 -1.66707978e-01 -1.77508608e-01 -1.87845290e-01
 -1.97656959e-01 -2.06880659e-01 -2.15451866e-01 -2.23304853e-01 -2.30373085e-01
 -2.36589670e-01 -2.41887897e-01 -2.46201888e-01 -2.49467269e-01 -2.51621813e-01
 -2.52606452e-01 -2.52365947e-01 -2.50849992e-01 -2.48014152e-01 -2.43821025e-01
 -2.38241240e-01 -2.31254667e-01 -2.22851560e-01 -2.13033721e-01 -2.01815650e-01
 -1.89225584e-01 -1.75306782e-01 -1.60118893e-01 -1.43740401e-01 -1.26274854e-01
 -1.07862689e-01 -8.85833427e-02 -6.89327642e-02 -4.89453487e-02 -2.86586583e-02
 -8.11036676e-03  1.26633476e-02  3.36288586e-02  5.47558703e-02  7.60179386e-02
  9.73925069e-02  1.18860103e-01  1.40401945e-01  1.61994874e-01  1.83601514e-01
  2.05152258e-01  2.26512551e-01  2.47426361e-01  2.67432153e-01  2.85794705e-01
  2.11477019e-02  1.80251282e-02  8.54154211e-03 -2.66545708e-03 -1.40178166e-02
 -2.55393181e-02 -3.72457094e-02 -4.91503850e-02 -6.12646341e-02 -7.35983774e-02
 -8.61608759e-02 -9.89615321e-02 -1.12011656e-01 -1.24950968e-01 -1.37733489e-01
 -1.50308713e-01 -1.62622929e-01 -1.74619779e-01 -1.86240256e-01 -1.97422981e-01
 -2.08104268e-01 -2.18218401e-01 -2.27697879e-01 -2.36473754e-01 -2.44476035e-01
 -2.51634151e-01 -2.57877469e-01 -2.63135880e-01 -2.67340422e-01 -2.70424157e-01
 -2.72322744e-01 -2.72975564e-01 -2.72326410e-01 -2.70324677e-01 -2.66926378e-01
 -2.62095124e-01 -2.55803436e-01 -2.48033822e-01 -2.38779888e-01 -2.28047639e-01
 -2.15856522e-01 -2.02240601e-01 -1.87249675e-01 -1.70950219e-01 -1.53426051e-01
 -1.34776652e-01 -1.15109518e-01 -9.45495218e-02 -7.36581162e-02 -5.24606742e-02
 -3.09791900e-02 -9.23084095e-03  1.27735473e-02  3.50311249e-02  5.75487353e-02
  8.03447142e-02  1.03450634e-01  1.26912788e-01  1.50792912e-01  1.75167322e-01
  2.00122103e-01  2.25739047e-01  2.52052665e-01  2.78866649e-01  3.04643661e-01
  2.15757824e-02  1.82489287e-02  8.76631495e-03 -2.70131486e-03 -1.43670915e-02
 -2.62442827e-02 -3.83487679e-02 -5.06952070e-02 -6.32963702e-02 -7.61628076e-02
 -8.93017128e-02 -1.02713227e-01 -1.16380446e-01 -1.29952356e-01 -1.43392906e-01
 -1.56655490e-01 -1.69687271e-01 -1.82431161e-01 -1.94826677e-01 -2.06810459e-01
 -2.18316615e-01 -2.29276955e-01 -2.39621282e-01 -2.49277741e-01 -2.58173257e-01
 -2.66233802e-01 -2.73385167e-01 -2.79553324e-01 -2.84665078e-01 -2.88648993e-01
 -2.91435868e-01 -2.92959899e-01 -2.93159395e-01 -2.91977793e-01 -2.89364845e-01
 -2.85277486e-01 -2.79681176e-01 -2.72550881e-01 -2.63872415e-01 -2.53643453e-01
 -2.41874650e-01 -2.28590772e-01 -2.13831574e-01 -1.97652504e-01 -1.80125058e-01
 -1.61336586e-01 -1.41389862e-01 -1.20404087e-01 -9.85152796e-02 -7.63264596e-02
 -5.38488850e-02 -3.10858712e-02 -8.03089421e-03  1.53348334e-02  3.90453860e-02
  6.31539822e-02  8.77379850e-02  1.12905577e-01  1.38805002e-01  1.65637955e-01
  1.93680599e-01  2.23320380e-01  2.55132377e-01  2.90059596e-01  3.26566517e-01
  2.16074474e-02  1.80812869e-02  8.44453927e-03 -3.22945812e-03 -1.51368454e-02
 -2.73005329e-02 -3.97424065e-02 -5.24791703e-02 -6.55251667e-02 -7.88949728e-02
 -9.26062539e-02 -1.06684268e-01 -1.20816305e-01 -1.34929433e-01 -1.48962483e-01
 -1.62857294e-01 -1.76555201e-01 -1.89995602e-01 -2.03115523e-01 -2.15849400e-01
 -2.28129134e-01 -2.39884302e-01 -2.51042336e-01 -2.61528730e-01 -2.71267623e-01
 -2.80182034e-01 -2.88194329e-01 -2.95226961e-01 -3.01202953e-01 -3.06046665e-01
 -3.09684485e-01 -3.12045783e-01 -3.13063771e-01 -3.12676430e-01 -3.10827643e-01
 -3.07468146e-01 -3.02556872e-01 -2.96061844e-01 -2.87961513e-01 -2.78245956e-01
 -2.66917795e-01 -2.53993452e-01 -2.39503980e-01 -2.23495930e-01 -2.06031889e-01
 -1.87190935e-01 -1.67068854e-01 -1.45778328e-01 -1.23448879e-01 -1.00226231e-01
 -7.67380670e-02 -5.29801473e-02 -2.89364774e-02 -4.57655964e-03  2.01483201e-02
  4.53099832e-02  7.10099638e-02  9.73887220e-02  1.24638729e-01  1.53023392e-01
  1.82904303e-01  2.14778677e-01  2.49324158e-01  2.87430018e-01  3.28269482e-01
  2.14680061e-02  1.77789088e-02  7.61127425e-03 -4.14796453e-03 -1.61825679e-02
 -2.85521150e-02 -4.12717350e-02 -5.43477274e-02 -6.77867308e-02 -8.15980583e-02
 -9.57943127e-02 -1.10391289e-01 -1.25039026e-01 -1.39687300e-01 -1.54282063e-01
 -1.68766737e-01 -1.83082297e-01 -1.97167143e-01 -2.10956946e-01 -2.24384665e-01
 -2.37380520e-01 -2.49872237e-01 -2.61785209e-01 -2.73042738e-01 -2.83566505e-01
 -2.93276787e-01 -3.02093178e-01 -3.09934855e-01 -3.16721469e-01 -3.22373599e-01
 -3.26813698e-01 -3.29966813e-01 -3.31761479e-01 -3.32130790e-01 -3.31013322e-01
 -3.28354299e-01 -3.24106663e-01 -3.18232268e-01 -3.10703099e-01 -3.01502407e-01
 -2.90625900e-01 -2.78082848e-01 -2.63897091e-01 -2.48108089e-01 -2.30771542e-01
 -2.11960137e-01 -1.91763952e-01 -1.70290738e-01 -1.47665754e-01 -1.24031380e-01
 -9.95460600e-02 -7.48469755e-02 -4.99177612e-02 -2.47281827e-02  7.69232516e-04
  2.66434960e-02  5.29905856e-02  7.99408332e-02  1.07669428e-01  1.36411592e-01
  1.66485101e-01  1.98324323e-01  2.32532844e-01  2.69958735e-01  3.10031384e-01
  1.95648763e-02  1.52700255e-02  6.20361371e-03 -5.15179615e-03 -1.72165837e-02
 -2.97701061e-02 -4.27539051e-02 -5.61484881e-02 -6.99495226e-02 -8.41603950e-02
 -9.87893865e-02 -1.13848537e-01 -1.28974795e-01 -1.44120157e-01 -1.59233063e-01
 -1.74258515e-01 -1.89138129e-01 -2.03810245e-01 -2.18209967e-01 -2.32269317e-01
 -2.45917365e-01 -2.59080350e-01 -2.71682054e-01 -2.83643931e-01 -2.94885546e-01
 -3.05324972e-01 -3.14879149e-01 -3.23464662e-01 -3.30998033e-01 -3.37396711e-01
 -3.42579544e-01 -3.46467823e-01 -3.48986030e-01 -3.50062877e-01 -3.49632353e-01
 -3.47634763e-01 -3.44017953e-01 -3.38738322e-01 -3.31762314e-01 -3.23067427e-01
 -3.12643498e-01 -3.00493896e-01 -2.86636710e-01 -2.71105707e-01 -2.53951460e-01
 -2.35241905e-01 -2.15063244e-01 -1.93520248e-01 -1.70736447e-01 -1.46854043e-01
 -1.22033261e-01 -9.64513868e-02 -7.07422942e-02 -4.48868573e-02 -1.88528318e-02
  7.40842801e-03  3.39634642e-02  6.08986467e-02  8.83229077e-02  1.16371281e-01
  1.45209476e-01  1.75041005e-01  2.06124648e-01  2.38851100e-01  2.73228168e-01
  2.08059084e-02  1.67437997e-02  6.68711448e-03 -5.40059200e-03 -1.78603809e-02
 -3.07384413e-02 -4.40399013e-02 -5.77653572e-02 -7.19176829e-02 -8.65021870e-02
 -1.01526082e-01 -1.16999485e-01 -1.32553250e-01 -1.48142308e-01 -1.63717389e-01
 -1.79224908e-01 -1.94607109e-01 -2.09802389e-01 -2.24745512e-01 -2.39367813e-01
 -2.53597438e-01 -2.67359525e-01 -2.80576468e-01 -2.93168247e-01 -3.05052668e-01
 -3.16145897e-01 -3.26362818e-01 -3.35617602e-01 -3.43824327e-01 -3.50897580e-01
 -3.56753260e-01 -3.61309409e-01 -3.64486992e-01 -3.66211087e-01 -3.66411686e-01
 -3.65024954e-01 -3.61994326e-01 -3.57271731e-01 -3.50818902e-01 -3.42608601e-01
 -3.32625836e-01 -3.20869297e-01 -3.07352483e-01 -2.92104900e-01 -2.75173187e-01
 -2.56622076e-01 -2.36535326e-01 -2.15016320e-01 -1.92188621e-01 -1.68196306e-01
 -1.43204108e-01 -1.17397271e-01 -9.09812972e-02 -6.45778626e-02 -3.81808244e-02
 -1.17665892e-02  1.46958251e-02  4.12399322e-02  6.78968802e-02  9.46873575e-02
  1.21606499e-01  1.48593843e-01  1.75469920e-01  2.01797053e-01  2.26648554e-01
  2.18162537e-02  1.77478753e-02  7.09622586e-03 -5.41289570e-03 -1.82540845e-02
 -3.14744078e-02 -4.51010056e-02 -5.91524616e-02 -7.36424178e-02 -8.85805413e-02
 -1.03969827e-01 -1.19797260e-01 -1.35711923e-01 -1.51677623e-01 -1.67647973e-01
 -1.83570042e-01 -1.99385956e-01 -2.15033695e-01 -2.30447412e-01 -2.45557770e-01
 -2.60292053e-01 -2.74574459e-01 -2.88326323e-01 -3.01466346e-01 -3.13911021e-01
 -3.25574934e-01 -3.36371243e-01 -3.46212208e-01 -3.55009824e-01 -3.62676412e-01
 -3.69125366e-01 -3.74272048e-01 -3.78034562e-01 -3.80334884e-01 -3.81099731e-01
 -3.80261838e-01 -3.77761036e-01 -3.73545617e-01 -3.67573410e-01 -3.59813392e-01
 -3.50246757e-01 -3.38868529e-01 -3.25688601e-01 -3.10733289e-01 -2.94046432e-01
 -2.75690496e-01 -2.55747676e-01 -2.34320715e-01 -2.11533681e-01 -1.87532574e-01
 -1.62486017e-01 -1.36586413e-01 -1.10052541e-01 -8.31367150e-02 -5.64738959e-02
 -3.00300326e-02 -3.79340234e-03  2.22319905e-02  4.80238609e-02  7.35332146e-02
  9.86700058e-02  1.23281807e-01  1.47126079e-01  1.69844672e-01  1.90967545e-01
  2.18710992e-02  1.76835153e-02  7.20671192e-03 -5.49710635e-03 -1.85793955e-02
 -3.20574231e-02 -4.59545627e-02 -6.02929592e-02 -7.50944912e-02 -9.03832465e-02
 -1.06190391e-01 -1.22215979e-01 -1.38389021e-01 -1.54649824e-01 -1.70941293e-01
 -1.87205374e-01 -2.03381613e-01 -2.19406456e-01 -2.35213101e-01 -2.50731379e-01
 -2.65887886e-01 -2.80606031e-01 -2.94806302e-01 -3.08406532e-01 -3.21322054e-01
 -3.33466381e-01 -3.44751269e-01 -3.55087519e-01 -3.64385515e-01 -3.72555703e-01
 -3.79509568e-01 -3.85160267e-01 -3.89423698e-01 -3.92219275e-01 -3.93471152e-01
 -3.93109322e-01 -3.91070783e-01 -3.87300789e-01 -3.81754279e-01 -3.74397159e-01
 -3.65207702e-01 -3.54178011e-01 -3.41315389e-01 -3.26643705e-01 -3.10204804e-01
 -2.92059571e-01 -2.72289127e-01 -2.50995815e-01 -2.28303701e-01 -2.04359040e-01
 -1.79329813e-01 -1.53404072e-01 -1.26785323e-01 -9.96811017e-02 -7.28991255e-02
 -4.64934818e-02 -2.04968918e-02  5.05600218e-03  3.01164109e-02  5.46125993e-02
  7.84417540e-02  1.01462409e-01  1.23489603e-01  1.44296959e-01  1.63631052e-01
  2.21528411e-02  1.79047920e-02  7.25396117e-03 -5.58375288e-03 -1.88197047e-02
 -3.24747637e-02 -4.65701893e-02 -6.11265302e-02 -7.61642680e-02 -9.17048603e-02
 -1.07771441e-01 -1.24034405e-01 -1.40446767e-01 -1.56956881e-01 -1.73510075e-01
 -1.90048769e-01 -2.06512347e-01 -2.22836986e-01 -2.38955557e-01 -2.54797548e-01
 -2.70289153e-01 -2.85353363e-01 -2.99910158e-01 -3.13876748e-01 -3.27167839e-01
 -3.39696020e-01 -3.51372153e-01 -3.62106025e-01 -3.71806681e-01 -3.80383372e-01
 -3.87746036e-01 -3.93806249e-01 -3.98478091e-01 -4.01679188e-01 -4.03331667e-01
 -4.03363436e-01 -4.01709259e-01 -3.98312211e-01 -3.93124908e-01 -3.86110991e-01
 -3.77246469e-01 -3.66521329e-01 -3.53940934e-01 -3.39527398e-01 -3.23321074e-01
 -3.05381894e-01 -2.85790473e-01 -2.64649212e-01 -2.42083296e-01 -2.18241289e-01
 -1.93296000e-01 -1.67445332e-01 -1.40914708e-01 -1.13963254e-01 -8.69013369e-02
 -6.04511313e-02 -3.46071720e-02 -9.39196907e-03  1.51498588e-02  3.89527492e-02
  6.19297363e-02  8.39723423e-02  1.04952507e-01  1.24728061e-01  1.43152624e-01
  2.24556476e-02  1.81684941e-02  7.30569940e-03 -5.59566123e-03 -1.89091731e-02
 -3.26703638e-02 -4.68990058e-02 -6.16102926e-02 -7.68189579e-02 -9.25413221e-02
 -1.08795784e-01 -1.25245929e-01 -1.41846627e-01 -1.58548713e-01 -1.75299332e-01
 -1.92042083e-01 -2.08717093e-01 -2.25260973e-01 -2.41606861e-01 -2.57684380e-01
 -2.73419738e-01 -2.88735896e-01 -3.03552657e-01 -3.17786932e-01 -3.31353128e-01
 -3.44163358e-01 -3.56127948e-01 -3.67155969e-01 -3.77155781e-01 -3.86035651e-01
 -3.93704593e-01 -4.00073022e-01 -4.05053854e-01 -4.08563346e-01 -4.10522223e-01
 -4.10856903e-01 -4.09500599e-01 -4.06394690e-01 -4.01490211e-01 -3.94749105e-01
 -3.86145800e-01 -3.75668705e-01 -3.63321722e-01 -3.49125743e-01 -3.33120108e-01
 -3.15363944e-01 -2.95937538e-01 -2.74943322e-01 -2.52506852e-01 -2.28777558e-01
 -2.03929007e-01 -1.78158939e-01 -1.51688695e-01 -1.24761730e-01 -9.76398811e-02
 -7.12049454e-02 -4.54740822e-02 -2.04792973e-02  3.73461680e-03  2.71101985e-02
  4.95775081e-02  7.10553303e-02  9.14538875e-02  1.10679395e-01  1.28640383e-01
  2.22918559e-02  1.78933125e-02  7.34812487e-03 -5.44600608e-03 -1.87425055e-02
 -3.25565338e-02 -4.68790829e-02 -6.17051497e-02 -7.70382211e-02 -9.28887129e-02
 -1.09272093e-01 -1.25849456e-01 -1.42575949e-01 -1.59403428e-01 -1.76280200e-01
 -1.93151012e-01 -2.09956929e-01 -2.26635337e-01 -2.43119955e-01 -2.59340912e-01
 -2.75224805e-01 -2.90694803e-01 -3.05670947e-01 -3.20070177e-01 -3.33806902e-01
 -3.46793145e-01 -3.58939052e-01 -3.70153397e-01 -3.80344182e-01 -3.89419258e-01
 -3.97286981e-01 -4.03857291e-01 -4.09042269e-01 -4.12757397e-01 -4.14922595e-01
 -4.15463239e-01 -4.14311588e-01 -4.11407977e-01 -4.06702280e-01 -4.00155336e-01
 -3.91740501e-01 -3.81445080e-01 -3.69271994e-01 -3.55241150e-01 -3.39391112e-01
 -3.21780473e-01 -3.02489042e-01 -2.81619251e-01 -2.59296834e-01 -2.35671625e-01
 -2.10917577e-01 -1.85232207e-01 -1.58834293e-01 -1.31958887e-01 -1.04845956e-01
 -7.84080699e-02 -5.27192317e-02 -2.78286226e-02 -3.78167396e-03  1.93716362e-02
  4.15742993e-02  6.27627671e-02  8.28692615e-02  1.01825394e-01  1.19566619e-01
  2.23230068e-02  1.76285375e-02  7.77558610e-03 -4.71829716e-03 -1.80782769e-02
 -3.20147090e-02 -4.64595892e-02 -6.13953769e-02 -7.68240839e-02 -9.27575082e-02
 -1.09213196e-01 -1.25854567e-01 -1.42638505e-01 -1.59518510e-01 -1.76444322e-01
 -1.93361968e-01 -2.10213587e-01 -2.26937577e-01 -2.43468508e-01 -2.59737253e-01
 -2.75671005e-01 -2.91193545e-01 -3.06225300e-01 -3.20683658e-01 -3.34483325e-01
 -3.47536504e-01 -3.59753549e-01 -3.71043354e-01 -3.81313860e-01 -3.90472919e-01
 -3.98428828e-01 -4.05091226e-01 -4.10372108e-01 -4.14186597e-01 -4.16454166e-01
 -4.17099863e-01 -4.16055411e-01 -4.13260639e-01 -4.08664793e-01 -4.02228117e-01
 -3.93923253e-01 -3.83736819e-01 -3.71671021e-01 -3.57745111e-01 -3.41996968e-01
 -3.24484617e-01 -3.05287451e-01 -2.84507602e-01 -2.62271017e-01 -2.38728434e-01
 -2.14056149e-01 -1.88456967e-01 -1.62161365e-01 -1.35430157e-01 -1.08560398e-01
 -8.18996951e-02 -5.61221316e-02 -3.12185343e-02 -7.20532471e-03  1.58838127e-02
  3.80029641e-02  5.90978973e-02  7.91098401e-02  9.79794636e-02  1.15651220e-01
  2.59261690e-02  2.19661370e-02  1.06159123e-02 -3.01479176e-03 -1.68801118e-02
 -3.10943611e-02 -4.57057506e-02 -6.07427582e-02 -7.62298703e-02 -9.21918601e-02
 -1.08654663e-01 -1.25288993e-01 -1.42055139e-01 -1.58908725e-01 -1.75801113e-01
 -1.92679614e-01 -2.09487602e-01 -2.26164564e-01 -2.42646083e-01 -2.58863956e-01
 -2.74746329e-01 -2.90217638e-01 -3.05199116e-01 -3.19608808e-01 -3.33361924e-01
 -3.46371293e-01 -3.58547688e-01 -3.69800448e-01 -3.80037993e-01 -3.89168441e-01
 -3.97100419e-01 -4.03743893e-01 -4.09010977e-01 -4.12817061e-01 -4.15081710e-01
 -4.15730029e-01 -4.14693803e-01 -4.11912739e-01 -4.07336056e-01 -4.00923759e-01
 -3.92648220e-01 -3.82495761e-01 -3.70468110e-01 -3.56583953e-01 -3.40880603e-01
 -3.23415250e-01 -3.04266483e-01 -2.83535540e-01 -2.61347324e-01 -2.37851486e-01
 -2.13223159e-01 -1.87663943e-01 -1.61403045e-01 -1.34699821e-01 -1.07849628e-01
 -8.11975449e-02 -5.54112457e-02 -3.04824412e-02 -6.42875396e-03  1.67141352e-02
  3.88972163e-02  6.00619279e-02  8.01439807e-02  9.90776345e-02  1.16800509e-01
  2.74416264e-02  2.36374587e-02  1.22348890e-02 -1.66264211e-03 -1.57690439e-02
 -3.01415045e-02 -4.48348857e-02 -5.98943345e-02 -7.53590986e-02 -9.12658274e-02
 -1.07650414e-01 -1.24194592e-01 -1.40860096e-01 -1.57602891e-01 -1.74374983e-01
 -1.91124618e-01 -2.07796320e-01 -2.24330753e-01 -2.40664706e-01 -2.56731093e-01
 -2.72459090e-01 -2.87774146e-01 -3.02598417e-01 -3.16850811e-01 -3.30447435e-01
 -3.43301892e-01 -3.55325758e-01 -3.66429180e-01 -3.76521230e-01 -3.85510862e-01
 -3.93307358e-01 -3.99821430e-01 -4.04965848e-01 -4.08656597e-01 -4.10813987e-01
 -4.11363631e-01 -4.10237819e-01 -4.07376736e-01 -4.02729988e-01 -3.96257877e-01
 -3.87932867e-01 -3.77741337e-01 -3.65684777e-01 -3.51781577e-01 -3.36068332e-01
 -3.18601429e-01 -2.99458146e-01 -2.78738111e-01 -2.56563991e-01 -2.33082384e-01
 -2.08463833e-01 -1.82902277e-01 -1.56612903e-01 -1.29827127e-01 -1.02781676e-01
 -7.63638467e-02 -5.06452285e-02 -2.56744362e-02 -1.49867823e-03  2.18271781e-02
  4.42373678e-02  6.56552017e-02  8.59953612e-02  1.05168298e-01  1.23086415e-01
  2.83163954e-02  2.46625599e-02  1.28770210e-02 -1.01958460e-03 -1.51081737e-02
 -2.94391029e-02 -4.40561175e-02 -5.90025336e-02 -7.43203238e-02 -9.00517479e-02
 -1.06244020e-01 -1.22611083e-01 -1.39093012e-01 -1.55639797e-01 -1.72202826e-01
 -1.88731536e-01 -2.05172032e-01 -2.21466541e-01 -2.37553298e-01 -2.53366530e-01
 -2.68836647e-01 -2.83890307e-01 -2.98450708e-01 -3.12437862e-01 -3.25768977e-01
 -3.38358670e-01 -3.50119650e-01 -3.60963076e-01 -3.70799184e-01 -3.79537970e-01
 -3.87089908e-01 -3.93366784e-01 -3.98282528e-01 -4.01754290e-01 -4.03703451e-01
 -4.04056787e-01 -4.02747571e-01 -3.99717093e-01 -3.94915760e-01 -3.88304681e-01
 -3.79857033e-01 -3.69559497e-01 -3.57413799e-01 -3.43438208e-01 -3.27668875e-01
 -3.10161233e-01 -2.90991277e-01 -2.70256698e-01 -2.48077989e-01 -2.24598989e-01
 -1.99987635e-01 -1.74435824e-01 -1.48158833e-01 -1.21393301e-01 -9.43931341e-02
 -6.79970160e-02 -4.22163010e-02 -1.70791782e-02  7.36993598e-03  3.10686529e-02
  5.39347008e-02  7.58651271e-02  9.67378989e-02  1.16417088e-01  1.34762421e-01
  2.74846964e-02  2.38811318e-02  1.26213208e-02 -1.10138603e-03 -1.50011145e-02
 -2.91170869e-02 -4.34946790e-02 -5.81761003e-02 -7.31984898e-02 -8.85926336e-02
 -1.04379818e-01 -1.20562740e-01 -1.36801749e-01 -1.53071523e-01 -1.69335201e-01
 -1.85548320e-01 -2.01660469e-01 -2.17616215e-01 -2.33355522e-01 -2.48814076e-01
 -2.63923556e-01 -2.78611898e-01 -2.92803526e-01 -3.06419671e-01 -3.19378734e-01
 -3.31596702e-01 -3.42987567e-01 -3.53463888e-01 -3.62937361e-01 -3.71319383e-01
 -3.78522009e-01 -3.84458572e-01 -3.89044642e-01 -3.92199010e-01 -3.93844724e-01
 -3.93910140e-01 -3.92330319e-01 -3.89047980e-01 -3.84015173e-01 -3.77194285e-01
 -3.68559688e-01 -3.58099133e-01 -3.45814973e-01 -3.31725717e-01 -3.15867394e-01
 -2.98294634e-01 -2.79082060e-01 -2.58325309e-01 -2.36141995e-01 -2.12672770e-01
 -1.88082442e-01 -1.62561566e-01 -1.36328936e-01 -1.09635621e-01 -8.27702880e-02
 -5.63959591e-02 -3.04938685e-02 -5.07428451e-03  1.98272467e-02  4.41479236e-02
  6.77925721e-02  9.06274617e-02  1.12476125e-01  1.33121565e-01  1.52320340e-01
  2.59868540e-02  2.24527251e-02  1.14072161e-02 -1.99459260e-03 -1.55175598e-02
 -2.92378999e-02 -4.32160646e-02 -5.74963503e-02 -7.21133798e-02 -8.70962068e-02
 -1.02470741e-01 -1.18262462e-01 -1.34111613e-01 -1.49983853e-01 -1.65839657e-01
 -1.81634113e-01 -1.97317302e-01 -2.12834597e-01 -2.28126884e-01 -2.43130878e-01
 -2.57779360e-01 -2.72001415e-01 -2.85722703e-01 -2.98865795e-01 -3.11350524e-01
 -3.23094308e-01 -3.34012717e-01 -3.44020009e-01 -3.53029609e-01 -3.60954821e-01
 -3.67709577e-01 -3.73209268e-01 -3.77371550e-01 -3.80117446e-01 -3.81372124e-01
 -3.81066322e-01 -3.79137248e-01 -3.75530005e-01 -3.70198697e-01 -3.63107920e-01
 -3.54233921e-01 -3.43566060e-01 -3.31108123e-01 -3.16879541e-01 -3.00916642e-01
 -2.83273757e-01 -2.64024198e-01 -2.43261069e-01 -2.21097976e-01 -1.97669432e-01
 -1.73131466e-01 -1.47662744e-01 -1.21468030e-01 -9.47887972e-02 -6.83167726e-02
 -4.20674495e-02 -1.60447676e-02  9.74420272e-03  3.52789126e-02  6.05142675e-02
  8.53657126e-02  1.09688245e-01  1.33249447e-01  1.55704886e-01  1.76601619e-01
  2.33660284e-02  1.98142864e-02  8.85663833e-03 -3.82098672e-03 -1.66509431e-02
 -2.97601391e-02 -4.31833901e-02 -5.69407120e-02 -7.10505694e-02 -8.55324790e-02
 -1.00407600e-01 -1.15699112e-01 -1.31048605e-01 -1.46417603e-01 -1.61763832e-01
 -1.77040875e-01 -1.92198157e-01 -2.07180977e-01 -2.21930608e-01 -2.36384407e-01
 -2.50476092e-01 -2.64135778e-01 -2.77290463e-01 -2.89864033e-01 -3.01777929e-01
 -3.12951267e-01 -3.23301405e-01 -3.32744598e-01 -3.41196299e-01 -3.48572105e-01
 -3.54788303e-01 -3.59762788e-01 -3.63415837e-01 -3.65671098e-01 -3.66456687e-01
 -3.65706176e-01 -3.63359749e-01 -3.59365463e-01 -3.53680462e-01 -3.46272171e-01
 -3.37119669e-01 -3.26214880e-01 -3.13563854e-01 -2.99187958e-01 -2.83124804e-01
 -2.65429407e-01 -2.46174678e-01 -2.25452065e-01 -2.03371525e-01 -1.80060714e-01
 -1.55662835e-01 -1.30331114e-01 -1.04215950e-01 -7.80987963e-02 -5.19900806e-02
 -2.58783307e-02  2.61055771e-04  2.64591202e-02  5.27467653e-02  7.91457891e-02
  1.05653569e-01  1.32213712e-01  1.58654615e-01  1.84554756e-01  2.09019676e-01
  1.83193721e-02  1.42866271e-02  5.24331862e-03 -6.06042659e-03 -1.80248134e-02
 -3.04419827e-02 -4.32453454e-02 -5.64144216e-02 -6.99482039e-02 -8.38559121e-02
 -9.81529579e-02 -1.12858802e-01 -1.27620265e-01 -1.42396897e-01 -1.57144517e-01
 -1.71815380e-01 -1.86358169e-01 -2.00717941e-01 -2.14836210e-01 -2.28650972e-01
 -2.42096752e-01 -2.55104870e-01 -2.67603636e-01 -2.79518485e-01 -2.90772587e-01
 -3.01286966e-01 -3.10981095e-01 -3.19773465e-01 -3.27581972e-01 -3.34324867e-01
 -3.39921206e-01 -3.44291806e-01 -3.47360104e-01 -3.49053085e-01 -3.49302262e-01
 -3.48044753e-01 -3.45224470e-01 -3.40793222e-01 -3.34711909e-01 -3.26951832e-01
 -3.17495823e-01 -3.06339473e-01 -2.93492287e-01 -2.78978735e-01 -2.62839258e-01
 -2.45131046e-01 -2.25928754e-01 -2.05324963e-01 -1.83430657e-01 -1.60375670e-01
 -1.36309564e-01 -1.11404151e-01 -8.58603567e-02 -6.02817759e-02 -3.45908217e-02
 -8.71790294e-03  1.74131934e-02  4.38930616e-02  7.08318576e-02  9.83637944e-02
  1.26652002e-01  1.55895576e-01  1.86346531e-01  2.18383983e-01  2.52016515e-01
  1.64365899e-02  1.27527975e-02  3.56228626e-03 -7.61190103e-03 -1.91398747e-02
 -3.10242679e-02 -4.32564504e-02 -5.58319017e-02 -6.87539876e-02 -8.20332542e-02
 -9.56861600e-02 -1.09733663e-01 -1.23833686e-01 -1.37943670e-01 -1.52017161e-01
 -1.66004941e-01 -1.79855123e-01 -1.93512782e-01 -2.06919909e-01 -2.20015272e-01
 -2.32734531e-01 -2.45010301e-01 -2.56772369e-01 -2.67948031e-01 -2.78462321e-01
 -2.88238466e-01 -2.97198325e-01 -3.05262923e-01 -3.12353015e-01 -3.18389773e-01
 -3.23295563e-01 -3.26994568e-01 -3.29413950e-01 -3.30484450e-01 -3.30141634e-01
 -3.28326941e-01 -3.24988604e-01 -3.20082992e-01 -3.13575715e-01 -3.05442840e-01
 -2.95671970e-01 -2.84263521e-01 -2.71231711e-01 -2.56605566e-01 -2.40429834e-01
 -2.22765505e-01 -2.03690410e-01 -1.83299452e-01 -1.61704719e-01 -1.39035717e-01
 -1.15439452e-01 -9.10798758e-02 -6.65339231e-02 -4.17761430e-02 -1.67530663e-02
  8.61109700e-03  3.44170444e-02  6.07971475e-02  8.79258141e-02  1.16034426e-01
  1.45433307e-01  1.76544726e-01  2.09953889e-01  2.46481702e-01  2.85577267e-01
  1.45156374e-02  1.10292155e-02  1.88296800e-03 -9.01036523e-03 -2.01480873e-02
 -3.15506309e-02 -4.32299487e-02 -5.51984981e-02 -6.74707592e-02 -8.00644308e-02
 -9.30019990e-02 -1.06314465e-01 -1.19696371e-01 -1.33083284e-01 -1.46422178e-01
 -1.59662604e-01 -1.72753066e-01 -1.85639650e-01 -1.98265478e-01 -2.10570633e-01
 -2.22492203e-01 -2.33964399e-01 -2.44918808e-01 -2.55284697e-01 -2.64989346e-01
 -2.73958385e-01 -2.82116383e-01 -2.89387226e-01 -2.95694858e-01 -3.00963819e-01
 -3.05120081e-01 -3.08091760e-01 -3.09810102e-01 -3.10210258e-01 -3.09232444e-01
 -3.06822836e-01 -3.02934855e-01 -2.97530144e-01 -2.90579826e-01 -2.82065570e-01
 -2.71980822e-01 -2.60331988e-01 -2.47139201e-01 -2.32437611e-01 -2.16277853e-01
 -1.98726773e-01 -1.79867372e-01 -1.59798488e-01 -1.38633832e-01 -1.16502859e-01
 -9.35507491e-02 -7.03542903e-02 -4.68968078e-02 -2.31468193e-02  9.46737069e-04
  2.54583191e-02  5.04912771e-02  7.61862323e-02  1.02733515e-01  1.30391344e-01
  1.59512103e-01  1.90578580e-01  2.24247202e-01  2.61378199e-01  3.01172286e-01
  1.19088693e-02  8.54955800e-03 -1.11528898e-04 -1.06396629e-02 -2.13353857e-02
 -3.22119482e-02 -4.32929434e-02 -5.46020083e-02 -6.61613867e-02 -7.79909939e-02
 -9.01069343e-02 -1.02517650e-01 -1.15213856e-01 -1.27855122e-01 -1.40414387e-01
 -1.52853101e-01 -1.65125549e-01 -1.77181005e-01 -1.88964725e-01 -2.00418562e-01
 -2.11481333e-01 -2.22089082e-01 -2.32175454e-01 -2.41671920e-01 -2.50508219e-01
 -2.58612752e-01 -2.65912950e-01 -2.72336036e-01 -2.77809322e-01 -2.82261223e-01
 -2.85621613e-01 -2.87822992e-01 -2.88801104e-01 -2.88495988e-01 -2.86852956e-01
 -2.83823639e-01 -2.79367059e-01 -2.73450792e-01 -2.66052157e-01 -2.57159263e-01
 -2.46772245e-01 -2.34904319e-01 -2.21582830e-01 -2.06850231e-01 -1.90765023e-01
 -1.73402503e-01 -1.54854983e-01 -1.35229722e-01 -1.14640057e-01 -9.32152420e-02
 -7.15150386e-02 -4.95389700e-02 -2.72774752e-02 -4.70907567e-03  1.82029419e-02
  4.15141694e-02  6.53036758e-02  8.96801800e-02  1.14790760e-01  1.40833676e-01
  1.68078497e-01  1.96901679e-01  2.27860227e-01  2.61865735e-01  2.97432631e-01
  8.97248928e-03  5.78540238e-03 -2.68075010e-03 -1.27951158e-02 -2.29555517e-02
 -3.32084633e-02 -4.35982831e-02 -5.41637465e-02 -6.49370030e-02 -7.59446695e-02
 -8.72093365e-02 -9.87512544e-02 -1.10590763e-01 -1.22379966e-01 -1.34082973e-01
 -1.45657152e-01 -1.57055199e-01 -1.68226093e-01 -1.79115742e-01 -1.89667121e-01
 -1.99820593e-01 -2.09514096e-01 -2.18683407e-01 -2.27262452e-01 -2.35183701e-01
 -2.42378473e-01 -2.48777524e-01 -2.54311502e-01 -2.58911639e-01 -2.62510300e-01
 -2.65041858e-01 -2.66443342e-01 -2.66655535e-01 -2.65623629e-01 -2.63298452e-01
 -2.59637505e-01 -2.54605860e-01 -2.48177528e-01 -2.40336478e-01 -2.31077820e-01
 -2.20408902e-01 -2.08350405e-01 -1.94937274e-01 -1.80219769e-01 -1.64264649e-01
 -1.47157401e-01 -1.29008636e-01 -1.09966330e-01 -9.01086107e-02 -6.99482709e-02
 -4.94992547e-02 -2.87741460e-02 -7.78015889e-03  1.34833623e-02  3.50268558e-02
  5.68722151e-02  7.90542737e-02  1.01621985e-01  1.24638908e-01  1.48182109e-01
  1.72337428e-01  1.97185874e-01  2.22762108e-01  2.48877794e-01  2.74046689e-01
  4.93884552e-03  1.86212000e-03 -6.30497001e-03 -1.58278253e-02 -2.52558123e-02
 -3.47056277e-02 -4.42556590e-02 -5.39580286e-02 -6.38485178e-02 -7.39537627e-02
 -8.42963979e-02 -9.48996842e-02 -1.05793849e-01 -1.16669267e-01 -1.27467260e-01
 -1.38133720e-01 -1.48616344e-01 -1.58862576e-01 -1.68818459e-01 -1.78428128e-01
 -1.87633619e-01 -1.96374938e-01 -2.04590261e-01 -2.12216213e-01 -2.19188198e-01
 -2.25440845e-01 -2.30908424e-01 -2.35525399e-01 -2.39227071e-01 -2.41950184e-01
 -2.43633747e-01 -2.44219765e-01 -2.43654177e-01 -2.41887778e-01 -2.38877147e-01
 -2.34585807e-01 -2.28985205e-01 -2.22055987e-01 -2.13789046e-01 -2.04186752e-01
 -1.93264112e-01 -1.81049600e-01 -1.67585894e-01 -1.52929664e-01 -1.37150809e-01
 -1.20324500e-01 -1.02537513e-01 -8.43561217e-02 -6.57553673e-02 -4.68069613e-02
 -2.75617782e-02 -8.05959571e-03  1.16670793e-02  3.15915793e-02  5.16924523e-02
  7.19528273e-02  9.23591182e-02  1.12898290e-01  1.33552611e-01  1.54289812e-01
  1.75045431e-01  1.95691064e-01  2.15979576e-01  2.35463649e-01  2.53428727e-01
 -1.31318974e-03 -4.56740195e-03 -1.17758447e-02 -2.00948212e-02 -2.83584893e-02
 -3.67267542e-02 -4.52553146e-02 -5.39696068e-02 -6.28839582e-02 -7.20077530e-02
 -8.13477710e-02 -9.09086615e-02 -1.00691415e-01 -1.10687919e-01 -1.20587587e-01
 -1.30335718e-01 -1.39882967e-01 -1.49180025e-01 -1.58175796e-01 -1.66816935e-01
 -1.75047919e-01 -1.82811335e-01 -1.90048099e-01 -1.96697846e-01 -2.02699304e-01
 -2.07990631e-01 -2.12509900e-01 -2.16195688e-01 -2.18987584e-01 -2.20826983e-01
 -2.21657753e-01 -2.21427053e-01 -2.20086277e-01 -2.17591867e-01 -2.13906333e-01
 -2.08999321e-01 -2.02848628e-01 -1.95441425e-01 -1.86775416e-01 -1.76860243e-01
 -1.65718868e-01 -1.53388813e-01 -1.39924064e-01 -1.25393033e-01 -1.09898709e-01
 -9.34847668e-02 -7.66431093e-02 -5.94027005e-02 -4.17976193e-02 -2.38764249e-02
 -5.69167593e-03  1.27035538e-02  3.12567130e-02  4.99159768e-02  6.86300173e-02
  8.73471797e-02  1.06013864e-01  1.24571443e-01  1.42951131e-01  1.61065921e-01
  1.78798914e-01  1.95988253e-01  2.12411419e-01  2.27777421e-01  2.41742134e-01
 -9.55194701e-03 -1.35452868e-02 -1.88265648e-02 -2.50504836e-02 -3.18242647e-02
 -3.89655419e-02 -4.63953428e-02 -5.40744141e-02 -6.19803742e-02 -7.00989813e-02
 -7.84200504e-02 -8.69350284e-02 -9.56347361e-02 -1.04506470e-01 -1.13529652e-01
 -1.22352444e-01 -1.30948260e-01 -1.39278233e-01 -1.47296414e-01 -1.54952601e-01
 -1.62193894e-01 -1.68965504e-01 -1.75211340e-01 -1.80874348e-01 -1.85896844e-01
 -1.90220878e-01 -1.93788648e-01 -1.96543008e-01 -1.98428109e-01 -1.99390069e-01
 -1.99377775e-01 -1.98343739e-01 -1.96244925e-01 -1.93043619e-01 -1.88708216e-01
 -1.83214307e-01 -1.76545843e-01 -1.68696105e-01 -1.59668401e-01 -1.49478197e-01
 -1.38155475e-01 -1.25743225e-01 -1.12316042e-01 -9.78853554e-02 -8.29191431e-02
 -6.73942044e-02 -5.13863489e-02 -3.49587612e-02 -1.81717910e-02 -1.08837162e-03
  1.62249357e-02  3.36979851e-02  5.12573607e-02  6.88267350e-02  8.63272622e-02
  1.03677742e-01  1.20794415e-01  1.37590006e-01  1.53971672e-01  1.69837847e-01
  1.85074136e-01  1.99549228e-01  2.13113084e-01  2.25600094e-01  2.36840039e-01
 -1.50394859e-02 -1.90652367e-02 -2.37612911e-02 -2.90420186e-02 -3.47952396e-02
 -4.09327857e-02 -4.73849215e-02 -5.41013703e-02 -6.10463507e-02 -6.81938827e-02
 -7.55246580e-02 -8.30243826e-02 -9.06836390e-02 -9.85000208e-02 -1.06484786e-01
 -1.14307486e-01 -1.21914171e-01 -1.29258081e-01 -1.36288539e-01 -1.42953947e-01
 -1.49201944e-01 -1.54979706e-01 -1.60234153e-01 -1.64911970e-01 -1.68959573e-01
 -1.72323376e-01 -1.74949989e-01 -1.76786780e-01 -1.77782446e-01 -1.77887827e-01
 -1.77056804e-01 -1.75247282e-01 -1.72422186e-01 -1.68549985e-01 -1.63604781e-01
 -1.57567590e-01 -1.50428534e-01 -1.42187998e-01 -1.32850930e-01 -1.22433342e-01
 -1.10980667e-01 -9.84784961e-02 -8.53575990e-02 -7.15811849e-02 -5.72094545e-02
 -4.22906689e-02 -2.68819947e-02 -1.10455723e-02  5.15133468e-03  2.16351636e-02
  3.83251421e-02  5.51329106e-02  7.19626844e-02  8.87121111e-02  1.05273761e-01
  1.21537223e-01  1.37391537e-01  1.52727574e-01  1.67439908e-01  1.81427971e-01
  1.94596305e-01  2.06854478e-01  2.18117222e-01  2.28306100e-01  2.37353027e-01
 -1.89103056e-02 -2.28251126e-02 -2.71873046e-02 -3.19419168e-02 -3.70340943e-02
 -4.24265154e-02 -4.80804220e-02 -5.39601631e-02 -6.00347631e-02 -6.62778169e-02
 -7.26667494e-02 -7.91821182e-02 -8.58069807e-02 -9.25263762e-02 -9.93262902e-02
 -1.06190160e-01 -1.12816386e-01 -1.19190648e-01 -1.25247568e-01 -1.30934954e-01
 -1.36200607e-01 -1.40994534e-01 -1.45268112e-01 -1.48973137e-01 -1.52061343e-01
 -1.54484272e-01 -1.56193435e-01 -1.57140762e-01 -1.57279253e-01 -1.56563833e-01
 -1.54952660e-01 -1.52408808e-01 -1.48902252e-01 -1.44410580e-01 -1.38912171e-01
 -1.32389233e-01 -1.24837153e-01 -1.16286859e-01 -1.06724761e-01 -9.61060375e-02
 -8.48084167e-02 -7.27847293e-02 -6.00791462e-02 -4.67236452e-02 -3.27585526e-02
 -1.82294622e-02 -3.18895793e-03  1.23023689e-02  2.81745549e-02  4.43466157e-02
  6.07249849e-02  7.72023946e-02  9.36576575e-02  1.09956823e-01  1.25956118e-01
  1.41506836e-01  1.56461924e-01  1.70683414e-01  1.84049621e-01  1.96460754e-01
  2.07842290e-01  2.18145534e-01  2.27345943e-01  2.35439733e-01  2.42440119e-01
 -2.19100285e-02 -2.56807506e-02 -2.97777373e-02 -3.41412500e-02 -3.87337431e-02
 -4.35368717e-02 -4.85286675e-02 -5.36856949e-02 -5.89843579e-02 -6.44015223e-02
 -6.99146912e-02 -7.55017027e-02 -8.11401904e-02 -8.68064761e-02 -9.24736857e-02
 -9.81084630e-02 -1.03665538e-01 -1.09157525e-01 -1.14276625e-01 -1.19018406e-01
 -1.23324335e-01 -1.27151594e-01 -1.30460873e-01 -1.33212522e-01 -1.35365605e-01
 -1.36877969e-01 -1.37706548e-01 -1.37807816e-01 -1.37138233e-01 -1.35654956e-01
 -1.33317068e-01 -1.30088776e-01 -1.25947714e-01 -1.20907538e-01 -1.14942901e-01
 -1.08007371e-01 -1.00026272e-01 -9.13461894e-02 -8.18889141e-02 -7.16368258e-02
 -6.06351532e-02 -4.89079952e-02 -3.64818163e-02 -2.33843233e-02 -9.64709185e-03
  4.69282316e-03  1.95908938e-02  3.49927917e-02  5.08315936e-02  6.70244768e-02
  8.34691599e-02  1.00040443e-01  1.16587840e-01  1.32935330e-01  1.48884937e-01
  1.64225325e-01  1.78745657e-01  1.92252755e-01  2.04588249e-01  2.15642199e-01
  2.25360289e-01  2.33743951e-01  2.40843594e-01  2.46745959e-01  2.51558691e-01
 -2.44592484e-02 -2.80908123e-02 -3.19492891e-02 -3.59811261e-02 -4.01522703e-02
 -4.44533601e-02 -4.88719232e-02 -5.33924103e-02 -5.79968058e-02 -6.26652688e-02
 -6.73765987e-02 -7.21082985e-02 -7.68364891e-02 -8.15353915e-02 -8.61766711e-02
 -9.07289013e-02 -9.51576531e-02 -9.94282737e-02 -1.03493035e-01 -1.07363664e-01
 -1.10727914e-01 -1.13595337e-01 -1.15951009e-01 -1.17768474e-01 -1.19015492e-01
 -1.19656704e-01 -1.19654842e-01 -1.18971251e-01 -1.17565736e-01 -1.15395509e-01
 -1.12412229e-01 -1.08554848e-01 -1.03732221e-01 -9.82616022e-02 -9.20514539e-02
 -8.50541890e-02 -7.72558451e-02 -6.86917603e-02 -5.93689531e-02 -4.92923222e-02
 -3.84730510e-02 -2.69228239e-02 -1.46543682e-02 -1.68205285e-03  1.19768837e-02
  2.63006669e-02  4.12607193e-02  5.68185747e-02  7.29217306e-02  8.94981250e-02
  1.06449112e-01  1.23641014e-01  1.40895978e-01  1.57984495e-01  1.74623713e-01
  1.90488249e-01  2.05237851e-01  2.18559071e-01  2.30207741e-01  2.40039110e-01
  2.48021409e-01  2.54234254e-01  2.58852661e-01  2.62115449e-01  2.64282584e-01
 -2.68585850e-02 -3.03751249e-02 -3.40200439e-02 -3.77450883e-02 -4.15286273e-02
 -4.53730375e-02 -4.92738672e-02 -5.32205030e-02 -5.71978725e-02 -6.11878447e-02
 -6.51700944e-02 -6.91225156e-02 -7.30213597e-02 -7.68410265e-02 -8.05538297e-02
 -8.41295272e-02 -8.75349343e-02 -9.07331258e-02 -9.36814472e-02 -9.63306129e-02
 -9.86040607e-02 -1.00454442e-01 -1.01845086e-01 -1.02743015e-01 -1.03116386e-01
 -1.02933630e-01 -1.02163233e-01 -1.00773774e-01 -9.87341627e-02 -9.60141197e-02
 -9.25854370e-02 -8.84252861e-02 -8.35251063e-02 -7.79148191e-02 -7.15915114e-02
 -6.45452514e-02 -5.67694120e-02 -4.82636355e-02 -3.90264913e-02 -2.90557276e-02
 -1.83491148e-02 -6.90406747e-03  5.28239785e-03  1.82134211e-02  3.18916738e-02
  4.63182405e-02  6.14907928e-02  7.74006695e-02  9.40283909e-02  1.11336745e-01
  1.29260391e-01  1.47690445e-01  1.66452363e-01  1.85276166e-01  2.03763410e-01
  2.21371949e-01  2.37463653e-01  2.51434535e-01  2.62847871e-01  2.71487266e-01
  2.77354389e-01  2.80663401e-01  2.81832546e-01  2.81427652e-01  2.80027062e-01
 -2.94285938e-02 -3.28877866e-02 -3.63027081e-02 -3.96787226e-02 -4.30587567e-02
 -4.64604832e-02 -4.98791672e-02 -5.33015467e-02 -5.67103848e-02 -6.00862503e-02
 -6.34082705e-02 -6.66544735e-02 -6.98017851e-02 -7.28259385e-02 -7.57012144e-02
 -7.84001425e-02 -8.08931738e-02 -8.31482559e-02 -8.51304233e-02 -8.68016481e-02
 -8.81211311e-02 -8.90518054e-02 -8.95605758e-02 -8.96172002e-02 -8.91934186e-02
 -8.82622823e-02 -8.67978856e-02 -8.47753361e-02 -8.21709186e-02 -7.89625794e-02
 -7.51308054e-02 -7.06599429e-02 -6.55397400e-02 -5.97655624e-02 -5.33304885e-02
 -4.62255515e-02 -3.84410918e-02 -2.99672782e-02 -2.07932461e-02 -1.09065818e-02
 -2.92972138e-04  1.10642435e-02  2.31845267e-02  3.60905603e-02  4.98085804e-02
  6.43684864e-02  7.98036158e-02  9.61497873e-02  1.13443010e-01  1.31714940e-01
  1.50984332e-01  1.71241269e-01  1.92419067e-01  2.14341104e-01  2.36612245e-01
  2.58381814e-01  2.78093427e-01  2.94200778e-01  3.06002975e-01  3.13317806e-01
  3.16206932e-01  3.14980090e-01  3.10406029e-01  3.04002166e-01  2.97367692e-01
 -3.24714780e-02 -3.60435545e-02 -3.90094221e-02 -4.18768860e-02 -4.48278636e-02
 -4.78100814e-02 -5.07908463e-02 -5.37435114e-02 -5.66438399e-02 -5.94688505e-02
 -6.21962808e-02 -6.48042411e-02 -6.72708899e-02 -6.95741251e-02 -7.16912746e-02
 -7.35988170e-02 -7.52721876e-02 -7.66856372e-02 -7.78122321e-02 -7.86241516e-02
 -7.90933222e-02 -7.91926458e-02 -7.88966045e-02 -7.81813189e-02 -7.70243481e-02
 -7.54045397e-02 -7.33018816e-02 -7.06973821e-02 -6.75731376e-02 -6.39124215e-02
 -5.96998855e-02 -5.49217537e-02 -4.95657958e-02 -4.36207205e-02 -3.70747223e-02
 -2.99147908e-02 -2.21264046e-02 -1.36932442e-02 -4.59672650e-03  5.18457079e-03
  1.56755634e-02  2.69054696e-02  3.89088243e-02  5.17267361e-02  6.54084533e-02
  8.00133198e-02  9.56131443e-02  1.12295002e-01  1.30164415e-01  1.49348482e-01
  1.69998124e-01  1.92288220e-01  2.16413721e-01  2.42583379e-01  2.71029472e-01
  3.02154094e-01  3.30155164e-01  3.49613547e-01  3.61873299e-01  3.67630690e-01
  3.66272748e-01  3.58339697e-01  3.42921257e-01  3.25332522e-01  3.12217087e-01
 -3.51171941e-02 -3.87328118e-02 -4.15356494e-02 -4.41449098e-02 -4.68017757e-02
 -4.94618528e-02 -5.20866252e-02 -5.46432808e-02 -5.71034737e-02 -5.94422594e-02
 -6.16372488e-02 -6.36678562e-02 -6.55146465e-02 -6.71588033e-02 -6.85816705e-02
 -6.97644502e-02 -7.06879795e-02 -7.13327304e-02 -7.16788396e-02 -7.17063844e-02
 -7.13956654e-02 -7.07277060e-02 -6.96844980e-02 -6.82491511e-02 -6.64059147e-02
 -6.41400591e-02 -6.14377968e-02 -5.82860708e-02 -5.46724424e-02 -5.05849123e-02
 -4.60117422e-02 -4.09412049e-02 -3.53612788e-02 -2.92591359e-02 -2.26205457e-02
 -1.54293682e-02 -7.66710984e-03  6.87480671e-04  9.65888426e-03  1.92754008e-02
  2.95699090e-02  4.05808948e-02  5.23538366e-02  6.49430901e-02  7.84144849e-02
  9.28488523e-02  1.08346909e-01  1.25036106e-01  1.43080130e-01  1.62692279e-01
  1.84153765e-01  2.07837358e-01  2.34234080e-01  2.63975829e-01  2.97846705e-01
  3.34117085e-01  3.62045437e-01  3.81425172e-01  3.92741680e-01  3.95633042e-01
  3.90327364e-01  3.75556558e-01  3.52888942e-01  3.33523512e-01  3.18151742e-01
 -3.75320949e-02 -4.12140824e-02 -4.39910293e-02 -4.65233698e-02 -4.90416065e-02
 -5.15050851e-02 -5.38762547e-02 -5.61217889e-02 -5.82133457e-02 -6.01273105e-02
 -6.18439987e-02 -6.33466095e-02 -6.46202043e-02 -6.56509027e-02 -6.64252043e-02
 -6.69296682e-02 -6.71507344e-02 -6.70747533e-02 -6.66881427e-02 -6.59776181e-02
 -6.49304539e-02 -6.35347590e-02 -6.17796369e-02 -5.96553013e-02 -5.71530275e-02
 -5.42650670e-02 -5.09844273e-02 -4.73046191e-02 -4.32192907e-02 -3.87218483e-02
 -3.38050053e-02 -2.84602940e-02 -2.26775743e-02 -1.64445452e-02 -9.74628795e-03
 -2.56489706e-03  5.12081385e-03  1.33355679e-02  2.21079104e-02  3.14706005e-02
  4.14611995e-02  5.21229729e-02  6.35062009e-02  7.56701007e-02  8.86855274e-02
  1.02638856e-01  1.17637523e-01  1.33818150e-01  1.51358634e-01  1.70497090e-01
  1.91562086e-01  2.15023488e-01  2.41576552e-01  2.72251576e-01  3.08169365e-01
  3.40022594e-01  3.64230007e-01  3.80865067e-01  3.89700413e-01  3.90677094e-01
  3.82338881e-01  3.63835275e-01  3.43755990e-01  3.27166259e-01  3.13368499e-01
 -3.98809910e-02 -4.37025987e-02 -4.66228947e-02 -4.92154807e-02 -5.17297201e-02
 -5.41182719e-02 -5.63378446e-02 -5.83533496e-02 -6.01385571e-02 -6.16750084e-02
 -6.29500449e-02 -6.39546514e-02 -6.46815971e-02 -6.51241317e-02 -6.52752072e-02
 -6.51271939e-02 -6.46719635e-02 -6.39011413e-02 -6.28065690e-02 -6.13806359e-02
 -5.96167184e-02 -5.75094074e-02 -5.50546870e-02 -5.22499718e-02 -4.90940437e-02
 -4.55868617e-02 -4.17292640e-02 -3.75225320e-02 -3.29678431e-02 -2.80655921e-02
 -2.28146203e-02 -1.72114260e-02 -1.12494165e-02 -4.91827866e-03  1.79645629e-03
  8.91362783e-03  1.64564531e-02  2.44523864e-02  3.29329371e-02  4.19335477e-02
  5.14936596e-02  6.16570860e-02  7.24727288e-02  8.39958340e-02  9.62897465e-02
  1.09428495e-01  1.23500288e-01  1.38612330e-01  1.54897705e-01  1.72525182e-01
  1.91714630e-01  2.12762982e-01  2.36098424e-01  2.62462527e-01  2.90543258e-01
  3.14288139e-01  3.32811594e-01  3.45753551e-01  3.52989495e-01  3.53586137e-01
  3.47207934e-01  3.34357053e-01  3.21911275e-01  3.10533136e-01  3.00315887e-01
 -4.23662998e-02 -4.64672633e-02 -4.96291518e-02 -5.24468571e-02 -5.51183932e-02
 -5.75677417e-02 -5.97364679e-02 -6.15873933e-02 -6.31024018e-02 -6.42769411e-02
 -6.51140064e-02 -6.56193122e-02 -6.57980293e-02 -6.56530708e-02 -6.51845708e-02
 -6.43902048e-02 -6.32659942e-02 -6.18073232e-02 -6.00098744e-02 -5.78704774e-02
 -5.53876609e-02 -5.25620207e-02 -4.93963324e-02 -4.58955467e-02 -4.20666300e-02
 -3.79183479e-02 -3.34608778e-02 -2.87052523e-02 -2.36625634e-02 -1.83428843e-02
 -1.27539784e-02 -6.89990027e-03 -7.79697672e-04  5.61359618e-03  1.22935008e-02
  1.92800816e-02  2.65994184e-02  3.42826955e-02  4.23651189e-02  5.08848540e-02
  5.98822273e-02  6.93992227e-02  7.94793889e-02  9.01680216e-02  1.01512611e-01
  1.13563322e-01  1.26373306e-01  1.39998391e-01  1.54495314e-01  1.69916555e-01
  1.86297879e-01  2.03628212e-01  2.21778020e-01  2.40343928e-01  2.58420467e-01
  2.74661034e-01  2.88080782e-01  2.98078209e-01  3.04301113e-01  3.06625813e-01
  3.05276126e-01  3.01171899e-01  2.95527101e-01  2.89235204e-01  2.82837451e-01
 -4.49069738e-02 -4.94722761e-02 -5.31595126e-02 -5.64943813e-02 -5.95794655e-02
 -6.22687973e-02 -6.44784421e-02 -6.61844388e-02 -6.74020946e-02 -6.81646690e-02
 -6.85086548e-02 -6.84655830e-02 -6.80583119e-02 -6.73003569e-02 -6.61970675e-02
 -6.47479445e-02 -6.29492179e-02 -6.07963204e-02 -5.82858957e-02 -5.54171950e-02
 -5.21928780e-02 -4.86192405e-02 -4.47061025e-02 -4.04665358e-02 -3.59166004e-02
 -3.10751293e-02 -2.59635486e-02 -2.06054188e-02 -1.50255235e-02 -9.24824271e-03
 -3.29524628e-03  2.81723030e-03  9.08104423e-03  1.54981622e-02  2.20815968e-02
  2.88550332e-02  3.58512066e-02  4.31093983e-02  5.06725796e-02  5.85847497e-02
  6.68888539e-02  7.56254196e-02  8.48317817e-02  9.45416093e-02  1.04784526e-01
  1.15585275e-01  1.26962170e-01  1.38923973e-01  1.51464537e-01  1.64553478e-01
  1.78121015e-01  1.92034677e-01  2.06068069e-01  2.19871074e-01  2.32969776e-01
  2.44828761e-01  2.54956424e-01  2.62983769e-01  2.68700689e-01  2.72077382e-01
  2.73281187e-01  2.72661477e-01  2.70669311e-01  2.67749190e-01  2.64270186e-01
 -4.71978709e-02 -5.24457842e-02 -5.72879426e-02 -6.18208721e-02 -6.58337995e-02
 -6.89959750e-02 -7.12396428e-02 -7.26640522e-02 -7.34016523e-02 -7.35727027e-02
 -7.32726306e-02 -7.25688115e-02 -7.15016574e-02 -7.00887889e-02 -6.83311820e-02
 -6.62198067e-02 -6.37417883e-02 -6.08853363e-02 -5.76431751e-02 -5.40145598e-02
 -5.00058495e-02 -4.56299633e-02 -4.09051478e-02 -3.58537696e-02 -3.05016283e-02
 -2.48781573e-02 -1.90172233e-02 -1.29579268e-02 -6.74441596e-03 -4.23782563e-04
  5.95832150e-03  1.23637291e-02  1.87679790e-02  2.51650661e-02  3.15695480e-02
  3.80154923e-02  4.45523225e-02  5.12385443e-02  5.81348725e-02  6.52985349e-02
  7.27796033e-02  8.06192979e-02  8.88496116e-02  9.74934027e-02  1.06564388e-01
  1.16066553e-01  1.25992611e-01  1.36321232e-01  1.47012681e-01  1.58002704e-01
  1.69194654e-01  1.80450916e-01  1.91586122e-01  2.02366814e-01  2.12523222e-01
  2.21774876e-01  2.29864970e-01  2.36593381e-01  2.41841108e-01  2.45583773e-01
  2.47892499e-01  2.48920172e-01  2.48873502e-01  2.47978926e-01  2.46453255e-01
 -4.93291989e-02 -5.55965900e-02 -6.22461960e-02 -6.92916289e-02 -7.60746002e-02
 -7.93948695e-02 -8.10802132e-02 -8.16422179e-02 -8.14053342e-02 -8.05993155e-02
 -7.93832317e-02 -7.78523833e-02 -7.60457814e-02 -7.39596114e-02 -7.15640187e-02
 -6.88184649e-02 -6.56833127e-02 -6.21275082e-02 -5.81334196e-02 -5.36990128e-02
 -4.88374457e-02 -4.35738526e-02 -3.79403532e-02 -3.19714248e-02 -2.57017780e-02
 -1.91677399e-02 -1.24116121e-02 -5.48749417e-03  1.53415487e-03  8.56711809e-03
  1.55183906e-02  2.23041400e-02  2.88662743e-02  3.51838842e-02  4.12780941e-02
  4.72101346e-02  5.30715026e-02  5.89669161e-02  6.49961308e-02  7.12418035e-02
  7.77654201e-02  8.46086368e-02  9.17963386e-02  9.93395746e-02  1.07237414e-01
  1.15477614e-01  1.24036230e-01  1.32876173e-01  1.41945034e-01  1.51172325e-01
  1.60466731e-01  1.69714242e-01  1.78778335e-01  1.87503800e-01  1.95724815e-01
  2.03277498e-01  2.10014805e-01  2.15821117e-01  2.20623866e-01  2.24399880e-01
  2.27175698e-01  2.29021460e-01  2.30039716e-01  2.30351612e-01  2.30083480e-01
 -5.08516617e-02 -5.81305884e-02 -6.64229468e-02 -7.61196688e-02 -8.70331153e-02
 -9.36126038e-02 -9.47968513e-02 -9.33341980e-02 -9.12750065e-02 -8.88951942e-02
 -8.64093676e-02 -8.39146078e-02 -8.13892260e-02 -7.87379891e-02 -7.58417025e-02
 -7.25881606e-02 -6.88857958e-02 -6.46691844e-02 -5.99030927e-02 -5.45864701e-02
 -4.87528034e-02 -4.24610525e-02 -3.57771181e-02 -2.87560876e-02 -2.14356463e-02
 -1.38414325e-02 -6.00051973e-03  2.03900645e-03  1.01833297e-02  1.82733629e-02
  2.61006672e-02  3.34691554e-02  4.02487293e-02  4.63899858e-02  5.19268140e-02
  5.69835491e-02  6.17651828e-02  6.65000007e-02  7.13706315e-02  7.64922351e-02
  8.19266811e-02  8.77014399e-02  9.38225314e-02  1.00281887e-01  1.07061118e-01
  1.14132978e-01  1.21461540e-01  1.29001617e-01  1.36697799e-01  1.44483462e-01
  1.52280167e-01  1.59997925e-01  1.67536691e-01  1.74789637e-01  1.81648195e-01
  1.88008517e-01  1.93778828e-01  1.98886245e-01  2.03282341e-01  2.06946209e-01
  2.09884822e-01  2.12130427e-01  2.13735715e-01  2.14767575e-01  2.15300500e-01
 -5.05328514e-02 -5.80875203e-02 -6.68169633e-02 -7.72168040e-02 -8.96601155e-02
 -9.92878452e-02 -1.04663394e-01 -1.05575487e-01 -1.01977311e-01 -9.71611589e-02
 -9.30754915e-02 -8.97847041e-02 -8.69519413e-02 -8.41869265e-02 -8.11820254e-02
 -7.77228773e-02 -7.36579448e-02 -6.88774213e-02 -6.33115545e-02 -5.69505803e-02
 -4.98795770e-02 -4.22775075e-02 -3.43246311e-02 -2.61157490e-02 -1.76628232e-02
 -8.93005636e-03  1.37861978e-04  9.59065277e-03  1.94244068e-02  2.94112097e-02
  3.88612896e-02  4.72349003e-02  5.43604381e-02  6.01791739e-02  6.46876693e-02
  6.80238754e-02  7.07770810e-02  7.36930519e-02  7.70370066e-02  8.08545724e-02
  8.51327032e-02  8.98403674e-02  9.49407518e-02  1.00394972e-01  1.06162630e-01
  1.12201191e-01  1.18465036e-01  1.24904394e-01  1.31464437e-01  1.38084739e-01
  1.44699186e-01  1.51236504e-01  1.57621577e-01  1.63777709e-01  1.69629499e-01
  1.75106436e-01  1.80146649e-01  1.84700370e-01  1.88732684e-01  1.92225084e-01
  1.95175827e-01  1.97598711e-01  1.99520931e-01  2.00979963e-01  2.02020213e-01
 -4.80023921e-02 -5.49621806e-02 -6.27463087e-02 -7.14661106e-02 -8.11095983e-02
 -9.14380848e-02 -1.00661024e-01 -1.05640590e-01 -1.05876289e-01 -1.00955933e-01
 -9.62658525e-02 -9.37775746e-02 -9.22328457e-02 -9.04035196e-02 -8.79687592e-02
 -8.47742707e-02 -8.06876272e-02 -7.55655095e-02 -6.92410916e-02 -6.15307391e-02
 -5.23638241e-02 -4.26439941e-02 -3.31280455e-02 -2.37411913e-02 -1.43117206e-02
 -4.65431530e-03  5.43334568e-03  1.61952022e-02  2.79693827e-02  4.12350520e-02
  5.31009883e-02  6.26564920e-02  7.02178627e-02  7.56290630e-02  7.88168013e-02
  7.94511959e-02  7.86219388e-02  7.93487653e-02  8.11540261e-02  8.37723017e-02
  8.70356187e-02  9.08271000e-02  9.50594917e-02  9.96631384e-02  1.04578607e-01
  1.09751999e-01  1.15131825e-01  1.20666936e-01  1.26305208e-01  1.31992802e-01
  1.37674004e-01  1.43291533e-01  1.48787379e-01  1.54104188e-01  1.59186929e-01
  1.63984865e-01  1.68453559e-01  1.72556713e-01  1.76267609e-01  1.79570004e-01
  1.82458222e-01  1.84936747e-01  1.87019065e-01  1.88726097e-01  1.90084398e-01
 -4.37724516e-02 -4.97039296e-02 -5.61009087e-02 -6.29418567e-02 -7.01349750e-02
 -7.75057450e-02 -8.48026648e-02 -9.17162001e-02 -9.58415642e-02 -9.39540491e-02
 -9.16955918e-02 -9.18867737e-02 -9.29679573e-02 -9.25748944e-02 -9.10093561e-02
 -8.83472636e-02 -8.45266879e-02 -7.94126466e-02 -7.27779344e-02 -6.42009452e-02
 -5.29118218e-02 -4.12701815e-02 -3.08177285e-02 -2.09106486e-02 -1.11508742e-02
 -1.24543242e-03  9.07558110e-03  2.01173741e-02  3.22800577e-02  4.60065231e-02
  5.82834110e-02  6.80218264e-02  7.55134821e-02  8.06826949e-02  8.33797231e-02
  8.32262635e-02  8.15523267e-02  8.14953446e-02  8.26227441e-02  8.46202150e-02
  8.72829482e-02  9.04728845e-02  9.40911472e-02  9.80617628e-02  1.02322184e-01
  1.06817693e-01  1.11498028e-01  1.16315261e-01  1.21222481e-01  1.26173079e-01
  1.31120548e-01  1.36018544e-01  1.40821457e-01  1.45485118e-01  1.49967864e-01
  1.54231548e-01  1.58242762e-01  1.61973745e-01  1.65403262e-01  1.68516979e-01
  1.71307743e-01  1.73775181e-01  1.75925210e-01  1.77769184e-01  1.79322839e-01
  1.08912098e+00  1.10454559e+00  1.11451709e+00  1.12648642e+00  1.13910460e+00
  1.15450859e+00  1.16632998e+00  1.17932832e+00  1.19354916e+00  1.20699608e+00
  1.22150254e+00  1.23653650e+00  1.25123680e+00  1.26689470e+00  1.28306496e+00
  1.29939818e+00  1.31594348e+00  1.33335495e+00  1.35118926e+00  1.36930192e+00
  1.38791811e+00  1.40726304e+00  1.42719579e+00  1.44748306e+00  1.46839631e+00
  1.49005985e+00  1.51240396e+00  1.53535831e+00  1.55900943e+00  1.58348608e+00
  1.60882723e+00  1.63500452e+00  1.66199207e+00  1.69001174e+00  1.71903741e+00
  1.74915230e+00  1.78041124e+00  1.81283128e+00  1.84656942e+00  1.88171172e+00
  1.91835809e+00  1.95656025e+00  1.99650657e+00  2.03827810e+00  2.08216214e+00
  2.12808061e+00  2.17653942e+00  2.22747254e+00  2.28143287e+00  2.33828616e+00
  2.39903021e+00  2.46357441e+00  2.53283620e+00  2.60696769e+00  2.68761063e+00
  2.77479362e+00  2.87054634e+00  2.97696829e+00  3.09577656e+00  3.23180056e+00
  3.38983870e+00  3.58349109e+00  3.83625960e+00  4.23586512e+00  6.26530647e+00
   89   87
  1.09862530e+00 -5.00000007e-02  1.09965527e+00  5.00000007e-02  1.10351002e+00
  1.50000006e-01  1.10656869e+00  2.00000003e-01  1.11352384e+00  3.00000012e-01
  1.12315106e+00  4.00000006e-01  1.13218749e+00  4.67905581e-01  1.14610541e+00
  5.50000012e-01  1.15875006e+00  6.08222246e-01  1.18531251e+00  6.96373761e-01
  1.20678520e+00  7.50000000e-01  1.23365664e+00  8.00000012e-01  1.26499999e+00
  8.42955649e-01  1.29156256e+00  8.71598482e-01  1.32815635e+00  8.99999976e-01
  1.37125003e+00  9.23808992e-01  1.42437506e+00  9.38977361e-01  1.47749996e+00
  9.44218576e-01  1.53062499e+00  9.42020297e-01  1.58375001e+00  9.33483541e-01
  1.63687503e+00  9.18806493e-01  1.68326628e+00  8.99999976e-01  1.71656251e+00
  8.85222137e-01  1.76968753e+00  8.56649637e-01  1.79624999e+00  8.40067863e-01
  1.84937501e+00  8.03563356e-01  1.87593746e+00  7.83194721e-01  1.91530275e+00
  7.50000000e-01  1.95562506e+00  7.13652968e-01  1.98218751e+00  6.87150061e-01
  2.01675081e+00  6.49999976e-01  2.05826521e+00  6.00000024e-01  2.08843756e+00
  5.59784293e-01  2.11500001e+00  5.19740522e-01  2.14156246e+00  4.74794447e-01
  2.16812491e+00  4.23949957e-01  2.19468760e+00  3.65866184e-01  2.22049856e+00
  3.00000012e-01  2.23769093e+00  2.50000000e-01  2.25244069e+00  2.00000003e-01
  2.27224064e+00  1.00000001e-01  2.27726007e+00  5.00000007e-02  2.27437496e+00
 -4.85350937e-02  2.26721096e+00 -1.00000001e-01  2.24781251e+00 -1.81537524e-01
  2.22628093e+00 -2.50000000e-01  2.20719910e+00 -3.00000012e-01  2.18585825e+00
 -3.49999994e-01  2.16225743e+00 -4.00000006e-01  2.13615394e+00 -4.49999988e-01
  2.10718560e+00 -5.00000000e-01  2.07499433e+00 -5.50000012e-01  2.03931904e+00
 -6.00000024e-01  2.00874996e+00 -6.38920128e-01  1.98218751e+00 -6.71095967e-01
  1.95562506e+00 -7.01525331e-01  1.91042292e+00 -7.50000000e-01  1.87593746e+00
 -7.85545945e-01  1.84937501e+00 -8.11861992e-01  1.80836427e+00 -8.50000024e-01
  1.76968753e+00 -8.85531247e-01  1.74312496e+00 -9.08702552e-01  1.69255674e+00
 -9.49999988e-01  1.66343749e+00 -9.73159194e-01  1.62565196e+00 -1.00000000e+00
  1.58375001e+00 -1.03022480e+00  1.55234551e+00 -1.04999995e+00  1.50406253e+00
 -1.08165145e+00  1.47161245e+00 -1.10000002e+00  1.42437506e+00 -1.12925935e+00
  1.38457310e+00 -1.14999998e+00  1.34468746e+00 -1.17565572e+00  1.29511082e+00
 -1.19654715e+00  1.27209651e+00 -1.20429695e+00  1.24450016e+00 -1.10000002e+00
  1.23383307e+00 -1.04999995e+00  1.21662843e+00 -9.49999988e-01  1.20718718e+00
 -8.99999976e-01  1.18942380e+00 -8.00000012e-01  1.17983508e+00 -7.50000000e-01
  1.16181600e+00 -6.49999976e-01  1.15271425e+00 -6.00000024e-01  1.13654399e+00
 -5.00000000e-01  1.12892425e+00 -4.49999988e-01  1.11650002e+00 -3.49999994e-01
  1.10727799e+00 -2.50000000e-01  1.10354865e+00 -2.00000003e-01  1.09934819e+00
 -1.00000001e-01  1.09862530e+00 -5.00000007e-02
  1.01600003e+00  0.00000000e+00  1.01600003e+00  9.63999987e-01  1.01600003e+00
  9.67999995e-01  1.01600003e+00  1.00100005e+00  1.01600003e+00  1.01900005e+00
  1.01600003e+00  1.07700002e+00  1.01600003e+00  1.07000005e+00  1.01600003e+00
  1.09599996e+00  1.01600003e+00  1.11300004e+00  1.01600003e+00  1.13800001e+00
  1.01600003e+00  1.14699996e+00  1.01199996e+00  1.16499996e+00  1.00100005e+00
  1.21700001e+00  1.02900004e+00  1.21700001e+00  1.04200006e+00  1.16240001e+00
  1.04600000e+00  1.16237998e+00  1.05599999e+00  1.16260004e+00  1.09700000e+00
  1.16450000e+00  1.10800004e+00  1.16594005e+00  1.11600006e+00  1.16591001e+00
  1.13399994e+00  1.16895998e+00  1.14800000e+00  1.17174995e+00  1.16199994e+00
  1.17556000e+00  1.18099999e+00  1.18299997e+00  1.18200004e+00  1.18350005e+00
  1.18499994e+00  1.18499994e+00  1.19000006e+00  1.18799996e+00  1.19500005e+00
  1.19099998e+00  1.20099998e+00  1.19599998e+00  1.20899999e+00  1.20200002e+00
  1.21500003e+00  1.20799994e+00  1.22200000e+00  1.21399999e+00  1.22800004e+00
  1.22099996e+00  1.23399997e+00  1.23099995e+00  1.23899996e+00  1.23800004e+00
  1.24199998e+00  1.24399996e+00  1.24800003e+00  1.25399995e+00  1.25800002e+00
  1.27800000e+00  1.26300001e+00  1.28999996e+00  1.27999997e+00  1.33099997e+00
  1.27999997e+00  1.34700000e+00  1.27999997e+00  1.34800005e+00  1.30999994e+00
  1.34800005e+00  1.32799995e+00  1.34800005e+00  1.36099994e+00  1.34800005e+00
  1.38000000e+00  1.34800005e+00  1.41900003e+00  1.34800005e+00  1.41900003e+00
  1.30999994e+00  1.37199998e+00  1.30999994e+00  1.37199998e+00  1.29200006e+00
  1.60800004e+00  1.09500003e+00  1.64699996e+00  1.07700002e+00  1.78499997e+00
  1.07700002e+00  2.06999993e+00  1.03999996e+00  2.12800002e+00  9.92999971e-01
  2.24499989e+00  7.08999991e-01  2.32299995e+00  5.18999994e-01  2.37700009e+00
  3.88999999e-01  2.35200000e+00  4.00000006e-01  2.35100007e+00  3.37000012e-01
  2.35100007e+00  2.04999998e-01  2.35400009e+00  6.80000037e-02  2.35400009e+00
  0.00000000e+00  2.35400009e+00 -6.80000037e-02  2.35299993e+00 -2.04999998e-01
  2.35100007e+00 -3.37000012e-01  2.35299993e+00 -4.00000006e-01  2.37700009e+00
 -3.88999999e-01  2.13400006e+00 -9.72999990e-01  1.78600001e+00 -1.17400002e+00
  1.76800001e+00 -1.21099997e+00  1.76800001e+00 -1.25000000e+00  1.68200004e+00
 -1.25000000e+00  1.37199998e+00 -1.25000000e+00  1.37199998e+00 -1.32900000e+00
  1.41999996e+00 -1.32900000e+00  1.41999996e+00 -1.36300004e+00  1.27300000e+00
 -1.36300004e+00  1.15300000e+00 -1.36300004e+00  1.01600003e+00 -1.22300005e+00
  1.01600003e+00 -1.22300005e+00  1.01600003e+00 -8.29999983e-01  1.01600003e+00
 -8.00000012e-01  1.01600003e+00 -4.14999992e-01  1.01600003e+00 -4.00000006e-01
  1.01600003e+00 -1.00000005e-03  1.01600003e+00  0.00000000e+00
    0 0.000000000e+00    0
  0.00000000e+00  9.41740647e-02  1.33812651e-01  1.64420336e-01  1.90404147e-01
  2.12225735e-01  2.33307257e-01  2.53003985e-01  2.71508992e-01  2.88883030e-01
  3.05616021e-01  3.21616113e-01  3.37022781e-01  3.51908058e-01  3.66461575e-01
  3.80547404e-01  3.94315749e-01  4.07798201e-01  4.21068907e-01  4.34035718e-01
  4.46815640e-01  4.59401190e-01  4.71859723e-01  4.84141201e-01  4.96271014e-01
  5.08294225e-01  5.20238519e-01  5.32076538e-01  5.43805242e-01  5.55493951e-01
  5.67107379e-01  5.78673780e-01  5.90202510e-01  6.01689517e-01  6.13144338e-01
  6.24598086e-01  6.36039913e-01  6.47477448e-01  6.58917546e-01  6.70377672e-01
  6.81858182e-01  6.93369508e-01  7.04926193e-01  7.16514707e-01  7.28177845e-01
  7.39876688e-01  7.51688421e-01  7.63547897e-01  7.75532663e-01  7.87581742e-01
  7.99798608e-01  8.12106967e-01  8.24601710e-01  8.37210476e-01  8.50056529e-01
  8.63065064e-01  8.76323700e-01  8.89850855e-01  9.03675795e-01  9.17858541e-01
  9.32465136e-01  9.47615087e-01  9.63462889e-01  9.80397046e-01  1.00000000e+00
    0
