   EFIT?   05/12/98      #131513  3000             3  65  65
  1.70000005e+00  3.20000005e+00  1.69550002e+00  8.39999974e-01  0.00000000e+00
  1.76279199e+00  6.29875110e-03 -3.39543730e-01 -7.98755791e-03 -1.89986002e+00
  1.53817738e+06 -3.39543730e-01  0.00000000e+00  1.76279199e+00  0.00000000e+00
  6.29875110e-03  0.00000000e+00 -7.98755791e-03  0.00000000e+00  0.00000000e+00
 -3.28067613e+00 -3.27828670e+00 -3.27597356e+00 -3.27373528e+00 -3.27157068e+00
 -3.26947808e+00 -3.26745653e+00 -3.26550436e+00 -3.26362014e+00 -3.26180243e+00
 -3.26005006e+00 -3.25836158e+00 -3.25673532e+00 -3.25516987e+00 -3.25366402e+00
 -3.25221610e+00 -3.25082493e+00 -3.24948883e+00 -3.24820638e+00 -3.24697614e+00
 -3.24579644e+00 -3.24466634e+00 -3.24358368e+00 -3.24254727e+00 -3.24155593e+00
 -3.24060774e+00 -3.23970127e+00 -3.23883510e+00 -3.23800778e+00 -3.23721790e+00
 -3.23646355e+00 -3.23574352e+00 -3.23505640e+00 -3.23440027e+00 -3.23377419e+00
 -3.23317599e+00 -3.23260450e+00 -3.23205829e+00 -3.23153567e+00 -3.23103499e+00
 -3.23055506e+00 -3.23009419e+00 -3.22965074e+00 -3.22922325e+00 -3.22881031e+00
 -3.22841024e+00 -3.22802138e+00 -3.22764254e+00 -3.22727180e+00 -3.22690797e+00
 -3.22654939e+00 -3.22619438e+00 -3.22584152e+00 -3.22548938e+00 -3.22513604e+00
 -3.22478032e+00 -3.22442079e+00 -3.22405553e+00 -3.22368312e+00 -3.22330213e+00
 -3.22291088e+00 -3.22250772e+00 -3.22209144e+00 -3.22166038e+00 -3.22121286e+00
  1.41860375e+05  1.38275938e+05  1.34734922e+05  1.31237328e+05  1.27783156e+05
  1.24372414e+05  1.21005094e+05  1.17681195e+05  1.14400727e+05  1.11163680e+05
  1.07970055e+05  1.04819859e+05  1.01713086e+05  9.86497422e+04  9.56298203e+04
  9.26533203e+04  8.97202422e+04  8.68305938e+04  8.39843672e+04  8.11815703e+04
  7.84221953e+04  7.57062422e+04  7.30337188e+04  7.04046172e+04  6.78189375e+04
  6.52766836e+04  6.27778555e+04  6.03224531e+04  5.79104727e+04  5.55419180e+04
  5.32167891e+04  5.09350820e+04  4.86968047e+04  4.65019453e+04  4.43505156e+04
  4.22425078e+04  4.01779258e+04  3.81567695e+04  3.61790352e+04  3.42447266e+04
  3.23538418e+04  3.05063828e+04  2.87023477e+04  2.69417383e+04  2.52245527e+04
  2.35507910e+04  2.19204551e+04  2.03335430e+04  1.87900547e+04  1.72899922e+04
  1.58333535e+04  1.44201406e+04  1.30503516e+04  1.17239863e+04  1.04410469e+04
  9.20153125e+03  8.00544092e+03  6.85277441e+03  5.74353320e+03  4.67771631e+03
  3.65532373e+03  2.67635596e+03  1.74081262e+03  8.48694031e+02  0.00000000e+00
 -1.53751421e+00 -1.48768902e+00 -1.43882370e+00 -1.39091814e+00 -1.34397233e+00
 -1.29798639e+00 -1.25296009e+00 -1.20889366e+00 -1.16578698e+00 -1.12364006e+00
 -1.08245301e+00 -1.04222572e+00 -1.00295818e+00 -9.64650333e-01 -9.27302361e-01
 -8.90914202e-01 -8.55485737e-01 -8.21017146e-01 -7.87508249e-01 -7.54959166e-01
 -7.23369896e-01 -6.92740381e-01 -6.63070619e-01 -6.34360671e-01 -6.06610537e-01
 -5.79820156e-01 -5.53989530e-01 -5.29118717e-01 -5.05207658e-01 -4.82256383e-01
 -4.60264891e-01 -4.39233184e-01 -4.19161260e-01 -4.00049120e-01 -3.81896764e-01
 -3.64704162e-01 -3.48471373e-01 -3.33198369e-01 -3.18885118e-01 -3.05531651e-01
 -2.93137997e-01 -2.81704098e-01 -2.71229982e-01 -2.61715651e-01 -2.53161103e-01
 -2.45566323e-01 -2.38931328e-01 -2.33256117e-01 -2.28540689e-01 -2.24785045e-01
 -2.21989170e-01 -2.20153093e-01 -2.19276786e-01 -2.19360262e-01 -2.20403522e-01
 -2.22406551e-01 -2.25369379e-01 -2.29291975e-01 -2.34174356e-01 -2.40016520e-01
 -2.46818468e-01 -2.54580200e-01 -2.63301700e-01 -2.72982985e-01 -2.83624053e-01
 -6.96093000e+05 -6.87710750e+05 -6.79328562e+05 -6.70946375e+05 -6.62564125e+05
 -6.54181938e+05 -6.45799750e+05 -6.37417500e+05 -6.29035312e+05 -6.20653125e+05
 -6.12270875e+05 -6.03888688e+05 -5.95506438e+05 -5.87124250e+05 -5.78742062e+05
 -5.70359812e+05 -5.61977625e+05 -5.53595438e+05 -5.45213188e+05 -5.36831000e+05
 -5.28448812e+05 -5.20066594e+05 -5.11684375e+05 -5.03302156e+05 -4.94919938e+05
 -4.86537750e+05 -4.78155531e+05 -4.69773312e+05 -4.61391125e+05 -4.53008906e+05
 -4.44626688e+05 -4.36244500e+05 -4.27862281e+05 -4.19480062e+05 -4.11097844e+05
 -4.02715656e+05 -3.94333438e+05 -3.85951219e+05 -3.77569031e+05 -3.69186812e+05
 -3.60804594e+05 -3.52422375e+05 -3.44040188e+05 -3.35657969e+05 -3.27275750e+05
 -3.18893562e+05 -3.10511344e+05 -3.02129125e+05 -2.93746938e+05 -2.85364719e+05
 -2.76982500e+05 -2.68600281e+05 -2.60218078e+05 -2.51835875e+05 -2.43453656e+05
 -2.35071453e+05 -2.26689250e+05 -2.18307031e+05 -2.09924828e+05 -2.01542609e+05
 -1.93160406e+05 -1.84778203e+05 -1.76395984e+05 -1.68013781e+05 -1.59631562e+05
  2.89468616e-02  2.22009756e-02  1.49445310e-02  7.13599520e-03 -1.19228300e-03
 -9.93663073e-03 -1.89468861e-02 -2.80683469e-02 -3.54444981e-02 -3.92354466e-02
 -4.41028737e-02 -5.24524562e-02 -6.19016178e-02 -6.79212287e-02 -7.12936074e-02
 -7.23094866e-02 -7.09910989e-02 -6.72002137e-02 -6.05775230e-02 -5.03890626e-02
 -3.52374204e-02 -1.95119716e-02 -6.55369135e-03  4.79241740e-03  1.51694231e-02
  2.49667317e-02  3.44521590e-02  4.38373871e-02  5.33185005e-02  6.30874112e-02
  7.24028870e-02  8.10386986e-02  8.90968964e-02  9.65365246e-02  1.03328839e-01
  1.09382480e-01  1.15002654e-01  1.21013008e-01  1.27299950e-01  1.33801818e-01
  1.40488416e-01  1.47344768e-01  1.54359728e-01  1.61519244e-01  1.68803707e-01
  1.76187396e-01  1.83638915e-01  1.91121802e-01  1.98594972e-01  2.06013396e-01
  2.13328674e-01  2.20489994e-01  2.27445185e-01  2.34142140e-01  2.40530416e-01
  2.46563032e-01  2.52198160e-01  2.57400841e-01  2.62144268e-01  2.66410738e-01
  2.70192027e-01  2.73489237e-01  2.76312172e-01  2.78678268e-01  2.80611187e-01
  2.41447054e-02  1.64353345e-02  8.04207940e-03 -1.15280284e-03 -1.11737903e-02
 -2.18868759e-02 -3.18776555e-02 -3.91008705e-02 -4.32046168e-02 -4.41794358e-02
 -4.62184101e-02 -5.05003259e-02 -5.54080270e-02 -5.90222962e-02 -6.09731786e-02
 -6.11529090e-02 -5.94515018e-02 -5.57101332e-02 -4.97090705e-02 -4.11907211e-02
 -3.01133040e-02 -1.82080138e-02 -7.04823481e-03  3.37063381e-03  1.32446503e-02
  2.27669906e-02  3.21094021e-02  4.14310172e-02  5.08966334e-02  6.06739894e-02
  7.00483695e-02  7.87856877e-02  8.69817808e-02  9.46315303e-02  1.01705372e-01
  1.08112924e-01  1.14191100e-01  1.20724440e-01  1.27606571e-01  1.34771511e-01
  1.42180443e-01  1.49808004e-01  1.57634050e-01  1.65638521e-01  1.73798278e-01
  1.82085231e-01  1.90465331e-01  1.98898107e-01  2.07336485e-01  2.15726897e-01
  2.24009782e-01  2.32120559e-01  2.39991099e-01  2.47551739e-01  2.54733860e-01
  2.61472762e-01  2.67710805e-01  2.73400187e-01  2.78505445e-01  2.83004850e-01
  2.86891311e-01  2.90171742e-01  2.92865902e-01  2.95004189e-01  2.96625286e-01
  2.04518996e-02  1.22287432e-02  3.15684336e-03 -7.16354465e-03 -1.89128146e-02
 -2.85377093e-02 -3.52417231e-02 -3.89221720e-02 -3.94987352e-02 -3.96463014e-02
 -4.05301191e-02 -4.20428030e-02 -4.37004566e-02 -4.49546278e-02 -4.53810729e-02
 -4.47017439e-02 -4.27351743e-02 -3.93630192e-02 -3.45319323e-02 -2.82949321e-02
 -2.08800659e-02 -1.26928138e-02 -4.14735172e-03  4.49827593e-03  1.31410938e-02
  2.17687767e-02  3.04116998e-02  3.91159877e-02  4.79240119e-02  5.68197072e-02
  6.55755475e-02  7.40444288e-02  8.22128728e-02  9.00819004e-02  9.76540297e-02
  1.04954630e-01  1.12182684e-01  1.19612984e-01  1.27303898e-01  1.35260239e-01
  1.43476963e-01  1.51945338e-01  1.60653502e-01  1.69585630e-01  1.78720683e-01
  1.88031062e-01  1.97481439e-01  2.07027733e-01  2.16616169e-01  2.26182863e-01
  2.35653654e-01  2.44944945e-01  2.53965318e-01  2.62618393e-01  2.70806849e-01
  2.78437406e-01  2.85426289e-01  2.91704625e-01  2.97222853e-01  3.01953673e-01
  3.05893093e-01  3.09059381e-01  3.11490297e-01  3.13238919e-01  3.14368874e-01
  1.79679506e-02  9.91524663e-03  1.30929635e-03 -8.17540474e-03 -1.83136165e-02
 -2.51038857e-02 -2.81269792e-02 -2.94792764e-02 -3.05185411e-02 -3.14314216e-02
 -3.23194191e-02 -3.31622772e-02 -3.38261575e-02 -3.41150016e-02 -3.38269807e-02
 -3.27902511e-02 -3.08777895e-02 -2.80130878e-02 -2.41759941e-02 -1.94097571e-02
 -1.38217201e-02 -7.56616564e-03 -8.08602839e-04  6.31008344e-03  1.36907650e-02
  2.12737154e-02  2.90264320e-02  3.69287878e-02  4.49577346e-02  5.30742481e-02
  6.12239540e-02  6.93575144e-02  7.74475038e-02  8.54899064e-02  9.35035422e-02
  1.01533838e-01  1.09652534e-01  1.17938139e-01  1.26451224e-01  1.35229006e-01
  1.44291535e-01  1.53647646e-01  1.63297772e-01  1.73235014e-01  1.83444872e-01
  1.93904251e-01  2.04580054e-01  2.15427369e-01  2.26387560e-01  2.37386420e-01
  2.48332724e-01  2.59117782e-01  2.69616723e-01  2.79691935e-01  2.89199263e-01
  2.97996879e-01  3.05955589e-01  3.12969476e-01  3.18964839e-01  3.23905975e-01
  3.27796847e-01  3.30678701e-01  3.32623422e-01  3.33724946e-01  3.34089667e-01
  1.58598218e-02  8.43335595e-03  1.38753396e-03 -5.46101714e-03 -1.17849438e-02
 -1.55998887e-02 -1.83373895e-02 -2.03778800e-02 -2.19509061e-02 -2.31951885e-02
 -2.41787359e-02 -2.49070674e-02 -2.53339000e-02 -2.53782626e-02 -2.49446183e-02
 -2.39409134e-02 -2.22919360e-02 -1.99482162e-02 -1.68913435e-02 -1.31357843e-02
 -8.72603804e-03 -3.72858695e-03  1.77990797e-03  7.72453006e-03  1.40403751e-02
  2.06756014e-02  2.75900699e-02  3.47514972e-02  4.21312116e-02  4.97015826e-02
  5.74366972e-02  6.53159544e-02  7.33282715e-02  8.14747661e-02  8.97697881e-02
  9.82401446e-02  1.06922038e-01  1.15855478e-01  1.25078261e-01  1.34622097e-01
  1.44511282e-01  1.54762805e-01  1.65386811e-01  1.76386386e-01  1.87757015e-01
  1.99485049e-01  2.11545646e-01  2.23899707e-01  2.36490220e-01  2.49237761e-01
  2.62035877e-01  2.74746895e-01  2.87200123e-01  2.99194217e-01  3.10506016e-01
  3.20906430e-01  3.30181897e-01  3.38156939e-01  3.44713211e-01  3.49801898e-01
  3.53446752e-01  3.55737478e-01  3.56814712e-01  3.56849730e-01  3.56024295e-01
  1.17901675e-02  4.12218692e-03  1.23014353e-04 -2.93243397e-03 -6.00875635e-03
 -8.74179415e-03 -1.10507207e-02 -1.29758688e-02 -1.45754702e-02 -1.58923138e-02
 -1.69446804e-02 -1.77250728e-02 -1.82031598e-02 -1.83317866e-02 -1.80547871e-02
 -1.73150692e-02 -1.60618611e-02 -1.42565286e-02 -1.18768075e-02 -8.91914498e-03
 -5.39717218e-03 -1.33807166e-03  3.22234700e-03  8.24482646e-03  1.36908963e-02
  1.95255224e-02  2.57181395e-02  3.22425775e-02  3.90765443e-02  4.62013930e-02
  5.36025278e-02  6.12704493e-02  6.92020208e-02  7.74013847e-02  8.58802572e-02
  9.46573243e-02  1.03756785e-01  1.13206208e-01  1.23034313e-01  1.33269012e-01
  1.43936113e-01  1.55058518e-01  1.66655689e-01  1.78742841e-01  1.91329986e-01
  2.04420120e-01  2.18006521e-01  2.32068777e-01  2.46566817e-01  2.61432827e-01
  2.76560426e-01  2.91791439e-01  3.06902915e-01  3.21599036e-01  3.35518122e-01
  3.48262340e-01  3.59448075e-01  3.68759900e-01  3.75992119e-01  3.81073534e-01
  3.84075075e-01  3.85196179e-01  3.84726405e-01  3.82992744e-01  3.80312264e-01
  9.97294951e-03  2.32098182e-03 -8.02642753e-05 -9.07266978e-04 -2.20973464e-03
 -3.73846618e-03 -5.32113388e-03 -6.85885921e-03 -8.29547178e-03 -9.59398691e-03
 -1.07224220e-02 -1.16465362e-02 -1.23270731e-02 -1.27198370e-02 -1.27774253e-02
 -1.24517018e-02 -1.16963964e-02 -1.04698194e-02 -8.73890519e-03 -6.48910925e-03
 -3.71808629e-03 -4.33378154e-04  3.34993028e-03  7.61252036e-03  1.23334378e-02
  1.74919497e-02  2.30688434e-02  2.90472116e-02  3.54129188e-02  4.21549864e-02
  4.92660552e-02  5.67428954e-02  6.45869300e-02  7.28045925e-02  8.14074129e-02
  9.04117599e-02  9.98382792e-02  1.09711058e-01  1.20056748e-01  1.30903766e-01
  1.42281651e-01  1.54220670e-01  1.66751429e-01  1.79904550e-01  1.93710074e-01
  2.08196357e-01  2.23388091e-01  2.39302814e-01  2.55944908e-01  2.73295343e-01
  2.91294813e-01  3.09816033e-01  3.28622043e-01  3.47311348e-01  3.65274906e-01
  3.81737292e-01  3.95928949e-01  4.07250881e-01  4.15332019e-01  4.20049369e-01
  4.21564311e-01  4.20341074e-01  4.17043775e-01  4.12339926e-01  4.06779319e-01
  1.15489652e-02  4.15227795e-03  2.59057060e-03  2.60383287e-03  2.09121779e-03
  1.19627244e-03  4.33013374e-05 -1.26216386e-03 -2.63423100e-03 -4.00255015e-03
 -5.30723948e-03 -6.49463851e-03 -7.51437154e-03 -8.31757858e-03 -8.85586813e-03
 -9.08032432e-03 -8.93956330e-03 -8.37495178e-03 -7.30865821e-03 -5.73889120e-03
 -3.65672028e-03 -1.05942914e-03  2.04607053e-03  5.65078016e-03  9.74468235e-03
  1.43170850e-02  1.93578843e-02  2.48583220e-02  3.08114681e-02  3.72127146e-02
  4.40602116e-02  5.13552614e-02  5.91026843e-02  6.73110783e-02  7.59929866e-02
  8.51649269e-02  9.48472694e-02  1.05064109e-01  1.15843095e-01  1.27215371e-01
  1.39215663e-01  1.51882514e-01  1.65258735e-01  1.79392055e-01  1.94335848e-01
  2.10149959e-01  2.26901367e-01  2.44664446e-01  2.63520002e-01  2.83551842e-01
  3.04836869e-01  3.27421337e-01  3.51262212e-01  3.76090318e-01  4.01111931e-01
  4.24188972e-01  4.43418294e-01  4.57941592e-01  4.67219114e-01  4.70937043e-01
  4.69077140e-01  4.62672621e-01  4.53984588e-01  4.44315463e-01  4.34442133e-01
  1.60314720e-02  8.96377210e-03  7.61564961e-03  7.91868754e-03  7.65014952e-03
  6.90766564e-03  5.79682877e-03  4.42053704e-03  2.87231524e-03  1.23423373e-03
 -4.22432873e-04 -2.03539059e-03 -3.54931667e-03 -4.91411379e-03 -6.08357182e-03
 -7.01452047e-03 -7.66690867e-03 -8.00656434e-03 -7.57565163e-03 -6.68244483e-03
 -5.26419887e-03 -3.29654710e-03 -8.05471034e-04  2.20640795e-03  5.73874358e-03
  9.78652854e-03  1.43462848e-02  1.94159374e-02  2.49942914e-02  3.10817640e-02
  3.76808010e-02  4.47961427e-02  5.24352156e-02  6.06084503e-02  6.93295896e-02
  7.86158741e-02  8.84882584e-02  9.89716277e-02  1.10095091e-01  1.21892445e-01
  1.34402812e-01  1.47671580e-01  1.61751658e-01  1.76705286e-01  1.92606360e-01
  2.09543616e-01  2.27624953e-01  2.46983305e-01  2.67785072e-01  2.90242165e-01
  3.14630389e-01  3.41320038e-01  3.70833188e-01  4.03983921e-01  4.41469461e-01
  4.75297272e-01  5.01933396e-01  5.21182060e-01  5.32622397e-01  5.35290122e-01
  5.28885603e-01  5.11988044e-01  4.93352443e-01  4.76182282e-01  4.60645050e-01
  2.30980422e-02  1.63526330e-02  1.50309624e-02  1.52807748e-02  1.48397274e-02
  1.38196601e-02  1.23514561e-02  1.05549870e-02  8.53391923e-03  6.37581619e-03
  4.15427797e-03  1.93152076e-03 -2.39269910e-04 -2.31197779e-03 -4.24582465e-03
 -6.00328716e-03 -7.54615199e-03 -8.82577524e-03 -9.43887513e-03 -9.40992963e-03
 -8.70549865e-03 -7.24030705e-03 -5.32147475e-03 -2.86964863e-03  1.49016836e-04
  3.71322641e-03  7.82673806e-03  1.24961538e-02  1.77235771e-02  2.35131439e-02
  2.98707597e-02  3.68034802e-02  4.43202965e-02  5.24326861e-02  6.11550137e-02
  7.05048218e-02  8.05031061e-02  9.11747441e-02  1.02549009e-01  1.14660323e-01
  1.27549261e-01  1.41263872e-01  1.55861512e-01  1.71411186e-01  1.87996954e-01
  2.05722421e-01  2.24717185e-01  2.45146021e-01  2.67222375e-01  2.91228890e-01
  3.17549676e-01  3.46722722e-01  3.79525989e-01  4.17104125e-01  4.61037219e-01
  5.06092966e-01  5.40939033e-01  5.65427899e-01  5.79777181e-01  5.83823681e-01
  5.76081336e-01  5.55699289e-01  5.26323080e-01  5.01435518e-01  4.80534375e-01
  3.30033153e-02  2.65481193e-02  2.53877025e-02  2.51623578e-02  2.39968076e-02
  2.21701972e-02  1.98831055e-02  1.72805861e-02  1.44694159e-02  1.15311146e-02
  8.53014179e-03  5.51886484e-03  2.54046498e-03 -3.69647343e-04 -3.18385032e-03
 -5.88434096e-03 -8.46883096e-03 -1.05323214e-02 -1.20165898e-02 -1.28872087e-02
 -1.31154349e-02 -1.26792481e-02 -1.15825124e-02 -9.77682602e-03 -7.16338865e-03
 -4.06484026e-03 -3.90557136e-04  3.90075706e-03  8.79133027e-03  1.42900897e-02
  2.04087552e-02  2.71539986e-02  3.45345996e-02  4.25618477e-02  5.12499139e-02
  6.06158078e-02  7.06794336e-02  8.14639777e-02  9.29965377e-02  1.05309017e-01
  1.18439145e-01  1.32431850e-01  1.47340998e-01  1.63231730e-01  1.80183455e-01
  1.98294014e-01  2.17685193e-01  2.38510445e-01  2.60965437e-01  2.85302818e-01
  3.11852366e-01  3.41047555e-01  3.73457074e-01  4.09815133e-01  4.51040804e-01
  4.97954786e-01  5.37775517e-01  5.66180289e-01  5.83569765e-01  5.90073526e-01
  5.85978270e-01  5.69780469e-01  5.41192472e-01  5.11972666e-01  4.88493413e-01
  4.80972826e-02  4.25816551e-02  4.02326323e-02  3.81577723e-02  3.52278613e-02
  3.18651125e-02  2.82436032e-02  2.44581867e-02  2.05714591e-02  1.66302267e-02
  1.26723209e-02  8.72977544e-03  4.83038835e-03  9.98486183e-04 -2.74486374e-03
 -6.38227863e-03 -9.90186166e-03 -1.28703080e-02 -1.52606936e-02 -1.70459077e-02
 -1.81995872e-02 -1.86970085e-02 -1.85154229e-02 -1.76283028e-02 -1.60122644e-02
 -1.36699826e-02 -1.05477730e-02 -6.53857132e-03 -1.98484934e-03  3.21273995e-03
  9.09948070e-03  1.56562589e-02  2.28903983e-02  3.08118314e-02  3.94348912e-02
  4.87761237e-02  5.88530786e-02  6.96852058e-02  8.12947452e-02  9.37076062e-02
  1.06954291e-01  1.21070914e-01  1.36100426e-01  1.52094111e-01  1.69113412e-01
  1.87232211e-01  2.06539571e-01  2.27142960e-01  2.49171928e-01  2.72781849e-01
  2.98156798e-01  3.25510442e-01  3.55082363e-01  3.87130022e-01  4.21927452e-01
  4.59851891e-01  4.98623282e-01  5.26299655e-01  5.44341564e-01  5.53520799e-01
  5.53502262e-01  5.45022964e-01  5.26847363e-01  5.01282930e-01  4.80676562e-01
  6.87519014e-02  6.56740740e-02  5.94496429e-02  5.31147718e-02  4.74427454e-02
  4.20494638e-02  3.67946997e-02  3.16204391e-02  2.65028160e-02  2.14344468e-02
  1.64167583e-02  1.14562400e-02  6.56260829e-03  1.74818549e-03 -2.97124241e-03
 -7.57265836e-03 -1.20146396e-02 -1.58921164e-02 -1.91920735e-02 -2.18924657e-02
 -2.39673033e-02 -2.53890492e-02 -2.61296518e-02 -2.61607990e-02 -2.54551042e-02
 -2.39868723e-02 -2.17262618e-02 -1.86469611e-02 -1.47508103e-02 -9.98036284e-03
 -4.22371598e-03  2.15134281e-03  9.23597068e-03  1.70326699e-02  2.55638603e-02
  3.48500311e-02  4.49033044e-02  5.57364263e-02  6.73637912e-02  7.98023641e-02
  9.30720717e-02  1.07196227e-01  1.22201964e-01  1.38120666e-01  1.54988334e-01
  1.72845766e-01  1.91738337e-01  2.11715013e-01  2.32825980e-01  2.55117774e-01
  2.78624326e-01  3.03350329e-01  3.29242080e-01  3.56133670e-01  3.83641332e-01
  4.10933524e-01  4.36327130e-01  4.57604498e-01  4.73440111e-01  4.83417004e-01
  4.87520576e-01  4.86027569e-01  4.79674459e-01  4.70072329e-01  4.59489316e-01
  8.39573666e-02  8.16609561e-02  7.41371587e-02  6.58886135e-02  5.83592504e-02
  5.13192602e-02  4.46104109e-02  3.81303728e-02  3.18150781e-02  2.56251246e-02
  1.95370130e-02  1.35375857e-02  7.62036210e-03  1.78262196e-03 -3.97824170e-03
 -9.67232697e-03 -1.49144521e-02 -1.96494851e-02 -2.38379538e-02 -2.74454802e-02
 -3.04389987e-02 -3.27855535e-02 -3.44520360e-02 -3.54052745e-02 -3.56123149e-02
 -3.50406170e-02 -3.36578786e-02 -3.14330123e-02 -2.83364765e-02 -2.43330095e-02
 -1.93874054e-02 -1.34848561e-02 -6.52479846e-03  1.10117660e-03  9.50151682e-03
  1.87231358e-02  2.87407767e-02  3.95568237e-02  5.11747971e-02  6.36013448e-02
  7.68445134e-02  9.09134522e-02  1.05818026e-01  1.21568464e-01  1.38174623e-01
  1.55644774e-01  1.73983514e-01  1.93188459e-01  2.13245258e-01  2.34119833e-01
  2.55746663e-01  2.78011560e-01  3.00726563e-01  3.23595107e-01  3.46169442e-01
  3.67817104e-01  3.87744635e-01  4.05131370e-01  4.19319242e-01  4.29924935e-01
  4.36854720e-01  4.40293998e-01  4.40701753e-01  4.38769341e-01  4.35279846e-01
  9.40591469e-02  9.19310004e-02  8.43805596e-02  7.54245222e-02  6.69339299e-02
  5.88361472e-02  5.10497689e-02  4.35048938e-02  3.61466482e-02  2.89341751e-02
  2.18382198e-02  1.48387486e-02  7.92332273e-03  1.08694460e-03 -5.66489203e-03
 -1.23053985e-02 -1.84485819e-02 -2.40801442e-02 -2.91737076e-02 -3.36975716e-02
 -3.76172848e-02 -4.08967510e-02 -4.34988476e-02 -4.53858860e-02 -4.65200208e-02
 -4.68636453e-02 -4.63797785e-02 -4.50325087e-02 -4.27873619e-02 -3.96114588e-02
 -3.54754440e-02 -3.03563848e-02 -2.42372919e-02 -1.71330180e-02 -8.99331551e-03
  2.89158896e-04  1.02969147e-02  2.11167522e-02  3.27343084e-02  4.51521948e-02
  5.83676919e-02  7.23769665e-02  8.71739537e-02  1.02749996e-01  1.19092882e-01
  1.36185035e-01  1.54000893e-01  1.72503278e-01  1.91638455e-01  2.11329728e-01
  2.31469065e-01  2.51906782e-01  2.72440016e-01  2.92801768e-01  3.12655270e-01
  3.31601113e-01  3.49204957e-01  3.65046382e-01  3.78776222e-01  3.90163451e-01
  3.99120778e-01  4.05709654e-01  4.10126537e-01  4.12669271e-01  4.13685143e-01
  1.01636589e-01  9.95705873e-02  9.17325988e-02  8.23673978e-02  7.33030513e-02
  6.45066127e-02  5.59381954e-02  4.75575700e-02  3.93284522e-02  3.12202107e-02
  2.32079066e-02  1.52713377e-02  7.39326049e-03 -4.43715864e-04 -8.26311857e-03
 -1.56946387e-02 -2.26864815e-02 -2.91992687e-02 -3.51964794e-02 -4.06411253e-02
 -4.54947948e-02 -4.97175232e-02 -5.32680638e-02 -5.61042614e-02 -5.81835471e-02
 -5.94634451e-02 -5.99021316e-02 -5.94590269e-02 -5.80954105e-02 -5.57751320e-02
 -5.24654724e-02 -4.81380001e-02 -4.27687764e-02 -3.63381431e-02 -2.88224984e-02
 -2.02009603e-02 -1.04781631e-02  4.29664477e-04  1.20694637e-02  2.45191231e-02
  3.77500430e-02  5.17492369e-02  6.64957464e-02  8.19652155e-02  9.81293097e-02
  1.14953421e-01  1.32393926e-01  1.50395170e-01  1.68885872e-01  1.87775150e-01
  2.06948012e-01  2.26260886e-01  2.45537981e-01  2.64569908e-01  2.83116341e-01
  3.00914913e-01  3.17696810e-01  3.33208114e-01  3.47232878e-01  3.59613121e-01
  3.70261550e-01  3.79165441e-01  3.86380821e-01  3.92018616e-01  3.96225184e-01
  1.07132196e-01  1.05030172e-01  9.69294161e-02  8.72841775e-02  7.78291449e-02
  6.85338527e-02  5.93729094e-02  5.03227077e-02  4.13620956e-02  3.24725062e-02
  2.36380529e-02  1.48455184e-02  6.08424656e-03 -2.65438296e-03 -1.13787064e-02
 -1.96878128e-02 -2.75602806e-02 -3.49676050e-02 -4.18763794e-02 -4.82493117e-02
 -5.40459231e-02 -5.92231415e-02 -6.37358576e-02 -6.75375462e-02 -7.05808699e-02
 -7.28183240e-02 -7.42029473e-02 -7.46890083e-02 -7.42327273e-02 -7.27930367e-02
 -7.03322589e-02 -6.68167397e-02 -6.22171946e-02 -5.65088429e-02 -4.96711582e-02
 -4.16893736e-02 -3.25564146e-02 -2.22697295e-02 -1.08533846e-02  1.75983249e-03
  1.50804855e-02  2.91702095e-02  4.39766645e-02  5.94616085e-02  7.55885169e-02
  9.23149735e-02  1.09589726e-01  1.27350599e-01  1.45522684e-01  1.64016455e-01
  1.82725951e-01  2.01527327e-01  2.20278293e-01  2.38819033e-01  2.56975323e-01
  2.74564028e-01  2.91401237e-01  3.07311624e-01  3.22138458e-01  3.35751832e-01
  3.48054439e-01  3.58983636e-01  3.68510514e-01  3.76636058e-01  3.83386284e-01
  1.10620543e-01  1.08349927e-01  1.00347131e-01  9.05651078e-02  8.08598697e-02
  7.11977109e-02  6.15631901e-02  5.19495308e-02  4.23509777e-02  3.27611864e-02
  2.31736824e-02  1.35831153e-02  3.98760987e-03 -5.60622476e-03 -1.51712904e-02
 -2.43281033e-02 -3.30658779e-02 -4.13602218e-02 -4.91783395e-02 -5.64815775e-02
 -6.32268712e-02 -6.93676844e-02 -7.48548284e-02 -7.96371400e-02 -8.36622566e-02
 -8.68773386e-02 -8.92298818e-02 -9.06685069e-02 -9.11437944e-02 -9.06090960e-02
 -8.90213326e-02 -8.63417313e-02 -8.25364590e-02 -7.75772035e-02 -7.14417621e-02
 -6.41147643e-02 -5.55883944e-02 -4.58628833e-02 -3.49477343e-02 -2.28583552e-02
 -9.63987689e-03  4.75155143e-03  1.97759941e-02  3.54256667e-02  5.16827703e-02
  6.85073063e-02  8.58474448e-02  1.03640750e-01  1.21815056e-01  1.40288576e-01
  1.58969611e-01  1.77756250e-01  1.96536601e-01  2.15189606e-01  2.33586892e-01
  2.51595289e-01  2.69080073e-01  2.85908371e-01  3.01952094e-01  3.17089945e-01
  3.31208289e-01  3.44201267e-01  3.55970949e-01  3.66428971e-01  3.75500679e-01
  1.12675771e-01  1.10019028e-01  1.02179758e-01  9.26281139e-02  8.28091726e-02
  7.28382170e-02  6.27735406e-02  5.26407808e-02  4.24506366e-02  3.22059840e-02
  2.19050106e-02  1.15422094e-02  1.10733195e-03 -9.41904727e-03 -1.96728352e-02
 -2.96016969e-02 -3.91656235e-02 -4.83264737e-02 -5.70439734e-02 -6.52743578e-02
 -7.29701594e-02 -8.00804570e-02 -8.65513608e-02 -9.23266932e-02 -9.73486975e-02
 -1.01558812e-01 -1.04898579e-01 -1.07310519e-01 -1.08739048e-01 -1.09131448e-01
 -1.08438738e-01 -1.06616594e-01 -1.03626154e-01 -9.94348228e-02 -9.40168947e-02
 -8.73542503e-02 -7.94367418e-02 -7.02624172e-02 -5.98372631e-02 -4.81740050e-02
 -3.52900922e-02 -2.11969335e-02 -5.90742426e-03  9.98821296e-03  2.65334565e-02
  4.36532311e-02  6.12905733e-02  7.93793723e-02  9.78497043e-02  1.16628565e-01
  1.35639399e-01  1.54801607e-01  1.74030423e-01  1.93237126e-01  2.12329477e-01
  2.31212214e-01  2.49787346e-01  2.67953455e-01  2.85604060e-01  3.02624106e-01
  3.18885207e-01  3.34239841e-01  3.48517567e-01  3.61526817e-01  3.73067111e-01
  1.15723990e-01  1.13069803e-01  1.04630783e-01  9.44912210e-02  8.42221677e-02
  7.38037005e-02  6.32560030e-02  5.25938012e-02  4.18247730e-02  3.09518091e-02
  1.99748483e-02  8.89206212e-03 -2.29966803e-03 -1.36057595e-02 -2.46322732e-02
 -3.53563614e-02 -4.57476266e-02 -5.57697676e-02 -6.53811842e-02 -7.45353550e-02
 -8.31811875e-02 -9.12635475e-02 -9.87238064e-02 -1.05500571e-01 -1.11530408e-01
 -1.16748750e-01 -1.21090814e-01 -1.24492586e-01 -1.26891866e-01 -1.28229350e-01
 -1.28449604e-01 -1.27502158e-01 -1.25342473e-01 -1.21932797e-01 -1.17243059e-01
 -1.11251488e-01 -1.03945225e-01 -9.53206792e-02 -8.53837803e-02 -7.41501674e-02
 -6.16456531e-02 -4.79077846e-02 -3.29922475e-02 -1.69856325e-02  1.31569614e-04
  1.77626833e-02  3.59426960e-02  5.45826815e-02  7.36125559e-02  9.29697752e-02
  1.12594612e-01  1.32428259e-01  1.52412176e-01  1.72488004e-01  1.92597434e-01
  2.12681890e-01  2.32681304e-01  2.52531528e-01  2.72159398e-01  2.91474313e-01
  3.10355365e-01  3.28632385e-01  3.46062601e-01  3.62310737e-01  3.76957774e-01
  1.18243977e-01  1.15536600e-01  1.06721655e-01  9.59668756e-02  8.51361305e-02
  7.41987750e-02  6.31351024e-02  5.19357324e-02  4.05955017e-02  2.91108470e-02
  1.74794029e-02  5.70149906e-03 -6.21527713e-03 -1.82444546e-02 -3.00144609e-02
 -4.15136889e-02 -5.27161136e-02 -6.35860786e-02 -7.40805715e-02 -8.41503888e-02
 -9.37409177e-02 -1.02792799e-01 -1.11242585e-01 -1.19023502e-01 -1.26066282e-01
 -1.32300094e-01 -1.37653500e-01 -1.42055631e-01 -1.45437241e-01 -1.47731960e-01
 -1.48877367e-01 -1.48816273e-01 -1.47497773e-01 -1.44878283e-01 -1.40922502e-01
 -1.35604233e-01 -1.28907070e-01 -1.20824896e-01 -1.11362293e-01 -1.00534886e-01
 -8.83696526e-02 -7.49053806e-02 -6.01931140e-02 -4.42953482e-02 -2.72803716e-02
 -9.24808718e-03  9.80197918e-03  2.92500611e-02  4.90666702e-02  6.92168027e-02
  8.96644294e-02  1.10374823e-01  1.31316066e-01  1.52460039e-01  1.73783287e-01
  1.95267379e-01  2.16898412e-01  2.38665298e-01  2.60555536e-01  2.82546788e-01
  3.04590732e-01  3.26583087e-01  3.48306417e-01  3.69314998e-01  3.88714105e-01
  1.19947113e-01  1.17126077e-01  1.07747659e-01  9.66183990e-02  8.53740424e-02
  7.39903525e-02  6.24514632e-02  5.07441424e-02  3.88574488e-02  2.67815720e-02
  1.45062190e-02  2.01795669e-03 -1.07051516e-02 -2.33095754e-02 -3.57457474e-02
 -4.79747504e-02 -5.99579997e-02 -7.16531724e-02 -8.30127224e-02 -9.39834788e-02
 -1.04506738e-01 -1.14518687e-01 -1.23950928e-01 -1.32731229e-01 -1.40784323e-01
 -1.48032948e-01 -1.54398829e-01 -1.59803927e-01 -1.64171636e-01 -1.67428136e-01
 -1.69503585e-01 -1.70333549e-01 -1.69860169e-01 -1.68033391e-01 -1.64811999e-01
 -1.60164565e-01 -1.54070169e-01 -1.46519020e-01 -1.37512788e-01 -1.27064764e-01
 -1.15199797e-01 -1.01953842e-01 -8.73731896e-02 -7.15128481e-02 -5.44339903e-02
 -3.62011418e-02 -1.68708432e-02  3.49643105e-03  2.42290441e-02  4.53034453e-02
  6.66990951e-02  8.84002298e-02  1.10397711e-01  1.32690877e-01  1.55289605e-01
  1.78216502e-01  2.01509088e-01  2.25222155e-01  2.49429733e-01  2.74226457e-01
  2.99727172e-01  3.26062411e-01  3.53360206e-01  3.81648988e-01  4.09527421e-01
  1.20367602e-01  1.17336065e-01  1.07958525e-01  9.65570658e-02  8.49844366e-02
  7.32284784e-02  6.12744279e-02  4.91088293e-02  3.67200598e-02  2.40980759e-02
  1.12339100e-02 -1.88111619e-03 -1.52572282e-02 -2.85134073e-02 -4.16301899e-02
 -5.45791499e-02 -6.73244596e-02 -7.98233300e-02 -9.20262486e-02 -1.03877142e-01
 -1.15313746e-01 -1.26268014e-01 -1.36666745e-01 -1.46432266e-01 -1.55483365e-01
 -1.63736239e-01 -1.71105728e-01 -1.77506462e-01 -1.82854295e-01 -1.87067658e-01
 -1.90068990e-01 -1.91786245e-01 -1.92154214e-01 -1.91115841e-01 -1.88623503e-01
 -1.84639931e-01 -1.79139122e-01 -1.72106877e-01 -1.63541242e-01 -1.53452471e-01
 -1.41862825e-01 -1.28805950e-01 -1.14325814e-01 -9.84752402e-02 -8.13140050e-02
 -6.29066303e-02 -4.33199257e-02 -2.26228479e-02 -8.85534100e-04  2.11903788e-02
  4.35937569e-02  6.63216487e-02  8.93812925e-02  1.12792686e-01  1.36591762e-01
  1.60834521e-01  1.85602188e-01  2.11008355e-01  2.37208486e-01  2.64413744e-01
  2.92912006e-01  3.23102564e-01  3.55563790e-01  3.91203552e-01  4.28376198e-01
  1.20311916e-01  1.17076002e-01  1.07536346e-01  9.59155932e-02  8.40854123e-02
  7.20250010e-02  5.97147383e-02  4.71407026e-02  3.42925265e-02  2.11622771e-02
  7.74525153e-03 -5.95594430e-03 -1.99202877e-02 -3.37890796e-02 -4.75543030e-02
 -6.11924678e-02 -7.46691674e-02 -8.79410878e-02 -1.00956976e-01 -1.13658153e-01
 -1.25979036e-01 -1.37847587e-01 -1.49185941e-01 -1.59911186e-01 -1.69936240e-01
 -1.79170892e-01 -1.87523082e-01 -1.94900140e-01 -2.01210290e-01 -2.06364155e-01
 -2.10276335e-01 -2.12866932e-01 -2.14063197e-01 -2.13800848e-01 -2.12025538e-01
 -2.08693877e-01 -2.03774467e-01 -1.97248563e-01 -1.89110398e-01 -1.79367319e-01
 -1.68039501e-01 -1.55159324e-01 -1.40770331e-01 -1.24925971e-01 -1.07687935e-01
 -8.91243443e-02 -6.93078563e-02 -4.83139269e-02 -2.62188669e-02 -3.09755839e-03
  2.03285795e-02  4.40627784e-02  6.81203082e-02  9.25312936e-02  1.17344432e-01
  1.42631933e-01  1.68496057e-01  1.95078164e-01  2.22571358e-01  2.51238555e-01
  2.81437933e-01  3.13657165e-01  3.48553240e-01  3.86978000e-01  4.28057492e-01
  1.20033950e-01  1.16626717e-01  1.06527902e-01  9.48048905e-02  8.28269124e-02
  7.05369115e-02  5.79226278e-02  4.49799560e-02  3.17037143e-02  1.80849805e-02
  4.10910230e-03 -1.02485325e-02 -2.46462505e-02 -3.90396342e-02 -5.33939190e-02
 -6.76737279e-02 -8.18388462e-02 -9.58424509e-02 -1.09630413e-01 -1.23141177e-01
 -1.36305839e-01 -1.49048537e-01 -1.61286995e-01 -1.72933266e-01 -1.83894619e-01
 -1.94074690e-01 -2.03374654e-01 -2.11694732e-01 -2.18935624e-01 -2.25000262e-01
 -2.29795411e-01 -2.33233422e-01 -2.35233948e-01 -2.35725492e-01 -2.34646901e-01
 -2.31948718e-01 -2.27594122e-01 -2.21559867e-01 -2.13836595e-01 -2.04429120e-01
 -1.93356097e-01 -1.80649534e-01 -1.66353837e-01 -1.50524557e-01 -1.33226842e-01
 -1.14533789e-01 -9.45243910e-02 -7.32815862e-02 -5.08900136e-02 -2.74335649e-02
 -2.99272174e-03  2.16982365e-02  4.66534570e-02  7.19010681e-02  9.74865407e-02
  1.23477034e-01  1.49966598e-01  1.77083194e-01  2.04998657e-01  2.33943030e-01
  2.64225900e-01  2.96269119e-01  3.30657989e-01  3.68215978e-01  4.08349484e-01
  1.17906757e-01  1.13869861e-01  1.04884632e-01  9.35446024e-02  8.15047175e-02
  6.89987168e-02  5.60888126e-02  4.27956693e-02  2.91235168e-02  1.50678689e-02
  6.18283113e-04 -1.42405396e-02 -2.91383173e-02 -4.40585017e-02 -5.89762405e-02
 -7.38593638e-02 -8.86681899e-02 -1.03355162e-01 -1.17864676e-01 -1.32133007e-01
 -1.46088466e-01 -1.59651801e-01 -1.72736719e-01 -1.85250595e-01 -1.97095439e-01
 -2.08169013e-01 -2.18366131e-01 -2.27580190e-01 -2.35704705e-01 -2.42635205e-01
 -2.48270869e-01 -2.52516568e-01 -2.55284518e-01 -2.56496251e-01 -2.56084055e-01
 -2.53992468e-01 -2.50179589e-01 -2.44617805e-01 -2.37294555e-01 -2.28212461e-01
 -2.17389241e-01 -2.04857185e-01 -1.90662280e-01 -1.74863115e-01 -1.57529280e-01
 -1.38739735e-01 -1.18580908e-01 -9.71445590e-02 -7.45257288e-02 -5.08203916e-02
 -2.61231158e-02 -5.24506264e-04  2.52315532e-02  5.11601791e-02  7.72895887e-02
  1.03664950e-01  1.30349457e-01  1.57425761e-01  1.84998214e-01  2.13195905e-01
  2.42176801e-01  2.72134453e-01  3.03315401e-01  3.36095691e-01  3.70469213e-01
  1.18988499e-01  1.15207233e-01  1.05134405e-01  9.29762349e-02  8.04891363e-02
  6.76200539e-02  5.43606579e-02  4.07080352e-02  2.66570728e-02  1.22002000e-02
 -2.67204992e-03 -1.79718509e-02 -3.33295129e-02 -4.87352163e-02 -6.41696379e-02
 -7.96039328e-02 -9.49999243e-02 -1.10310271e-01 -1.25478551e-01 -1.40439436e-01
 -1.55118972e-01 -1.69434950e-01 -1.83297470e-01 -1.96609706e-01 -2.09268853e-01
 -2.21167311e-01 -2.32194006e-01 -2.42236018e-01 -2.51180172e-01 -2.58915037e-01
 -2.65332758e-01 -2.70331085e-01 -2.73815334e-01 -2.75700390e-01 -2.75912344e-01
 -2.74390250e-01 -2.71087289e-01 -2.65971988e-01 -2.59028882e-01 -2.50258774e-01
 -2.39678785e-01 -2.27321953e-01 -2.13236317e-01 -1.97483912e-01 -1.80139244e-01
 -1.61287606e-01 -1.41023323e-01 -1.19447678e-01 -9.66669843e-02 -7.27906898e-02
 -4.79296371e-02 -2.21946947e-02  4.30446863e-03  3.08113601e-02  5.73240444e-02
  8.38624164e-02  1.10454530e-01  1.37130603e-01  1.63917661e-01  1.90831438e-01
  2.17861131e-01  2.44939640e-01  2.71880478e-01  2.98239499e-01  3.23085457e-01
  1.19635001e-01  1.15837134e-01  1.05119370e-01  9.25001875e-02  7.95978829e-02
  6.63598925e-02  5.27541041e-02  3.87572870e-02  2.43515149e-02  9.52334702e-03
 -5.73301176e-03 -2.14054659e-02 -3.71522941e-02 -5.29746003e-02 -6.88574612e-02
 -8.47737715e-02 -1.00685827e-01 -1.16545931e-01 -1.32296741e-01 -1.47871405e-01
 -1.63193956e-01 -1.78179532e-01 -1.92735136e-01 -2.06760183e-01 -2.20147654e-01
 -2.32785136e-01 -2.44556338e-01 -2.55342633e-01 -2.65024871e-01 -2.73485303e-01
 -2.80609697e-01 -2.86289394e-01 -2.90423393e-01 -2.92920560e-01 -2.93701410e-01
 -2.92699844e-01 -2.89864808e-01 -2.85161287e-01 -2.78571218e-01 -2.70094007e-01
 -2.59746432e-01 -2.47562438e-01 -2.33592272e-01 -2.17901468e-01 -2.00569406e-01
 -1.81687593e-01 -1.61357909e-01 -1.39690548e-01 -1.16802193e-01 -9.28142220e-02
 -6.78515732e-02 -4.20428067e-02 -1.55230761e-02  1.15556205e-02  3.83676775e-02
  6.49561137e-02  9.13343653e-02  1.17496863e-01  1.43418178e-01  1.69045359e-01
  1.94283947e-01  2.18976974e-01  2.42877454e-01  2.65623331e-01  2.86741316e-01
  1.19088322e-01  1.15143292e-01  1.04600102e-01  9.17715356e-02  7.86180645e-02
  6.51174039e-02  5.12396246e-02  3.69556434e-02  2.22367328e-02  7.05214590e-03
 -8.63595959e-03 -2.45060977e-02 -4.05267216e-02 -5.66740632e-02 -7.29222670e-02
 -8.92392173e-02 -1.05584607e-01 -1.21909097e-01 -1.38153881e-01 -1.54250547e-01
 -1.70121253e-01 -1.85678929e-01 -2.00827822e-01 -2.15464279e-01 -2.29477599e-01
 -2.42751330e-01 -2.55164713e-01 -2.66594201e-01 -2.76915491e-01 -2.86005437e-01
 -2.93744236e-01 -3.00017655e-01 -3.04719239e-01 -3.07752579e-01 -3.09033275e-01
 -3.08490902e-01 -3.06070507e-01 -3.01734149e-01 -2.95461535e-01 -2.87250876e-01
 -2.77118802e-01 -2.65100151e-01 -2.51247317e-01 -2.35629052e-01 -2.18329206e-01
 -1.99444905e-01 -1.79084703e-01 -1.57366440e-01 -1.34415016e-01 -1.10359885e-01
 -8.53321552e-02 -5.94603121e-02 -3.28627303e-02 -5.63121447e-03  2.13013124e-02
  4.78656255e-02  7.40210041e-02  9.97269824e-02  1.24929883e-01  1.49553642e-01
  1.73491552e-01  1.96598694e-01  2.18686968e-01  2.39527330e-01  2.58864164e-01
  1.18562527e-01  1.14529960e-01  1.03796244e-01  9.08369794e-02  7.75457770e-02
  6.38919994e-02  4.98433672e-02  3.53686251e-02  2.04376038e-02  5.02038421e-03
 -1.09134270e-02 -2.70153191e-02 -4.32809144e-02 -5.96958473e-02 -7.62372389e-02
 -9.28735957e-02 -1.09564431e-01 -1.26259819e-01 -1.42900079e-01 -1.59415722e-01
 -1.75727472e-01 -1.91746503e-01 -2.07374975e-01 -2.22506717e-01 -2.37028196e-01
 -2.50819683e-01 -2.63756812e-01 -2.75712132e-01 -2.86557108e-01 -2.96164244e-01
 -3.04409176e-01 -3.11173141e-01 -3.16345155e-01 -3.19824517e-01 -3.21522743e-01
 -3.21365774e-01 -3.19295585e-01 -3.15271616e-01 -3.09271902e-01 -3.01293552e-01
 -2.91353106e-01 -2.79486209e-01 -2.65747070e-01 -2.50207275e-01 -2.32954428e-01
 -2.14090586e-01 -1.93730190e-01 -1.71998098e-01 -1.49027482e-01 -1.24957733e-01
 -9.99327227e-02 -7.40999058e-02 -4.76116464e-02 -2.06327029e-02  6.63530082e-03
  3.32866982e-02  5.93270697e-02  8.47283378e-02  1.09440528e-01  1.33393899e-01
  1.56498328e-01  1.78642899e-01  1.99697584e-01  2.19518647e-01  2.37958416e-01
  1.17778756e-01  1.13668911e-01  1.02715373e-01  8.97296295e-02  7.64211491e-02
  6.27311394e-02  4.86192256e-02  3.40537168e-02  1.90071985e-02  3.45367147e-03
 -1.26327788e-02 -2.88991947e-02 -4.53431346e-02 -6.19526505e-02 -7.87065178e-02
 -9.55741480e-02 -1.12515382e-01 -1.29480228e-01 -1.46408647e-01 -1.63230494e-01
 -1.79865584e-01 -1.96223930e-01 -2.12206230e-01 -2.27704525e-01 -2.42603272e-01
 -2.56780386e-01 -2.70108879e-01 -2.82458484e-01 -2.93697536e-01 -3.03695321e-01
 -3.12324077e-01 -3.19461644e-01 -3.24993700e-01 -3.28816205e-01 -3.30837637e-01
 -3.30981165e-01 -3.29186350e-01 -3.25410634e-01 -3.19630653e-01 -3.11842680e-01
 -3.02063107e-01 -2.90328175e-01 -2.76693344e-01 -2.61232287e-01 -2.44035617e-01
 -2.25209087e-01 -2.04871774e-01 -1.83154002e-01 -1.60195306e-01 -1.36142150e-01
 -1.11145891e-01 -8.53602216e-02 -5.89379035e-02 -3.20242941e-02 -4.74149268e-03
  2.19365228e-02  4.79207374e-02  7.31530190e-02  9.75792333e-02  1.21138558e-01
  1.43759772e-01  1.65361032e-01  1.85852170e-01  2.05139026e-01  2.23129913e-01
  1.16074637e-01  1.11779131e-01  1.01209350e-01  8.84636268e-02  7.53286481e-02
  6.17350973e-02  4.76597734e-02  3.30887698e-02  1.80069394e-02  2.39623780e-03
 -1.37641812e-02 -3.01180780e-02 -4.66616862e-02 -6.33828342e-02 -8.02604556e-02
 -9.72642004e-02 -1.14354044e-01 -1.31480023e-01 -1.48581967e-01 -1.65589452e-01
 -1.82421848e-01 -1.98988542e-01 -2.15189457e-01 -2.30915681e-01 -2.46050462e-01
 -2.60470420e-01 -2.74046928e-01 -2.86648065e-01 -2.98140317e-01 -3.08390915e-01
 -3.17270041e-01 -3.24653357e-01 -3.30424428e-01 -3.34477037e-01 -3.36717725e-01
 -3.37067753e-01 -3.35465014e-01 -3.31865638e-01 -3.26245129e-01 -3.18599135e-01
 -3.08943748e-01 -2.97315389e-01 -2.83770233e-01 -2.68383145e-01 -2.51246452e-01
 -2.32468247e-01 -2.12170571e-01 -1.90487429e-01 -1.67562768e-01 -1.43548548e-01
 -1.18603133e-01 -9.28899497e-02 -6.65772930e-02 -3.98402922e-02 -1.28685785e-02
  1.41107347e-02  4.02021892e-02  6.54139668e-02  8.97259116e-02  1.13099620e-01
  1.35483667e-01  1.56817377e-01  1.77034512e-01  1.96067601e-01  2.13852733e-01
  1.13747731e-01  1.08933985e-01  9.94188860e-02  8.74352083e-02  7.45771006e-02
  6.11130111e-02  4.71057370e-02  3.25709507e-02  1.75060946e-02  1.89935777e-03
 -1.42667033e-02 -3.06337997e-02 -4.71970290e-02 -6.39436767e-02 -8.08524713e-02
 -9.78930146e-02 -1.15025327e-01 -1.32199511e-01 -1.49355456e-01 -1.66422784e-01
 -1.83320865e-01 -1.99959069e-01 -2.16237172e-01 -2.32046098e-01 -2.47268856e-01
 -2.61781722e-01 -2.75455654e-01 -2.88158208e-01 -2.99755275e-01 -3.10113370e-01
 -3.19101989e-01 -3.26595932e-01 -3.32477868e-01 -3.36640745e-01 -3.38990182e-01
 -3.39446515e-01 -3.37946862e-01 -3.34446520e-01 -3.28920335e-01 -3.21363360e-01
 -3.11791271e-01 -3.00240248e-01 -2.86766350e-01 -2.71444559e-01 -2.54367620e-01
 -2.35644221e-01 -2.15397283e-01 -1.93762019e-01 -1.70883894e-01 -1.46916807e-01
 -1.22021243e-01 -9.63627174e-02 -7.01103434e-02 -4.34353314e-02 -1.65082682e-02
  1.05075203e-02  3.66290808e-02  6.18451275e-02  8.61328766e-02  1.09457575e-01
  1.31774023e-01  1.53029099e-01  1.73165172e-01  1.92123890e-01  2.09850475e-01
  1.14934973e-01  1.10571586e-01  1.00086272e-01  8.75194818e-02  7.45223686e-02
  6.10399917e-02  4.70568016e-02  3.25634889e-02  1.75481737e-02  1.99515256e-03
 -1.41147496e-02 -3.04240044e-02 -4.69279438e-02 -6.36138469e-02 -8.04603770e-02
 -9.74371135e-02 -1.14504158e-01 -1.31611779e-01 -1.48700193e-01 -1.65699363e-01
 -1.82529151e-01 -1.99099436e-01 -2.15310618e-01 -2.31054246e-01 -2.46214002e-01
 -2.60666847e-01 -2.74284542e-01 -2.86935240e-01 -2.98485577e-01 -3.08802754e-01
 -3.17756802e-01 -3.25223118e-01 -3.31084788e-01 -3.35235149e-01 -3.37580025e-01
 -3.38039875e-01 -3.36551756e-01 -3.33070874e-01 -3.27571690e-01 -3.20048839e-01
 -3.10517401e-01 -2.99012721e-01 -2.85590053e-01 -2.70323396e-01 -2.53304303e-01
 -2.34640241e-01 -2.14452848e-01 -1.92875907e-01 -1.70053437e-01 -1.46137804e-01
 -1.21287920e-01 -9.56677273e-02 -6.94448203e-02 -4.27889153e-02 -1.58693045e-02
  1.11516435e-02  3.72948125e-02  6.25483617e-02  8.68883207e-02  1.10277861e-01
  1.32668570e-01  1.54002994e-01  1.74217895e-01  1.93248495e-01  2.11033255e-01
  1.15397833e-01  1.11130454e-01  1.00651458e-01  8.79744291e-02  7.49064013e-02
  6.14151508e-02  4.74704914e-02  3.30479927e-02  1.81255005e-02  2.68084020e-03
 -1.33091575e-02 -2.94894036e-02 -4.58559804e-02 -6.23960905e-02 -7.90881440e-02
 -9.59015936e-02 -1.12796642e-01 -1.29723877e-01 -1.46624073e-01 -1.63427979e-01
 -1.80056408e-01 -1.96420357e-01 -2.12421551e-01 -2.27953002e-01 -2.42899984e-01
 -2.57141232e-01 -2.70550281e-01 -2.82997251e-01 -2.94350743e-01 -3.04479927e-01
 -3.13256800e-01 -3.20558578e-01 -3.26270193e-01 -3.30286473e-01 -3.32514673e-01
 -3.32876325e-01 -3.31309289e-01 -3.27769220e-01 -3.22230637e-01 -3.14687848e-01
 -3.05155158e-01 -2.93666780e-01 -2.80276239e-01 -2.65055448e-01 -2.48093426e-01
 -2.29494631e-01 -2.09377155e-01 -1.87870860e-01 -1.65115267e-01 -1.41257808e-01
 -1.16452113e-01 -9.08568203e-02 -6.46354482e-02 -3.79584171e-02 -1.10108200e-02
  1.59846656e-02  4.21432331e-02  6.74720630e-02  9.19482931e-02  1.15528077e-01
  1.38150901e-01  1.59742698e-01  1.80219635e-01  1.99493095e-01  2.17476130e-01
  1.16011761e-01  1.11874521e-01  1.01122633e-01  8.84889588e-02  7.54856914e-02
  6.20799735e-02  4.82463464e-02  3.39598134e-02  1.91954598e-02  3.92747391e-03
 -1.18715512e-02 -2.78508049e-02 -4.40043807e-02 -6.03171773e-02 -7.67662153e-02
 -9.33204442e-02 -1.09940194e-01 -1.26576647e-01 -1.43171534e-01 -1.59656852e-01
 -1.75954878e-01 -1.91978440e-01 -2.07631230e-01 -2.22808585e-01 -2.37398267e-01
 -2.51281708e-01 -2.64335424e-01 -2.76432574e-01 -2.87444949e-01 -2.97244966e-01
 -3.05707842e-01 -3.12713951e-01 -3.18151206e-01 -3.21917266e-01 -3.23921740e-01
 -3.24088275e-01 -3.22356284e-01 -3.18682522e-01 -3.13041985e-01 -3.05428803e-01
 -2.95856416e-01 -2.84357518e-01 -2.70983279e-01 -2.55802661e-01 -2.38900825e-01
 -2.20377624e-01 -2.00345784e-01 -1.78928822e-01 -1.56259045e-01 -1.32475361e-01
 -1.07721217e-01 -8.21421742e-02 -5.58827184e-02 -2.90800687e-02 -1.84883911e-03
  2.48594806e-02  5.09608984e-02  7.64001682e-02  1.01122744e-01  1.25062332e-01
  1.48135006e-01  1.70237005e-01  1.91245839e-01  2.11025313e-01  2.29435086e-01
  1.15883313e-01  1.11824058e-01  1.01511121e-01  8.90283361e-02  7.61803463e-02
  6.29474148e-02  4.93063182e-02  3.52343991e-02  2.07082871e-02  5.70123456e-03
 -9.82196536e-03 -2.55380608e-02 -4.14145254e-02 -5.74275143e-02 -7.35518113e-02
 -8.97564813e-02 -1.06002837e-01 -1.22243427e-01 -1.38421565e-01 -1.54471129e-01
 -1.70316502e-01 -1.85872927e-01 -2.01046824e-01 -2.15736553e-01 -2.29833260e-01
 -2.43222013e-01 -2.55783260e-01 -2.67394274e-01 -2.77931213e-01 -2.87270814e-01
 -2.95292735e-01 -3.01881731e-01 -3.06929767e-01 -3.10338348e-01 -3.12020600e-01
 -3.11903089e-01 -3.09927613e-01 -3.06052536e-01 -3.00253779e-01 -2.92525560e-01
 -2.82880485e-01 -2.71349400e-01 -2.57980883e-01 -2.42840037e-01 -2.26007357e-01
 -2.07576945e-01 -1.87654734e-01 -1.66356385e-01 -1.43805251e-01 -1.20130323e-01
 -9.54644307e-02 -6.99433237e-02 -4.37068865e-02 -1.69064831e-02  1.02710500e-02
  3.69511992e-02  6.31503165e-02  8.88510346e-02  1.14011601e-01  1.38564572e-01
  1.62411392e-01  1.85415775e-01  2.07399353e-01  2.28143781e-01  2.47404769e-01
  1.15884244e-01  1.11945249e-01  1.01813637e-01  8.95521194e-02  7.69455656e-02
  6.39652386e-02  5.05908169e-02  3.68081667e-02  2.26053614e-02  7.97239318e-03
 -7.09504820e-03 -2.25847773e-02 -3.81552577e-02 -5.38088903e-02 -6.95326775e-02
 -8.53019208e-02 -1.01081617e-01 -1.16827033e-01 -1.32483870e-01 -1.47988439e-01
 -1.63267806e-01 -1.78240150e-01 -1.92815259e-01 -2.06895202e-01 -2.20375225e-01
 -2.33144894e-01 -2.45089427e-01 -2.56091207e-01 -2.66031653e-01 -2.74792969e-01
 -2.82260209e-01 -2.88323462e-01 -2.92879850e-01 -2.95835733e-01 -2.97108501e-01
 -2.96628535e-01 -2.94340700e-01 -2.90205598e-01 -2.84200519e-01 -2.76319951e-01
 -2.66575843e-01 -2.54997253e-01 -2.41629779e-01 -2.26534471e-01 -2.09786490e-01
 -1.91473544e-01 -1.71693861e-01 -1.50554210e-01 -1.28167570e-01 -1.04650669e-01
 -8.01208764e-02 -5.46919815e-02 -2.84665152e-02 -1.51948724e-03  2.52566952e-02
  5.18136173e-02  7.81341568e-02  1.04204446e-01  1.29999205e-01  1.55469283e-01
  1.80526361e-01  2.05021888e-01  2.28720337e-01  2.51274973e-01  2.72231549e-01
  1.15841396e-01  1.12017870e-01  1.01901308e-01  9.00390670e-02  7.77825266e-02
  6.51123375e-02  5.20444065e-02  3.85860875e-02  2.47358605e-02  1.04863513e-02
 -4.17361502e-03 -1.92590207e-02 -3.44028883e-02 -4.95988280e-02 -6.48313090e-02
 -8.00755098e-02 -9.52973887e-02 -1.10453784e-01 -1.25492424e-01 -1.40352085e-01
 -1.54962718e-01 -1.69245869e-01 -1.83115110e-01 -1.96476772e-01 -2.09230840e-01
 -2.21272022e-01 -2.32491076e-01 -2.42776275e-01 -2.52015114e-01 -2.60096043e-01
 -2.66910464e-01 -2.72354633e-01 -2.76331663e-01 -2.78753519e-01 -2.79542714e-01
 -2.78634071e-01 -2.75976151e-01 -2.71532297e-01 -2.65281647e-01 -2.57219374e-01
 -2.47356936e-01 -2.35721767e-01 -2.22356513e-01 -2.07318097e-01 -1.90676302e-01
 -1.72512144e-01 -1.52916074e-01 -1.31985992e-01 -1.09825298e-01 -8.65410268e-02
 -6.22425266e-02 -3.70411426e-02 -1.10526606e-02  1.55934673e-02  4.21155617e-02
  6.85830712e-02  9.50445682e-02  1.21540025e-01  1.48102149e-01  1.74750850e-01
  2.01479450e-01  2.28226244e-01  2.54813969e-01  2.80816466e-01  3.05337936e-01
  1.15359634e-01  1.11600801e-01  1.02367587e-01  9.08751637e-02  7.88397789e-02
  6.64060116e-02  5.36196455e-02  4.04921137e-02  2.70198286e-02  1.31908180e-02
 -1.01269840e-03 -1.56131843e-02 -3.02465931e-02 -4.49025780e-02 -5.95623627e-02
 -7.41996691e-02 -8.87805372e-02 -1.03262924e-01 -1.17596485e-01 -1.31722510e-01
 -1.45574078e-01 -1.59076363e-01 -1.72147125e-01 -1.84697375e-01 -1.96632326e-01
 -2.07852349e-01 -2.18254343e-01 -2.27733031e-01 -2.36182660e-01 -2.43498594e-01
 -2.49579176e-01 -2.54327536e-01 -2.57653415e-01 -2.59474963e-01 -2.59720474e-01
 -2.58329749e-01 -2.55255520e-01 -2.50464499e-01 -2.43937895e-01 -2.35672072e-01
 -2.25678355e-01 -2.13982791e-01 -2.00625435e-01 -1.85659274e-01 -1.69148892e-01
 -1.51168749e-01 -1.31801426e-01 -1.11135520e-01 -8.92637148e-02 -6.62807822e-02
 -4.22817357e-02 -1.73601341e-02  8.39370210e-03  3.42622884e-02  6.02664277e-02
  8.64561424e-02  1.12900466e-01  1.39686152e-01  1.66919500e-01  1.94729462e-01
  2.23271817e-01  2.52735823e-01  2.83360988e-01  3.15511107e-01  3.49181086e-01
  1.17085367e-01  1.13981985e-01  1.04128145e-01  9.21128914e-02  7.99942911e-02
  6.76926225e-02  5.51669076e-02  4.23911214e-02  2.93425266e-02  1.59972683e-02
  2.32754624e-03 -1.17030218e-02 -2.57627722e-02 -3.98163460e-02 -5.38373478e-02
 -6.77981600e-02 -8.16657692e-02 -9.54000503e-02 -1.08953133e-01 -1.22269250e-01
 -1.35284901e-01 -1.47929177e-01 -1.60124332e-01 -1.71786398e-01 -1.82826132e-01
 -1.93149999e-01 -2.02661365e-01 -2.11261898e-01 -2.18852967e-01 -2.25337341e-01
 -2.30620727e-01 -2.34613568e-01 -2.37232670e-01 -2.38402873e-01 -2.38058537e-01
 -2.36144930e-01 -2.32619390e-01 -2.27452204e-01 -2.20627263e-01 -2.12142348e-01
 -2.02009156e-01 -1.90252811e-01 -1.76911294e-01 -1.62034258e-01 -1.45681724e-01
 -1.27922326e-01 -1.08831346e-01 -8.84884745e-02 -6.69756010e-02 -4.43747863e-02
 -2.07660850e-02  3.77499126e-03  2.85378341e-02  5.35497256e-02  7.88552985e-02
  1.04522243e-01  1.30645350e-01  1.57352358e-01  1.84813023e-01  2.13252604e-01
  2.42972359e-01  2.74380893e-01  3.08043391e-01  3.44753683e-01  3.83939236e-01
  1.17276281e-01  1.14462882e-01  1.04523614e-01  9.25965756e-02  8.06363747e-02
  6.85893074e-02  5.64139970e-02  4.40739393e-02  3.15372050e-02  1.87761281e-02
  5.76834194e-03 -7.49914860e-03 -2.10189521e-02 -3.44435126e-02 -4.77751419e-02
 -6.09995686e-02 -7.40906596e-02 -8.70126188e-02 -9.97210145e-02 -1.12163462e-01
 -1.24280103e-01 -1.36004135e-01 -1.47262409e-01 -1.57976195e-01 -1.68061957e-01
 -1.77432433e-01 -1.85997739e-01 -1.93666667e-01 -2.00348005e-01 -2.05952078e-01
 -2.10392267e-01 -2.13586524e-01 -2.15458959e-01 -2.15941265e-01 -2.14974150e-01
 -2.12508544e-01 -2.08506599e-01 -2.02942520e-01 -1.95803106e-01 -1.87087983e-01
 -1.76809564e-01 -1.64992720e-01 -1.51674002e-01 -1.36900768e-01 -1.20729752e-01
 -1.03225380e-01 -8.44575688e-02 -6.44988120e-02 -4.34210338e-02 -2.12948788e-02
  1.81173568e-03  2.51945350e-02  4.88705896e-02  7.28712305e-02  9.72459242e-02
  1.22067310e-01  1.47437394e-01  1.73496023e-01  2.00432792e-01  2.28504285e-01
  2.58058280e-01  2.89566487e-01  3.23662460e-01  3.61165822e-01  4.01231408e-01
  1.15688965e-01  1.13025911e-01  1.03626974e-01  9.20092613e-02  8.04020688e-02
  6.87792450e-02  5.70988767e-02  4.53190282e-02  3.34008187e-02  2.13095155e-02
  9.01445001e-03 -3.51176783e-03 -1.62953492e-02 -2.89681759e-02 -4.15222198e-02
 -5.39389029e-02 -6.61909655e-02 -7.82431960e-02 -9.00528952e-02 -1.01570196e-01
 -1.12738475e-01 -1.23494856e-01 -1.33770734e-01 -1.43492550e-01 -1.52582556e-01
 -1.60959780e-01 -1.68541119e-01 -1.75242543e-01 -1.80980295e-01 -1.85672328e-01
 -1.89239681e-01 -1.91607833e-01 -1.92708209e-01 -1.92479387e-01 -1.90868452e-01
 -1.87831953e-01 -1.83336973e-01 -1.77361712e-01 -1.69896007e-01 -1.60941586e-01
 -1.50511980e-01 -1.38632163e-01 -1.25338092e-01 -1.10675782e-01 -9.47004557e-02
 -7.74753168e-02 -5.90697415e-02 -3.95545624e-02 -1.89885497e-02  2.56960536e-03
  2.44313665e-02  4.65986058e-02  6.90821037e-02  9.19045061e-02  1.15103796e-01
  1.38737366e-01  1.62887171e-01  1.87666357e-01  2.13228434e-01  2.39780515e-01
  2.67603278e-01  2.97084481e-01  3.28783095e-01  3.63572329e-01  3.99857581e-01
  1.13073312e-01  1.10589504e-01  1.01355381e-01  9.01454017e-02  7.90649727e-02
  6.80506378e-02  5.70396669e-02  4.59760055e-02  3.48121524e-02  2.35080477e-02
  1.20285805e-02  3.39904771e-04 -1.15968594e-02 -2.34418232e-02 -3.51570062e-02
 -4.67125848e-02 -5.80774471e-02 -6.92157969e-02 -8.00859928e-02 -9.06403214e-02
 -1.00825168e-01 -1.10581353e-01 -1.19844720e-01 -1.28546745e-01 -1.36615381e-01
 -1.43975839e-01 -1.50551736e-01 -1.56266049e-01 -1.61042392e-01 -1.64806187e-01
 -1.67485937e-01 -1.69014543e-01 -1.69330478e-01 -1.68379039e-01 -1.66113466e-01
 -1.62495807e-01 -1.57497868e-01 -1.51101753e-01 -1.43300354e-01 -1.34097502e-01
 -1.23507909e-01 -1.11556932e-01 -9.82799679e-02 -8.37218091e-02 -6.79363832e-02
 -5.09876609e-02 -3.29563320e-02 -1.39541859e-02  6.02072757e-03  2.63202973e-02
  4.69343290e-02  6.78524077e-02  8.90690833e-02  1.10586956e-01  1.32419020e-01
  1.54590830e-01  1.77142605e-01  2.00131312e-01  2.23632544e-01  2.47741774e-01
  2.72574157e-01  2.98260748e-01  3.24932843e-01  3.52634728e-01  3.80025029e-01
  1.08562201e-01  1.06162332e-01  9.72296000e-02  8.66740495e-02  7.64025375e-02
  6.62609711e-02  5.61445989e-02  4.59828973e-02  3.57273445e-02  2.53431182e-02
  1.48045542e-02  4.09368938e-03 -6.79732859e-03 -1.78559422e-02 -2.87229400e-02
 -3.93915959e-02 -4.98395450e-02 -6.00349829e-02 -6.99389577e-02 -7.95064270e-02
 -8.86868313e-02 -9.74246562e-02 -1.05660021e-01 -1.13329314e-01 -1.20365933e-01
 -1.26701146e-01 -1.32264987e-01 -1.36987314e-01 -1.40798762e-01 -1.43631935e-01
 -1.45422518e-01 -1.46110386e-01 -1.45640776e-01 -1.43965289e-01 -1.41042903e-01
 -1.36840820e-01 -1.31335199e-01 -1.24511734e-01 -1.16366073e-01 -1.06904022e-01
 -9.61415768e-02 -8.41045082e-02 -7.08274990e-02 -5.63521683e-02 -4.07242663e-02
 -2.39813291e-02 -6.16064621e-03  1.20788692e-02  3.07798106e-02  4.98611592e-02
  6.92683309e-02  8.89603794e-02  1.08905032e-01  1.29076838e-01  1.49456590e-01
  1.70030862e-01  1.90791160e-01  2.11731851e-01  2.32845798e-01  2.54116029e-01
  2.75500238e-01  2.96901673e-01  3.18114042e-01  3.38708103e-01  3.57807457e-01
  1.00780316e-01  9.80755612e-02  9.03104842e-02  8.12223330e-02  7.23408312e-02
  6.34541288e-02  5.44875003e-02  4.54058275e-02  3.61884646e-02  2.68211197e-02
  1.72924772e-02  7.59210018e-03 -2.29234272e-03 -1.23816766e-02 -2.23178025e-02
 -3.20549235e-02 -4.15573157e-02 -5.07892519e-02 -5.97115830e-02 -6.82807639e-02
 -7.64487758e-02 -8.41634199e-02 -9.13687870e-02 -9.80058834e-02 -1.04013339e-01
 -1.09328128e-01 -1.13886483e-01 -1.17624715e-01 -1.20480202e-01 -1.22392319e-01
 -1.23303428e-01 -1.23159945e-01 -1.21913254e-01 -1.19520739e-01 -1.15946576e-01
 -1.11162528e-01 -1.05148561e-01 -9.78933200e-02 -8.93945843e-02 -7.96597525e-02
 -6.87063038e-02 -5.65618426e-02 -4.32650223e-02 -2.88612861e-02 -1.34284757e-02
  3.05416249e-03  1.99740715e-02  3.73099223e-02  5.50328754e-02  7.30952844e-02
  9.14444029e-02  1.10026918e-01  1.28790364e-01  1.47683531e-01  1.66656256e-01
  1.85658827e-01  2.04640418e-01  2.23546073e-01  2.42311597e-01  2.60854989e-01
  2.79063404e-01  2.96774626e-01  3.13753635e-01  3.29672605e-01  3.44119072e-01
  9.01017562e-02  8.63312706e-02  8.10205042e-02  7.45880380e-02  6.75368905e-02
  6.01083972e-02  5.24057336e-02  4.44788784e-02  3.63548957e-02  2.80495230e-02
  1.95724014e-02  1.09300334e-02  2.12844810e-03 -6.82222424e-03 -1.58962496e-02
 -2.47178692e-02 -3.32748964e-02 -4.15406190e-02 -4.94800694e-02 -5.70525341e-02
 -6.42127767e-02 -7.09117875e-02 -7.70974010e-02 -8.27149153e-02 -8.77078027e-02
 -9.20184627e-02 -9.55889523e-02 -9.83617827e-02 -1.00280657e-01 -1.01291277e-01
 -1.01342134e-01 -1.00385480e-01 -9.83782038e-02 -9.52827632e-02 -9.10679176e-02
 -8.57093260e-02 -7.91900530e-02 -7.15008005e-02 -6.26396462e-02 -5.26135042e-02
 -4.14400101e-02 -2.91438438e-02 -1.57804769e-02 -1.30649691e-03  1.37091912e-02
  2.93101016e-02  4.54143621e-02  6.19570017e-02  7.88773075e-02  9.61119682e-02
  1.13593884e-01  1.31252289e-01  1.49013206e-01  1.66799888e-01  1.84533209e-01
  2.02131942e-01  2.19512388e-01  2.36587226e-01  2.53263116e-01  2.69436657e-01
  2.84988999e-01  2.99779773e-01  3.13643038e-01  3.26388985e-01  3.37815911e-01
  8.28608498e-02  7.89595619e-02  7.43261725e-02  6.90303445e-02  6.31965846e-02
  5.69409318e-02  5.03538921e-02  4.34992574e-02  3.64209674e-02  2.91494410e-02
  2.17059180e-02  1.41049279e-02  6.35510031e-03 -1.54231139e-03 -9.59964376e-03
 -1.74477436e-02 -2.50405576e-02 -3.23381722e-02 -3.93014401e-02 -4.58890758e-02
 -5.20571806e-02 -5.77592216e-02 -6.29462153e-02 -6.75672218e-02 -7.15700760e-02
 -7.49021843e-02 -7.75112286e-02 -7.93457627e-02 -8.03556740e-02 -8.04925635e-02
 -7.97103494e-02 -7.79661834e-02 -7.52214938e-02 -7.14430809e-02 -6.66037425e-02
 -6.06823564e-02 -5.36651351e-02 -4.55460250e-02 -3.63180228e-02 -2.59803552e-02
 -1.45628341e-02 -2.00191443e-03  1.11748530e-02  2.50250399e-02  3.94860096e-02
  5.45105934e-02  7.00410083e-02  8.60142112e-02  1.02362014e-01  1.19009778e-01
  1.35875493e-01  1.52869359e-01  1.69894084e-01  1.86845616e-01  2.03614816e-01
  2.20089406e-01  2.36156389e-01  2.51704246e-01  2.66624391e-01  2.80812085e-01
  2.94165850e-01  3.06586862e-01  3.17978710e-01  3.28249097e-01  3.37314576e-01
  7.76191801e-02  7.37826526e-02  6.94941357e-02  6.47838637e-02  5.96979707e-02
  5.42831793e-02  4.85872813e-02  4.26531844e-02  3.65169793e-02  3.02082282e-02
  2.37509795e-02  1.71648916e-02  1.04661686e-02  3.66857974e-03 -3.21460306e-03
 -1.01649184e-02 -1.68352611e-02 -2.31926795e-02 -2.92052124e-02 -3.48336659e-02
 -4.00367379e-02 -4.47710678e-02 -4.89907265e-02 -5.26476018e-02 -5.56930006e-02
 -5.80788590e-02 -5.97585253e-02 -6.06871732e-02 -6.08216263e-02 -6.01193719e-02
 -5.85386530e-02 -5.60396239e-02 -5.25862947e-02 -4.81489487e-02 -4.27054279e-02
 -3.62342410e-02 -2.87238732e-02 -2.02021431e-02 -1.06311841e-02  8.38545820e-05
  1.14650121e-02  2.35819705e-02  3.63897681e-02  4.98588681e-02  6.39498308e-02
  7.86174238e-02  9.38087925e-02  1.09462552e-01  1.25507519e-01  1.41861111e-01
  1.58427760e-01  1.75097883e-01  1.91747591e-01  2.08239973e-01  2.24428073e-01
  2.40159795e-01  2.55284518e-01  2.69660532e-01  2.83162087e-01  2.95684963e-01
  3.07149559e-01  3.17501396e-01  3.26709390e-01  3.34762633e-01  3.41667235e-01
  7.34297782e-02  6.96989000e-02  6.56724125e-02  6.13775030e-02  5.68375625e-02
  5.20719849e-02  4.71039563e-02  4.19580340e-02  3.66586335e-02  3.12291831e-02
  2.56918259e-02  2.00674888e-02  1.43761151e-02  8.63700733e-03  2.86907982e-03
 -2.90957396e-03 -8.68509896e-03 -1.41176144e-02 -1.92121677e-02 -2.39143018e-02
 -2.81862225e-02 -3.19907106e-02 -3.52849700e-02 -3.80194858e-02 -4.01464924e-02
 -4.16214950e-02 -4.24038842e-02 -4.24579643e-02 -4.17527407e-02 -4.02528644e-02
 -3.79184708e-02 -3.47073525e-02 -3.05789243e-02 -2.55037788e-02 -1.94899477e-02
 -1.24831786e-02 -4.37154202e-03  4.41280473e-03  1.39726885e-02  2.43396517e-02
  3.54636498e-02  4.73217107e-02  5.98882474e-02  7.31364712e-02  8.70353729e-02
  1.01547971e-01  1.16629280e-01  1.32223949e-01  1.48263440e-01  1.64662734e-01
  1.81316748e-01  1.98096886e-01  2.14848682e-01  2.31391653e-01  2.47523010e-01
  2.63026386e-01  2.77685910e-01  2.91303575e-01  3.03716570e-01  3.14810991e-01
  3.24528992e-01  3.32869053e-01  3.39878887e-01  3.45643044e-01  3.50267321e-01
  6.97555989e-02  6.61316067e-02  6.23369478e-02  5.83942160e-02  5.43162748e-02
  5.01064323e-02  4.57717963e-02  4.13237624e-02  3.67773622e-02  3.21503356e-02
  2.74622850e-02  2.27341913e-02  1.79883037e-02  1.32483905e-02  8.54042917e-03
  3.89397168e-03 -6.55132171e-04 -5.05836960e-03 -9.33532044e-03 -1.31459460e-02
 -1.65146627e-02 -1.94332376e-02 -2.18669586e-02 -2.37361826e-02 -2.49903649e-02
 -2.55880859e-02 -2.54929420e-02 -2.46807411e-02 -2.31660847e-02 -2.09222697e-02
 -1.79047529e-02 -1.40559245e-02 -9.29817185e-03 -3.51128401e-03  2.91379169e-03
  1.00830738e-02  1.80395041e-02  2.67526526e-02  3.62226143e-02  4.64501679e-02
  5.74268177e-02  6.91428035e-02  8.15867931e-02  9.47453901e-02  1.08601868e-01
  1.23134479e-01  1.38314068e-01  1.54100940e-01  1.70440659e-01  1.87258363e-01
  2.04451770e-01  2.21882582e-01  2.39367470e-01  2.56670505e-01  2.73501754e-01
  2.89528400e-01  3.04402918e-01  3.17805320e-01  3.29486251e-01  3.39297503e-01
  3.47205609e-01  3.53290170e-01  3.57727677e-01  3.60759348e-01  3.62648100e-01
  6.61897883e-02  6.26482815e-02  5.90750724e-02  5.54816313e-02  5.18549718e-02
  4.81744520e-02  4.44311090e-02  4.06268984e-02  3.67716514e-02  3.28805372e-02
  2.89723128e-02  2.50683539e-02  2.11922098e-02  1.73696224e-02  1.36288861e-02
  1.00015858e-02  6.52357470e-03  3.23594594e-03  1.84617995e-04 -2.55866512e-03
 -4.96341242e-03 -7.02727679e-03 -8.78768973e-03 -9.87351406e-03 -1.03048608e-02
 -1.00597069e-02 -9.08209942e-03 -7.26777967e-03 -4.96123778e-03 -2.06040265e-03
  1.50074658e-03  5.77054918e-03  1.07841231e-02  1.65556576e-02  2.30484679e-02
  3.02631725e-02  3.82065177e-02  4.68805060e-02  5.62891774e-02  6.64374903e-02
  7.73299262e-02  8.89709443e-02  1.01364985e-01  1.14516295e-01  1.28428236e-01
  1.43102050e-01  1.58534989e-01  1.74717233e-01  1.91627249e-01  2.09224716e-01
  2.27439910e-01  2.46158212e-01  2.65197784e-01  2.84279734e-01  3.02995145e-01
  3.20790172e-01  3.37014675e-01  3.51054251e-01  3.62465054e-01  3.71027410e-01
  3.76743674e-01  3.79832059e-01  3.80717963e-01  3.79976243e-01  3.78194630e-01
  6.22714795e-02  5.87249175e-02  5.54460511e-02  5.23300730e-02  4.92401682e-02
  4.61203605e-02  4.29596528e-02  3.97643857e-02  3.65488529e-02  3.33316773e-02
  3.01341321e-02  2.69793905e-02  2.38922145e-02  2.08989456e-02  1.80277098e-02
  1.53087229e-02  1.27746454e-02  1.04608070e-02  8.40516668e-03  6.64810091e-03
  5.22602070e-03  4.17431677e-03  3.53759550e-03  3.39602260e-03  3.79527640e-03
  4.76856343e-03  6.34175120e-03  8.52654781e-03  1.12936925e-02  1.46519039e-02
  1.86218489e-02  2.32258122e-02  2.84827091e-02  3.44048403e-02  4.09970544e-02
  4.82662916e-02  5.62216751e-02  6.48735389e-02  7.42339864e-02  8.43170136e-02
  9.51386020e-02  1.06717087e-01  1.19073465e-01  1.32231772e-01  1.46219313e-01
  1.61066696e-01  1.76807404e-01  1.93476692e-01  2.11108983e-01  2.29733124e-01
  2.49363273e-01  2.69983083e-01  2.91517019e-01  3.13777059e-01  3.36353719e-01
  3.58377397e-01  3.78266841e-01  3.94453496e-01  4.06226248e-01  4.13401484e-01
  4.16045249e-01  4.14476663e-01  4.09479886e-01  4.02595937e-01  3.95447820e-01
  5.74861132e-02  5.36305085e-02  5.11492528e-02  4.89049628e-02  4.64686528e-02
  4.39251587e-02  4.13189121e-02  3.86826545e-02  3.60450372e-02  3.34330015e-02
  3.08727156e-02  2.83900220e-02  2.60108095e-02  2.37612892e-02  2.16682833e-02
  1.97594650e-02  1.80635415e-02  1.66103132e-02  1.54305696e-02  1.45557877e-02
  1.40175633e-02  1.38482731e-02  1.40825845e-02  1.47577599e-02  1.59055982e-02
  1.75516084e-02  1.97150446e-02  2.24083904e-02  2.56378688e-02  2.94126291e-02
  3.37449759e-02  3.86487655e-02  4.41378951e-02  5.02254069e-02  5.69236837e-02
  6.42459393e-02  7.22070560e-02  8.08240473e-02  9.01165828e-02  1.00107439e-01
  1.10823132e-01  1.22294627e-01  1.34558305e-01  1.47657141e-01  1.61642253e-01
  1.76574662e-01  1.92527607e-01  2.09589034e-01  2.27864489e-01  2.47479662e-01
  2.68582076e-01  2.91340321e-01  3.15939665e-01  3.42575699e-01  3.71465087e-01
  4.02995497e-01  4.31288540e-01  4.50857729e-01  4.63056952e-01  4.68593031e-01
  4.66856629e-01  4.58408237e-01  4.42344517e-01  4.24051166e-01  4.10253435e-01
  5.37535250e-02  4.97912914e-02  4.75942828e-02  4.57801670e-02  4.37900387e-02
  4.16888185e-02  3.95304449e-02  3.73591036e-02  3.52121294e-02  3.31222042e-02
  3.11188176e-02  2.92292815e-02  2.74794847e-02  2.58944612e-02  2.44988296e-02
  2.33170781e-02  2.23737396e-02  2.16934383e-02  2.13008430e-02  2.12205369e-02
  2.14768704e-02  2.20939200e-02  2.30954010e-02  2.45040748e-02  2.63403226e-02
  2.86214184e-02  3.13613787e-02  3.45712714e-02  3.82601693e-02  4.24370244e-02
  4.71116081e-02  5.22947758e-02  5.79984970e-02  6.42359257e-02  7.10216761e-02
  7.83723593e-02  8.63070861e-02  9.48479846e-02  1.04020663e-01  1.13854878e-01
  1.24385245e-01  1.35652289e-01  1.47703826e-01  1.60596862e-01  1.74400181e-01
  1.89197823e-01  2.05093950e-01  2.22219527e-01  2.40741521e-01  2.60875672e-01
  2.82903671e-01  3.07194978e-01  3.34231108e-01  3.64625931e-01  3.99137467e-01
  4.35979635e-01  4.64265287e-01  4.83763218e-01  4.94956702e-01  4.97489482e-01
  4.91616547e-01  4.76091355e-01  4.52534586e-01  4.32290763e-01  4.16078299e-01
  5.09004071e-02  4.68628518e-02  4.47463356e-02  4.30667698e-02  4.12788540e-02
  3.94316390e-02  3.75717208e-02  3.57420594e-02  3.39806825e-02  3.23207676e-02
  3.07914075e-02  2.94185374e-02  2.82258745e-02  2.72356682e-02  2.64692158e-02
  2.59471871e-02  2.56897267e-02  2.57164482e-02  2.60463171e-02  2.66974922e-02
  2.76871584e-02  2.90313754e-02  3.07448842e-02  3.28408740e-02  3.53306755e-02
  3.82236354e-02  4.15272526e-02  4.52475846e-02  4.93899249e-02  5.39596938e-02
  5.89632019e-02  6.44082949e-02  7.03048334e-02  7.66651481e-02  8.35043713e-02
  9.08408165e-02  9.86962989e-02  1.07096411e-01  1.16070881e-01  1.25653982e-01
  1.35885179e-01  1.46810070e-01  1.58481792e-01  1.70962974e-01  1.84328571e-01
  1.98669866e-01  2.14100197e-01  2.30763227e-01  2.48845279e-01  2.68594205e-01
  2.90349185e-01  3.14589411e-01  3.42011690e-01  3.73626322e-01  4.10494179e-01
  4.43112642e-01  4.67782378e-01  4.84535098e-01  4.93128747e-01  4.93520111e-01
  4.84294415e-01  4.64687198e-01  4.43468392e-01  4.25807059e-01  4.11015272e-01
  4.86930385e-02  4.45460826e-02  4.22713049e-02  4.05547656e-02  3.87916043e-02
  3.70306261e-02  3.53216641e-02  3.37087512e-02  3.22286375e-02  3.09112165e-02
  2.97809951e-02  2.88588032e-02  2.81632617e-02  2.77118236e-02  2.75213402e-02
  2.76082084e-02  2.79882643e-02  2.86764838e-02  2.96866503e-02  3.10310274e-02
  3.27201113e-02  3.47624645e-02  3.71646509e-02  3.99312079e-02  4.30647284e-02
  4.65660505e-02  5.04346080e-02  5.46689704e-02  5.92675321e-02  6.42293915e-02
  6.95552304e-02  7.52482042e-02  8.13147053e-02  8.77650231e-02  9.46137458e-02
  1.01879999e-01  1.09587505e-01  1.17764466e-01  1.26443446e-01  1.35661319e-01
  1.45459458e-01  1.55884117e-01  1.66987270e-01  1.78828046e-01  1.91474617e-01
  2.05007076e-01  2.19521269e-01  2.35134304e-01  2.51992315e-01  2.70281971e-01
  2.90248513e-01  3.12226713e-01  3.36703211e-01  3.64498079e-01  3.94187242e-01
  4.19145912e-01  4.38330382e-01  4.51406717e-01  4.58246261e-01  4.57857430e-01
  4.49892074e-01  4.35298324e-01  4.21364903e-01  4.08717245e-01  3.97386700e-01
  4.67899814e-02  4.24173474e-02  3.99659686e-02  3.80412526e-02  3.61138321e-02
  3.42649929e-02  3.25613320e-02  3.10510769e-02  2.97658071e-02  2.87251640e-02
  2.79419348e-02  2.74260789e-02  2.71873008e-02  2.72363182e-02  2.75850762e-02
  2.82462742e-02  2.92325262e-02  3.05554066e-02  3.22245993e-02  3.42472605e-02
  3.66276316e-02  3.93669270e-02  4.24634032e-02  4.59125713e-02  4.97075245e-02
  5.38392887e-02  5.82973212e-02  6.30701780e-02  6.81463555e-02  7.35154524e-02
  7.91694596e-02  8.51041526e-02  9.13203806e-02  9.78250578e-02  1.04631685e-01
  1.11760408e-01  1.19237483e-01  1.27094507e-01  1.35367423e-01  1.44095510e-01
  1.53320730e-01  1.63087294e-01  1.73441678e-01  1.84432924e-01  1.96113274e-01
  2.08538830e-01  2.21770272e-01  2.35873163e-01  2.50917047e-01  2.66972065e-01
  2.84099251e-01  3.02326500e-01  3.21588814e-01  3.41593057e-01  3.61385852e-01
  3.78859133e-01  3.92913520e-01  4.03013885e-01  4.08805639e-01  4.10091549e-01
  4.06997651e-01  4.01063412e-01  3.93935531e-01  3.86395127e-01  3.78905118e-01
  4.54245023e-02  4.07011770e-02  3.77747491e-02  3.53263095e-02  3.29426788e-02
  3.07821091e-02  2.89384834e-02  2.74505429e-02  2.63226051e-02  2.55436581e-02
  2.50998810e-02  2.49814335e-02  2.51852348e-02  2.57151332e-02  2.65804064e-02
  2.77934484e-02  2.93672234e-02  3.13129798e-02  3.36384736e-02  3.63468751e-02
  3.94363552e-02  4.29002047e-02  4.67273742e-02  5.09031340e-02  5.54096438e-02
  6.02264293e-02  6.53307438e-02  7.06980899e-02  7.63031393e-02  8.21213275e-02
  8.81310105e-02  9.43160579e-02  1.00668408e-01  1.07189938e-01  1.13893434e-01
  1.20802186e-01  1.27948537e-01  1.35371521e-01  1.43114120e-01  1.51220843e-01
  1.59735695e-01  1.68700904e-01  1.78156197e-01  1.88138396e-01  1.98680982e-01
  2.09813446e-01  2.21559659e-01  2.33935043e-01  2.46941119e-01  2.60556161e-01
  2.74719387e-01  2.89305091e-01  3.04083467e-01  3.18672478e-01  3.32513362e-01
  3.44948471e-01  3.55389297e-01  3.63418907e-01  3.68812710e-01  3.71556193e-01
  3.71880829e-01  3.70252699e-01  3.67234409e-01  3.63328844e-01  3.58922124e-01
  4.51072156e-02  3.99947241e-02  3.58128101e-02  3.20442282e-02  2.86509246e-02
  2.59008184e-02  2.38535907e-02  2.24376451e-02  2.15573087e-02  2.11291481e-02
  2.10919082e-02  2.14086305e-02  2.20650006e-02  2.30649393e-02  2.44245473e-02
  2.61656530e-02  2.83100065e-02  3.08747217e-02  3.38692293e-02  3.72937396e-02
  4.11392190e-02  4.53886054e-02  5.00187278e-02  5.50022386e-02  6.03088140e-02
  6.59053922e-02  7.17555583e-02  7.78187811e-02  8.40505213e-02  9.04040933e-02
  9.68347043e-02  1.03305109e-01  1.09791428e-01  1.16287678e-01  1.22807771e-01
  1.29384533e-01  1.36065811e-01  1.42908558e-01  1.49972275e-01  1.57313675e-01
  1.64983064e-01  1.73022777e-01  1.81466579e-01  1.90339774e-01  1.99658990e-01
  2.09431395e-01  2.19653025e-01  2.30305657e-01  2.41352007e-01  2.52728790e-01
  2.64337391e-01  2.76032895e-01  2.87613899e-01  2.98818976e-01  3.09338242e-01
  3.18845481e-01  3.27043265e-01  3.33704948e-01  3.38703066e-01  3.42024058e-01
  3.43768299e-01  3.44130337e-01  3.43360186e-01  3.41719329e-01  3.39447647e-01
  4.50321548e-02  3.92633379e-02  3.33260521e-02  2.71755997e-02  2.12849081e-02
  1.81749817e-02  1.63683780e-02  1.54515058e-02  1.51687032e-02  1.53467907e-02
  1.58750080e-02  1.66985188e-02  1.78108308e-02  1.92406699e-02  2.10359842e-02
  2.32494418e-02  2.59276163e-02  2.91038360e-02  3.27938534e-02  3.69940810e-02
  4.16826978e-02  4.68239672e-02  5.23745976e-02  5.82897551e-02  6.45261630e-02
  7.10412562e-02  7.77889118e-02  8.47135633e-02  9.17454064e-02  9.88005623e-02
  1.05789281e-01  1.12630866e-01  1.19269304e-01  1.25684127e-01  1.31895021e-01
  1.37960151e-01  1.43966839e-01  1.50015578e-01  1.56202644e-01  1.62608683e-01
  1.69294700e-01  1.76303133e-01  1.83660626e-01  1.91380486e-01  1.99464306e-01
  2.07902193e-01  2.16672078e-01  2.25737974e-01  2.35047162e-01  2.44526967e-01
  2.54081100e-01  2.63586998e-01  2.72895157e-01  2.81832963e-01  2.90213794e-01
  2.97852367e-01  3.04582834e-01  3.10277015e-01  3.14857811e-01  3.18306625e-01
  3.20662439e-01  3.22013497e-01  3.22482467e-01  3.22209507e-01  3.21336687e-01
  4.48936820e-02  3.83471027e-02  3.10346689e-02  2.26333346e-02  1.32757835e-02
  7.37975771e-03  5.78079605e-03  6.27724314e-03  7.23256590e-03  8.43667798e-03
  9.73881967e-03  1.10931732e-02  1.25576211e-02  1.42516112e-02  1.63096357e-02
  1.88521799e-02  2.19733827e-02  2.57362295e-02  3.01684774e-02  3.52580957e-02
  4.09528576e-02  4.71712016e-02  5.38244769e-02  6.08383380e-02  6.81611374e-02
  7.57584125e-02  8.35985914e-02  9.16328728e-02  9.97705758e-02  1.07859775e-01
  1.15701906e-01  1.23110019e-01  1.29959539e-01  1.36202410e-01  1.41869664e-01
  1.47078529e-01  1.52023360e-01  1.56921431e-01  1.61947578e-01  1.67213529e-01
  1.72781065e-01  1.78679630e-01  1.84918359e-01  1.91492572e-01  1.98387131e-01
  2.05577374e-01  2.13029146e-01  2.20697790e-01  2.28527009e-01  2.36447588e-01
  2.44376510e-01  2.52217054e-01  2.59860337e-01  2.67188936e-01  2.74082750e-01
  2.80426651e-01  2.86119312e-01  2.91081250e-01  2.95261502e-01  2.98640817e-01
  3.01231742e-01  3.03075075e-01  3.04233670e-01  3.04784954e-01  3.04813176e-01
  4.59737107e-02  3.92407030e-02  3.15693505e-02  2.25504525e-02  1.18723530e-02
  3.40488949e-03 -1.71443622e-03 -3.32448678e-03 -1.39167812e-03  1.45727338e-03
  3.68529931e-03  5.28988801e-03  6.62333379e-03  8.08926858e-03  1.00019891e-02
  1.25745973e-02  1.59534849e-02  2.02415437e-02  2.54984777e-02  3.17156911e-02
  3.87733988e-02  4.64410633e-02  5.44877648e-02  6.27856925e-02  7.13065192e-02
  8.00791234e-02  8.91563222e-02  9.85875279e-02  1.08371422e-01  1.18293539e-01
  1.27700448e-01  1.36079609e-01  1.43266365e-01  1.49202377e-01  1.53881595e-01
  1.57432541e-01  1.60412699e-01  1.63529411e-01  1.67036161e-01  1.70979783e-01
  1.75352573e-01  1.80130288e-01  1.85283080e-01  1.90778360e-01  1.96580991e-01
  2.02652335e-01  2.08949208e-01  2.15422735e-01  2.22017527e-01  2.28671074e-01
  2.35313728e-01  2.41869390e-01  2.48257041e-01  2.54393250e-01  2.60195702e-01
  2.65587389e-01  2.70500898e-01  2.74882644e-01  2.78695941e-01  2.81922728e-01
  2.84563750e-01  2.86637068e-01  2.88175225e-01  2.89221615e-01  2.89826661e-01
  4.86976430e-02  4.25183289e-02  3.56436782e-02  2.79616732e-02  1.94659010e-02
  1.03369448e-02  1.99711532e-03 -3.05790501e-03 -4.44686599e-03 -1.86883181e-03
  3.36568599e-04  5.80292311e-04  1.31324065e-04  3.19961749e-04  1.43889780e-03
  3.60952620e-03  6.94406359e-03  1.15786148e-02  1.76846534e-02  2.54587177e-02
  3.49651128e-02  4.51014042e-02  5.49421981e-02  6.45592213e-02  7.41381571e-02
  8.38762000e-02  9.39824507e-02  1.04701236e-01  1.16362236e-01  1.29425123e-01
  1.41151249e-01  1.50675863e-01  1.58294410e-01  1.63852617e-01  1.67274073e-01
  1.68240085e-01  1.67779893e-01  1.68755427e-01  1.70717061e-01  1.73419490e-01
  1.76712006e-01  1.80493146e-01  1.84688970e-01  1.89240575e-01  1.94096565e-01
  1.99208468e-01  2.04527944e-01  2.10005045e-01  2.15587199e-01  2.21218809e-01
  2.26841331e-01  2.32393757e-01  2.37813786e-01  2.43039429e-01  2.48011008e-01
  2.52673507e-01  2.56978899e-01  2.60888219e-01  2.64373362e-01  2.67417848e-01
  2.70017058e-01  2.72177488e-01  2.73915559e-01  2.75255501e-01  2.76227444e-01
  5.27442880e-02  4.75702398e-02  4.19271514e-02  3.57899517e-02  2.92207412e-02
  2.23690439e-02  1.54491477e-02  8.70845374e-03  4.04450018e-03  3.97573318e-03
  3.88074038e-03  1.28951680e-03 -2.06327485e-03 -3.43032973e-03 -3.23665491e-03
 -1.62073993e-03  1.45429897e-03  6.11976348e-03  1.26225455e-02  2.14466099e-02
  3.34968083e-02  4.59257364e-02  5.68683855e-02  6.70812279e-02  7.70231336e-02
  8.70208666e-02  9.73624513e-02  1.08359367e-01  1.20405920e-01  1.33930877e-01
  1.46080703e-01  1.55819565e-01  1.63413703e-01  1.68776065e-01  1.71747610e-01
  1.71954781e-01  1.70648813e-01  1.70801386e-01  1.72008157e-01  1.73984140e-01
  1.76553011e-01  1.79602876e-01  1.83056369e-01  1.86853155e-01  1.90940738e-01
  1.95269972e-01  1.99793011e-01  2.04462096e-01  2.09228992e-01  2.14044794e-01
  2.18859971e-01  2.23624751e-01  2.28289813e-01  2.32807249e-01  2.37131774e-01
  2.41221994e-01  2.45041728e-01  2.48561084e-01  2.51757473e-01  2.54616022e-01
  2.57129699e-01  2.59299070e-01  2.61131495e-01  2.62640178e-01  2.63843000e-01
  9.14496064e-01  9.28972542e-01  9.38976586e-01  9.50779915e-01  9.63373184e-01
  9.76151764e-01  9.90525544e-01  1.00366795e+00  1.01729739e+00  1.03202891e+00
  1.04633927e+00  1.06134737e+00  1.07721996e+00  1.09314716e+00  1.10959637e+00
  1.12657630e+00  1.14435124e+00  1.16231883e+00  1.18083692e+00  1.20011318e+00
  1.22005272e+00  1.24042022e+00  1.26147580e+00  1.28323221e+00  1.30578089e+00
  1.32904756e+00  1.35300732e+00  1.37784433e+00  1.40357327e+00  1.43021202e+00
  1.45771575e+00  1.48629785e+00  1.51590598e+00  1.54665196e+00  1.57858610e+00
  1.61173511e+00  1.64625144e+00  1.68208098e+00  1.71955204e+00  1.75850761e+00
  1.79919994e+00  1.84169114e+00  1.88615894e+00  1.93278682e+00  1.98158121e+00
  2.03292441e+00  2.08685946e+00  2.14383459e+00  2.20377278e+00  2.26743245e+00
  2.33483601e+00  2.40653729e+00  2.48324013e+00  2.56552100e+00  2.65399909e+00
  2.75033641e+00  2.85521913e+00  2.97079015e+00  3.09952688e+00  3.24457836e+00
  3.41392231e+00  3.61605096e+00  3.87644672e+00  4.27013588e+00  6.08268213e+00
   89   87
  1.09616137e+00 -5.00000007e-02  1.09555376e+00  5.00000007e-02  1.09912694e+00
  1.50000006e-01  1.10562503e+00  2.33285874e-01  1.11237419e+00  3.00000012e-01
  1.12518954e+00  4.00000006e-01  1.13318455e+00  4.49999988e-01  1.15076077e+00
  5.50000012e-01  1.16165471e+00  6.00000024e-01  1.18531251e+00  6.89347982e-01
  1.20662332e+00  7.50000000e-01  1.23018897e+00  8.00000012e-01  1.26187956e+00
  8.50000024e-01  1.29156256e+00  8.83728027e-01  1.31812501e+00  9.06978548e-01
  1.37125003e+00  9.36827421e-01  1.41258943e+00  9.49999988e-01  1.45093751e+00
  9.57034528e-01  1.50406253e+00  9.56922889e-01  1.54637074e+00  9.49999988e-01
  1.58375001e+00  9.41635847e-01  1.63687503e+00  9.25503433e-01  1.69000006e+00
  9.03215647e-01  1.71656251e+00  8.89779866e-01  1.76968753e+00  8.59918714e-01
  1.79624999e+00  8.42536509e-01  1.84937501e+00  8.05333674e-01  1.87593746e+00
  7.84479737e-01  1.91636443e+00  7.50000000e-01  1.95562506e+00  7.14419901e-01
  1.98218751e+00  6.87842190e-01  2.01748753e+00  6.49999976e-01  2.05912352e+00
  6.00000024e-01  2.08843756e+00  5.61423123e-01  2.11500001e+00  5.21955729e-01
  2.14156246e+00  4.77841109e-01  2.16812491e+00  4.28256661e-01  2.19468760e+00
  3.72127920e-01  2.22125006e+00  3.07831943e-01  2.24141788e+00  2.50000000e-01
  2.25651097e+00  2.00000003e-01  2.27437496e+00  1.16394989e-01  2.28210425e+00
  5.00000007e-02  2.27916193e+00 -5.00000007e-02  2.27119613e+00 -1.00000001e-01
  2.24781251e+00 -1.92082807e-01  2.22862315e+00 -2.50000000e-01  2.20890951e+00
 -3.00000012e-01  2.18692374e+00 -3.49999994e-01  2.16267586e+00 -4.00000006e-01
  2.13592291e+00 -4.49999988e-01  2.10629821e+00 -5.00000000e-01  2.07343554e+00
 -5.50000012e-01  2.03704357e+00 -6.00000024e-01  2.00874996e+00 -6.35155797e-01
  1.98218751e+00 -6.66643918e-01  1.95197809e+00 -6.99999988e-01  1.90551460e+00
 -7.50000000e-01  1.87593746e+00 -7.80164182e-01  1.84937501e+00 -8.06209445e-01
  1.80226862e+00 -8.50000024e-01  1.76968753e+00 -8.79756689e-01  1.74312496e+00
 -9.02667522e-01  1.69000006e+00 -9.45817053e-01  1.66343749e+00 -9.67517853e-01
  1.61941981e+00 -1.00000000e+00  1.58375001e+00 -1.02641475e+00  1.54746115e+00
 -1.04999995e+00  1.50406253e+00 -1.07948101e+00  1.46892965e+00 -1.10000002e+00
  1.42437506e+00 -1.12855685e+00  1.38392019e+00 -1.14999998e+00  1.34468746e+00
 -1.17572558e+00  1.28710294e+00 -1.20687330e+00  1.26499999e+00 -1.12504780e+00
  1.25069642e+00 -1.04999995e+00  1.23843753e+00 -9.89666224e-01  1.22124207e+00
 -8.99999976e-01  1.21100366e+00 -8.50000024e-01  1.19197845e+00 -7.50000000e-01
  1.18174827e+00 -6.99999988e-01  1.16270554e+00 -6.00000024e-01  1.15311611e+00
 -5.50000012e-01  1.13608825e+00 -4.49999988e-01  1.12803984e+00 -4.00000006e-01
  1.11488652e+00 -3.00000012e-01  1.10562503e+00 -2.10839853e-01  1.10077918e+00
 -1.50000006e-01  1.09616137e+00 -5.00000007e-02
  1.01600003e+00  0.00000000e+00  1.01600003e+00  9.63999987e-01  1.01600003e+00
  9.67999995e-01  1.01600003e+00  1.00100005e+00  1.01600003e+00  1.01900005e+00
  1.01600003e+00  1.07700002e+00  1.01600003e+00  1.07000005e+00  1.01600003e+00
  1.09599996e+00  1.01600003e+00  1.11300004e+00  1.01600003e+00  1.13800001e+00
  1.01600003e+00  1.14699996e+00  1.01199996e+00  1.16499996e+00  1.00100005e+00
  1.21700001e+00  1.02900004e+00  1.21700001e+00  1.04200006e+00  1.16240001e+00
  1.04600000e+00  1.16237998e+00  1.05599999e+00  1.16260004e+00  1.09700000e+00
  1.16450000e+00  1.10800004e+00  1.16594005e+00  1.11600006e+00  1.16591001e+00
  1.13399994e+00  1.16895998e+00  1.14800000e+00  1.17174995e+00  1.16199994e+00
  1.17556000e+00  1.18099999e+00  1.18299997e+00  1.18200004e+00  1.18350005e+00
  1.18499994e+00  1.18499994e+00  1.19000006e+00  1.18799996e+00  1.19500005e+00
  1.19099998e+00  1.20099998e+00  1.19599998e+00  1.20899999e+00  1.20200002e+00
  1.21500003e+00  1.20799994e+00  1.22200000e+00  1.21399999e+00  1.22800004e+00
  1.22099996e+00  1.23399997e+00  1.23099995e+00  1.23899996e+00  1.23800004e+00
  1.24199998e+00  1.24399996e+00  1.24800003e+00  1.25399995e+00  1.25800002e+00
  1.27800000e+00  1.26300001e+00  1.28999996e+00  1.27999997e+00  1.33099997e+00
  1.27999997e+00  1.34700000e+00  1.27999997e+00  1.34800005e+00  1.30999994e+00
  1.34800005e+00  1.32799995e+00  1.34800005e+00  1.36099994e+00  1.34800005e+00
  1.38000000e+00  1.34800005e+00  1.41900003e+00  1.34800005e+00  1.41900003e+00
  1.30999994e+00  1.37199998e+00  1.30999994e+00  1.37199998e+00  1.29200006e+00
  1.60800004e+00  1.09500003e+00  1.64699996e+00  1.07700002e+00  1.78499997e+00
  1.07700002e+00  2.06999993e+00  1.03999996e+00  2.12800002e+00  9.92999971e-01
  2.24499989e+00  7.08999991e-01  2.32299995e+00  5.18999994e-01  2.37700009e+00
  3.88999999e-01  2.35200000e+00  4.00000006e-01  2.35100007e+00  3.37000012e-01
  2.35100007e+00  2.04999998e-01  2.35400009e+00  6.80000037e-02  2.35400009e+00
  0.00000000e+00  2.35400009e+00 -6.80000037e-02  2.35299993e+00 -2.04999998e-01
  2.35100007e+00 -3.37000012e-01  2.35299993e+00 -4.00000006e-01  2.37700009e+00
 -3.88999999e-01  2.13400006e+00 -9.72999990e-01  1.78600001e+00 -1.17400002e+00
  1.76800001e+00 -1.21099997e+00  1.76800001e+00 -1.25000000e+00  1.68200004e+00
 -1.25000000e+00  1.37199998e+00 -1.25000000e+00  1.37199998e+00 -1.32900000e+00
  1.41999996e+00 -1.32900000e+00  1.41999996e+00 -1.36300004e+00  1.27300000e+00
 -1.36300004e+00  1.15300000e+00 -1.36300004e+00  1.01600003e+00 -1.22300005e+00
  1.01600003e+00 -1.22300005e+00  1.01600003e+00 -8.29999983e-01  1.01600003e+00
 -8.00000012e-01  1.01600003e+00 -4.14999992e-01  1.01600003e+00 -4.00000006e-01
  1.01600003e+00 -1.00000005e-03  1.01600003e+00  0.00000000e+00
    0 0.000000000e+00    0
  0.00000000e+00  8.90450254e-02  1.26602262e-01  1.55654430e-01  1.80332974e-01
  2.02339903e-01  2.21223399e-01  2.39838988e-01  2.57578939e-01  2.74347752e-01
  2.90317208e-01  3.05681020e-01  3.20567578e-01  3.34997863e-01  3.48950177e-01
  3.62645507e-01  3.76048803e-01  3.89159769e-01  4.02036369e-01  4.14709866e-01
  4.27260518e-01  4.39601988e-01  4.51809913e-01  4.63875771e-01  4.75920737e-01
  4.87804085e-01  4.99618858e-01  5.11378884e-01  5.23074687e-01  5.34764588e-01
  5.46358287e-01  5.57978272e-01  5.69561124e-01  5.81149817e-01  5.92746854e-01
  6.04331434e-01  6.15966976e-01  6.27592385e-01  6.39306188e-01  6.51024282e-01
  6.62808895e-01  6.74659669e-01  6.86579585e-01  6.98588908e-01  7.10662961e-01
  7.22862422e-01  7.35144317e-01  7.47579575e-01  7.60111034e-01  7.72822142e-01
  7.85657465e-01  7.98682392e-01  8.11900675e-01  8.25317800e-01  8.38948250e-01
  8.52863789e-01  8.67031336e-01  8.81537676e-01  8.96381021e-01  9.11627471e-01
  9.27382469e-01  9.43700016e-01  9.60815072e-01  9.79050219e-01  1.00000000e+00
    0
