   EFIT?   05/12/98      #131482  2800             3  65  65
  1.70000005e+00  3.20000005e+00  1.69550002e+00  8.39999974e-01  0.00000000e+00
  1.76945591e+00  4.38281521e-03 -4.12670285e-01 -1.03152581e-01 -1.89668214e+00
  1.54387750e+06 -4.12670285e-01  0.00000000e+00  1.76945591e+00  0.00000000e+00
  4.38281521e-03  0.00000000e+00 -1.03152581e-01  0.00000000e+00  0.00000000e+00
 -3.24829888e+00 -3.24787688e+00 -3.24744821e+00 -3.24701333e+00 -3.24657226e+00
 -3.24612522e+00 -3.24567246e+00 -3.24521399e+00 -3.24475002e+00 -3.24428105e+00
 -3.24380684e+00 -3.24332786e+00 -3.24284410e+00 -3.24235606e+00 -3.24186349e+00
 -3.24136686e+00 -3.24086642e+00 -3.24036193e+00 -3.23985410e+00 -3.23934269e+00
 -3.23882818e+00 -3.23831058e+00 -3.23779035e+00 -3.23726726e+00 -3.23674154e+00
 -3.23621392e+00 -3.23568392e+00 -3.23515201e+00 -3.23461843e+00 -3.23408318e+00
 -3.23354673e+00 -3.23300910e+00 -3.23247051e+00 -3.23193097e+00 -3.23139071e+00
 -3.23085022e+00 -3.23030949e+00 -3.22976851e+00 -3.22922778e+00 -3.22868752e+00
 -3.22814751e+00 -3.22760820e+00 -3.22706985e+00 -3.22653246e+00 -3.22599649e+00
 -3.22546172e+00 -3.22492862e+00 -3.22439742e+00 -3.22386813e+00 -3.22334123e+00
 -3.22281647e+00 -3.22229433e+00 -3.22177482e+00 -3.22125840e+00 -3.22074509e+00
 -3.22023511e+00 -3.21972847e+00 -3.21922565e+00 -3.21872663e+00 -3.21823168e+00
 -3.21774101e+00 -3.21725488e+00 -3.21677327e+00 -3.21629643e+00 -3.21582460e+00
  1.44710406e+05  1.40736391e+05  1.36816750e+05  1.32951500e+05  1.29140617e+05
  1.25384109e+05  1.21681984e+05  1.18034242e+05  1.14440875e+05  1.10901883e+05
  1.07417273e+05  1.03987039e+05  1.00611180e+05  9.72897031e+04  9.40226094e+04
  9.08098906e+04  8.76515469e+04  8.45475859e+04  8.14980000e+04  7.85027891e+04
  7.55619609e+04  7.26755078e+04  6.98434375e+04  6.70657422e+04  6.43424297e+04
  6.16734922e+04  5.90589336e+04  5.64987539e+04  5.39929492e+04  5.15415273e+04
  4.91444805e+04  4.68018125e+04  4.45135234e+04  4.22796133e+04  4.01000820e+04
  3.79749258e+04  3.59041484e+04  3.38877539e+04  3.19257324e+04  3.00180918e+04
  2.81648281e+04  2.63659434e+04  2.46214375e+04  2.29313086e+04  2.12955586e+04
  1.97141875e+04  1.81871934e+04  1.67145781e+04  1.52963428e+04  1.39324834e+04
  1.26230039e+04  1.13679014e+04  1.01671777e+04  9.02083301e+03  7.92886572e+03
  6.89127686e+03  5.90806641e+03  4.97923389e+03  4.10477979e+03  3.28470435e+03
  2.51900684e+03  1.80768774e+03  1.15074683e+03  5.48184265e+02  0.00000000e+00
 -2.81275094e-01 -2.85674930e-01 -2.89950371e-01 -2.94101357e-01 -2.98127890e-01
 -3.02029997e-01 -3.05807680e-01 -3.09460938e-01 -3.12989742e-01 -3.16394120e-01
 -3.19674075e-01 -3.22829574e-01 -3.25860649e-01 -3.28767270e-01 -3.31549495e-01
 -3.34207267e-01 -3.36740583e-01 -3.39149505e-01 -3.41433972e-01 -3.43593985e-01
 -3.45629603e-01 -3.47540766e-01 -3.49327475e-01 -3.50989789e-01 -3.52527648e-01
 -3.53941083e-01 -3.55230063e-01 -3.56394619e-01 -3.57434750e-01 -3.58350426e-01
 -3.59141678e-01 -3.59808505e-01 -3.60350877e-01 -3.60768855e-01 -3.61062348e-01
 -3.61231446e-01 -3.61276090e-01 -3.61196309e-01 -3.60992074e-01 -3.60663414e-01
 -3.60210329e-01 -3.59632820e-01 -3.58930856e-01 -3.58104467e-01 -3.57153624e-01
 -3.56078357e-01 -3.54878664e-01 -3.53554547e-01 -3.52105975e-01 -3.50532979e-01
 -3.48835528e-01 -3.47013682e-01 -3.45067352e-01 -3.42996627e-01 -3.40801448e-01
 -3.38481843e-01 -3.36037815e-01 -3.33469331e-01 -3.30776423e-01 -3.27959090e-01
 -3.25017303e-01 -3.21951091e-01 -3.18760425e-01 -3.15445364e-01 -3.12005848e-01
 -8.27342375e+05 -8.16098375e+05 -8.04854438e+05 -7.93610438e+05 -7.82366438e+05
 -7.71122500e+05 -7.59878500e+05 -7.48634562e+05 -7.37390562e+05 -7.26146562e+05
 -7.14902625e+05 -7.03658625e+05 -6.92414625e+05 -6.81170688e+05 -6.69926688e+05
 -6.58682750e+05 -6.47438750e+05 -6.36194750e+05 -6.24950812e+05 -6.13706812e+05
 -6.02462875e+05 -5.91218875e+05 -5.79974875e+05 -5.68730938e+05 -5.57486938e+05
 -5.46242938e+05 -5.34999000e+05 -5.23755000e+05 -5.12511031e+05 -5.01267062e+05
 -4.90023094e+05 -4.78779094e+05 -4.67535125e+05 -4.56291156e+05 -4.45047188e+05
 -4.33803188e+05 -4.22559219e+05 -4.11315250e+05 -4.00071281e+05 -3.88827281e+05
 -3.77583312e+05 -3.66339344e+05 -3.55095375e+05 -3.43851375e+05 -3.32607406e+05
 -3.21363438e+05 -3.10119469e+05 -2.98875469e+05 -2.87631500e+05 -2.76387531e+05
 -2.65143562e+05 -2.53899578e+05 -2.42655609e+05 -2.31411625e+05 -2.20167656e+05
 -2.08923672e+05 -1.97679703e+05 -1.86435719e+05 -1.75191750e+05 -1.63947766e+05
 -1.52703797e+05 -1.41459812e+05 -1.30215836e+05 -1.18971859e+05 -1.07727883e+05
 -6.60716295e-02 -7.32632503e-02 -8.09241384e-02 -8.90641883e-02 -9.76474956e-02
 -1.06587462e-01 -1.15757652e-01 -1.25022829e-01 -1.32471263e-01 -1.36200160e-01
 -1.41053542e-01 -1.49528161e-01 -1.59146354e-01 -1.65200323e-01 -1.68495804e-01
 -1.69327348e-01 -1.67710245e-01 -1.63492978e-01 -1.56294554e-01 -1.45345524e-01
 -1.29188359e-01 -1.12374157e-01 -9.83655974e-02 -8.59563053e-02 -7.44683519e-02
 -6.34811819e-02 -5.26901409e-02 -4.18312997e-02 -3.06273084e-02 -1.87773984e-02
 -7.77807925e-03  1.90374104e-03  1.04637686e-02  1.78352147e-02  2.39840001e-02
  2.87531093e-02  3.27518769e-02  3.75896506e-02  4.30299975e-02  4.89245355e-02
  5.51778600e-02  6.17242455e-02  6.85138106e-02  7.55044967e-02  8.26575458e-02
  8.99348632e-02  9.72975567e-02  1.04704984e-01  1.12114348e-01  1.19480498e-01
  1.26756191e-01  1.33892551e-01  1.40839979e-01  1.47549242e-01  1.53972879e-01
  1.60066694e-01  1.65791333e-01  1.71113700e-01  1.76008210e-01  1.80457562e-01
  1.84453130e-01  1.87994897e-01  1.91090852e-01  1.93756148e-01  1.96011767e-01
 -7.12331012e-02 -7.92668983e-02 -8.79944414e-02 -9.75205526e-02 -1.07863508e-01
 -1.18885972e-01 -1.29126251e-01 -1.36469126e-01 -1.40557021e-01 -1.41385704e-01
 -1.43313184e-01 -1.47564381e-01 -1.52458847e-01 -1.56001136e-01 -1.57803267e-01
 -1.57748729e-01 -1.55718118e-01 -1.51541024e-01 -1.44983560e-01 -1.35772422e-01
 -1.23858243e-01 -1.11031957e-01 -9.89196822e-02 -8.75072256e-02 -7.65780807e-02
 -6.59127608e-02 -5.53041883e-02 -4.45419624e-02 -3.33812535e-02 -2.15520244e-02
 -1.04918033e-02 -6.84802362e-04  8.04134365e-03  1.56706404e-02  2.21447442e-02
  2.72878706e-02  3.17571722e-02  3.70801724e-02  4.30387072e-02  4.94892634e-02
  5.63393533e-02  6.35239556e-02  7.09927902e-02  7.87029192e-02  8.66142213e-02
  9.46864262e-02  1.02877229e-01  1.11140974e-01  1.19427882e-01  1.27683684e-01
  1.35849774e-01  1.43863782e-01  1.51660755e-01  1.59174860e-01  1.66341603e-01
  1.73100293e-01  1.79396778e-01  1.85185924e-01  1.90433741e-01  1.95118830e-01
  1.99233010e-01  2.02780992e-01  2.05779299e-01  2.08254486e-01  2.10240945e-01
 -7.52207786e-02 -8.37263614e-02 -9.31052938e-02 -1.03765041e-01 -1.15888223e-01
 -1.25782818e-01 -1.32622778e-01 -1.36304185e-01 -1.36746690e-01 -1.36731163e-01
 -1.37469620e-01 -1.38851225e-01 -1.40373036e-01 -1.41464233e-01 -1.41682118e-01
 -1.40735209e-01 -1.38431802e-01 -1.34645402e-01 -1.29316688e-01 -1.22496516e-01
 -1.14417143e-01 -1.05494641e-01 -9.61534455e-02 -8.66549313e-02 -7.70980641e-02
 -6.74859732e-02 -5.77757359e-02 -4.79076654e-02 -3.78321186e-02 -2.76110694e-02
 -1.77148394e-02 -8.45120568e-03  1.38295873e-04  8.04462098e-03  1.52644161e-02
  2.18402762e-02  2.81539224e-02  3.47342379e-02  4.16860692e-02  4.90089022e-02
  5.66834062e-02  6.46850392e-02  7.29870573e-02  8.15606192e-02  9.03738886e-02
  9.93908495e-02  1.08570077e-01  1.17863514e-01  1.27215564e-01  1.36562392e-01
  1.45831779e-01  1.54943675e-01  1.63811713e-01  1.72345579e-01  1.80454627e-01
  1.88052177e-01  1.95060313e-01  2.01414511e-01  2.07067579e-01  2.11992353e-01
  2.16182634e-01  2.19652563e-01  2.22434178e-01  2.24573940e-01  2.26128593e-01
 -7.79441297e-02 -8.62469599e-02 -9.51170996e-02 -1.04888611e-01 -1.15325220e-01
 -1.22269891e-01 -1.25287309e-01 -1.26555651e-01 -1.27486199e-01 -1.28273815e-01
 -1.29024655e-01 -1.29717961e-01 -1.30214572e-01 -1.30310193e-01 -1.29794151e-01
 -1.28486529e-01 -1.26253620e-01 -1.23014003e-01 -1.18744485e-01 -1.13487527e-01
 -1.07352011e-01 -1.00495495e-01 -9.30873007e-02 -8.52714777e-02 -7.71495327e-02
 -6.87838271e-02 -6.02121204e-02 -5.14666513e-02 -4.25962582e-02 -3.36865745e-02
 -2.48555038e-02 -1.62114333e-02 -7.81943183e-03  3.02054599e-04  8.17981735e-03
  1.58929974e-02  2.35721208e-02  3.13608050e-02  3.93675007e-02  4.76553701e-02
  5.62553033e-02  6.51783347e-02  7.44227692e-02  8.39776248e-02  9.38237831e-02
  1.03933878e-01  1.14271432e-01  1.24789409e-01  1.35428637e-01  1.46116257e-01
  1.56764463e-01  1.67270407e-01  1.77517280e-01  1.87377676e-01  1.96719050e-01
  2.05411375e-01  2.13336155e-01  2.20395505e-01  2.26519957e-01  2.31673658e-01
  2.35856161e-01  2.39100531e-01  2.41468206e-01  2.43041575e-01  2.43915662e-01
 -8.02781060e-02 -8.79253745e-02 -9.51636955e-02 -1.02183469e-01 -1.08646572e-01
 -1.12493061e-01 -1.15210205e-01 -1.17193364e-01 -1.18681163e-01 -1.19817890e-01
 -1.20674320e-01 -1.21256217e-01 -1.21515386e-01 -1.21367462e-01 -1.20712876e-01
 -1.19455576e-01 -1.17517009e-01 -1.14845268e-01 -1.11420564e-01 -1.07257068e-01
 -1.02400057e-01 -9.69178602e-02 -9.08899158e-02 -8.43947902e-02 -7.75022283e-02
 -7.02708140e-02 -6.27505183e-02 -5.49879931e-02 -4.70320508e-02 -3.89359742e-02
 -3.07540558e-02 -2.25329846e-02 -1.43026365e-02 -6.07013097e-03  2.18238821e-03
  1.04964869e-02  1.89314708e-02  2.75536440e-02  3.64247821e-02  4.55948971e-02
  5.51003218e-02  6.49648160e-02  7.52013549e-02  8.58133882e-02  9.67952013e-02
  1.08131349e-01  1.19795099e-01  1.31746128e-01  1.43927276e-01  1.56260833e-01
  1.68644592e-01  1.80948704e-01  1.93014577e-01  2.04657599e-01  2.15675279e-01
  2.25861117e-01  2.35022530e-01  2.43000045e-01  2.49683648e-01  2.55023688e-01
  2.59034097e-01  2.61787891e-01  2.63404906e-01  2.64035344e-01  2.63841957e-01
 -8.46786946e-02 -9.25924629e-02 -9.66448337e-02 -9.97005180e-02 -1.02775380e-01
 -1.05488859e-01 -1.07755981e-01 -1.09617971e-01 -1.11134857e-01 -1.12350754e-01
 -1.13284424e-01 -1.13927893e-01 -1.14249557e-01 -1.14200421e-01 -1.13722332e-01
 -1.12756498e-01 -1.11251101e-01 -1.09167263e-01 -1.06483012e-01 -1.03194863e-01
 -9.93168503e-02 -9.48773399e-02 -8.99143443e-02 -8.44705030e-02 -7.85891041e-02
 -7.23117739e-02 -6.56777993e-02 -5.87244742e-02 -5.14874756e-02 -4.40004505e-02
 -3.62931862e-02 -2.83887275e-02 -2.03002244e-02 -1.20286206e-02 -3.56177171e-03
  5.12461364e-03  1.40642636e-02  2.32963655e-02  3.28613035e-02  4.27972004e-02
  5.31377234e-02  6.39110729e-02  7.51395896e-02  8.68394747e-02  9.90201756e-02
  1.11683093e-01  1.24819316e-01  1.38406038e-01  1.52401313e-01  1.66736633e-01
  1.81307510e-01  1.95962340e-01  2.10492298e-01  2.24626839e-01  2.38042071e-01
  2.50386596e-01  2.61322200e-01  2.70567507e-01  2.77933747e-01  2.83347100e-01
  2.86856413e-01  2.88622797e-01  2.88890719e-01  2.87946075e-01  2.86075294e-01
 -8.67251605e-02 -9.46303755e-02 -9.70149934e-02 -9.77414250e-02 -9.89635140e-02
 -1.00419909e-01 -1.01929784e-01 -1.03389218e-01 -1.04739010e-01 -1.05940111e-01
 -1.06958799e-01 -1.07759126e-01 -1.08300053e-01 -1.08535603e-01 -1.08416878e-01
 -1.07894979e-01 -1.06924377e-01 -1.05466381e-01 -1.03492647e-01 -1.00987010e-01
 -9.79456827e-02 -9.43760723e-02 -9.02943909e-02 -8.57222900e-02 -8.06843489e-02
 -7.52063170e-02 -6.93139657e-02 -6.30321503e-02 -5.63840233e-02 -4.93900739e-02
 -4.20669541e-02 -3.44260931e-02 -2.64723748e-02 -1.82032101e-02 -9.60817561e-03
 -6.69439440e-04  8.63714982e-03  1.83404740e-02  2.84724049e-02  3.90662216e-02
  5.01554050e-02  6.17728643e-02  7.39504322e-02  8.67185220e-02  1.00105554e-01
  1.14136979e-01  1.28833368e-01  1.44207001e-01  1.60255894e-01  1.76953912e-01
  1.94234401e-01  2.11964622e-01  2.29909331e-01  2.47689545e-01  2.64762789e-01
  2.80469447e-01  2.94154435e-01  3.05287331e-01  3.13525558e-01  3.18745196e-01
  3.21065605e-01  3.20852131e-01  3.18646759e-01  3.15033406e-01  3.10525835e-01
 -8.52036402e-02 -9.28527862e-02 -9.43665132e-02 -9.42201987e-02 -9.46212560e-02
 -9.54192355e-02 -9.64839235e-02 -9.77047607e-02 -9.89917442e-02 -1.00271098e-01
 -1.01480000e-01 -1.02562077e-01 -1.03464328e-01 -1.04135200e-01 -1.04523577e-01
 -1.04578212e-01 -1.04247548e-01 -1.03481330e-01 -1.02239206e-01 -1.00492768e-01
 -9.82258990e-02 -9.54347104e-02 -9.21263471e-02 -8.83110017e-02 -8.40006396e-02
 -7.92089626e-02 -7.39509091e-02 -6.82412237e-02 -6.20934293e-02 -5.55189326e-02
 -4.85261455e-02 -4.11196053e-02 -3.32992114e-02 -2.50597335e-02 -1.63905472e-02
 -7.27570988e-03  2.30570114e-03  1.23790791e-02  2.29737181e-02  3.41223329e-02
  4.58607599e-02  5.82279228e-02  7.12660402e-02  8.50211009e-02  9.95434076e-02
  1.14888251e-01  1.31116316e-01  1.48293480e-01  1.66489333e-01  1.85772434e-01
  2.06198677e-01  2.27783784e-01  2.50437438e-01  2.73811877e-01  2.97037035e-01
  3.18529874e-01  3.36805046e-01  3.50948572e-01  3.60407084e-01  3.64912361e-01
  3.64551246e-01  3.60113800e-01  3.53142470e-01  3.44951332e-01  3.36392224e-01
 -8.06308389e-02 -8.79498050e-02 -8.92504081e-02 -8.88084769e-02 -8.89602602e-02
 -8.96040127e-02 -9.06295702e-02 -9.19294879e-02 -9.34060663e-02 -9.49735269e-02
 -9.65572819e-02 -9.80919525e-02 -9.95191261e-02 -1.00785069e-01 -1.01838179e-01
 -1.02625050e-01 -1.03082411e-01 -1.03118345e-01 -1.02674104e-01 -1.01708874e-01
 -1.00195289e-01 -9.81235802e-02 -9.55206007e-02 -9.23898146e-02 -8.87308121e-02
 -8.45468938e-02 -7.98471272e-02 -7.46396109e-02 -6.89310580e-02 -6.27268478e-02
 -5.60301021e-02 -4.88409288e-02 -4.11559157e-02 -3.29677574e-02 -2.42650528e-02
 -1.50321601e-02 -5.24914498e-03  5.10828011e-03  1.60688441e-02  2.76659261e-02
  3.99379730e-02  5.29291928e-02  6.66906238e-02  8.12816694e-02  9.67722386e-02
  1.13245629e-01  1.30802467e-01  1.49566069e-01  1.69689924e-01  1.91368446e-01
  2.14853093e-01  2.40478799e-01  2.68714160e-01  3.00292790e-01  3.35877836e-01
  3.68031263e-01  3.93603444e-01  4.12391126e-01  4.23970252e-01  4.27427649e-01
  4.22518492e-01  4.07642007e-01  3.90888691e-01  3.75351518e-01  3.61255616e-01
 -7.33699873e-02 -8.03579465e-02 -8.16375092e-02 -8.12567994e-02 -8.15938115e-02
 -8.25322866e-02 -8.39359537e-02 -8.56799632e-02 -8.76563415e-02 -8.97738785e-02
 -9.19559523e-02 -9.41378921e-02 -9.62648094e-02 -9.82902199e-02 -1.00175992e-01
 -1.01894602e-01 -1.03436269e-01 -1.04448698e-01 -1.04910731e-01 -1.04786187e-01
 -1.04023106e-01 -1.02540150e-01 -1.00596964e-01 -9.81202647e-02 -9.50702131e-02
 -9.14328471e-02 -8.72350782e-02 -8.24798495e-02 -7.71666244e-02 -7.12979957e-02
 -6.48741424e-02 -5.78924827e-02 -5.03473207e-02 -4.22298163e-02 -3.35279591e-02
 -2.42263675e-02 -1.43059501e-02 -3.74353258e-03  7.48861255e-03  1.94233805e-02
  3.20996717e-02  4.55635525e-02  5.98698705e-02  7.50845000e-02  9.12874565e-02
  1.08577207e-01  1.27076864e-01  1.46942973e-01  1.68378755e-01  1.91654056e-01
  2.17137411e-01  2.45348737e-01  2.77048141e-01  3.13370287e-01  3.55907708e-01
  3.99634153e-01  4.33565676e-01  4.57609028e-01  4.71996754e-01  4.76564914e-01
  4.69825834e-01  4.50873286e-01  4.23177838e-01  3.99845093e-01  3.80359024e-01
 -6.31533936e-02 -6.98419958e-02 -7.09553659e-02 -7.10744411e-02 -7.21715465e-02
 -7.39557669e-02 -7.62183890e-02 -7.88085759e-02 -8.16153735e-02 -8.45540687e-02
 -8.75576064e-02 -9.05713439e-02 -9.35497880e-02 -9.64546651e-02 -9.92539525e-02
 -1.01921961e-01 -1.04441121e-01 -1.06425695e-01 -1.07848972e-01 -1.08682364e-01
 -1.08897634e-01 -1.08474202e-01 -1.07418850e-01 -1.05703361e-01 -1.03277087e-01
 -1.00058027e-01 -9.63209718e-02 -9.19902325e-02 -8.70345980e-02 -8.14734027e-02
 -7.53049254e-02 -6.85250387e-02 -6.11256137e-02 -5.30961007e-02 -4.44244705e-02
 -3.50964740e-02 -2.50949599e-02 -1.43992342e-02 -2.98441690e-03  9.17930529e-03
  2.21275985e-02  3.59031968e-02  5.05575091e-02  6.61528111e-02  8.27651694e-02
  1.00488439e-01  1.19439781e-01  1.39767259e-01  1.61660463e-01  1.85365453e-01
  2.11205378e-01  2.39608020e-01  2.71138936e-01  3.06533426e-01  3.46716553e-01
  3.92523378e-01  4.31504726e-01  4.59463388e-01  4.76802200e-01  4.83644187e-01
  4.80251551e-01  4.65126991e-01  4.37955886e-01  4.10191298e-01  3.88034701e-01
 -4.75164950e-02 -5.32299839e-02 -5.55899628e-02 -5.76425157e-02 -6.05827421e-02
 -6.39719069e-02 -6.76296502e-02 -7.14578778e-02 -7.53919706e-02 -7.93837085e-02
 -8.33941847e-02 -8.73904303e-02 -9.13435444e-02 -9.52272192e-02 -9.90156829e-02
 -1.02679253e-01 -1.06173366e-01 -1.09129429e-01 -1.11525312e-01 -1.13333344e-01
 -1.14524744e-01 -1.15072347e-01 -1.14951551e-01 -1.14134416e-01 -1.12591662e-01
 -1.10299930e-01 -1.07260831e-01 -1.03432067e-01 -9.87331197e-02 -9.34548080e-02
 -8.75263885e-02 -8.09479132e-02 -7.37027451e-02 -6.57753199e-02 -5.71560189e-02
 -4.78339233e-02 -3.77959050e-02 -2.70257853e-02 -1.55038452e-02 -3.20628542e-03
  9.89545509e-03  2.38355640e-02  3.86549793e-02  5.44028208e-02  7.11381882e-02
  8.89324695e-02  1.07872091e-01  1.28061920e-01  1.49629101e-01  1.72727183e-01
  1.97539493e-01  2.24280626e-01  2.53193557e-01  2.84542054e-01  3.18608850e-01
  3.55778724e-01  3.93840164e-01  4.21142519e-01  4.39117670e-01  4.48518217e-01
  4.49009359e-01  4.41298306e-01  4.24163342e-01  3.99842709e-01  3.80380750e-01
 -2.61100028e-02 -2.92858798e-02 -3.56783532e-02 -4.21669297e-02 -4.79640588e-02
 -5.34702428e-02 -5.88323101e-02 -6.41113892e-02 -6.93330541e-02 -7.45058432e-02
 -7.96293840e-02 -8.46986324e-02 -8.97064656e-02 -9.46459025e-02 -9.95130017e-02
 -1.04312144e-01 -1.08692519e-01 -1.12587459e-01 -1.15947701e-01 -1.18731655e-01
 -1.20901532e-01 -1.22421890e-01 -1.23258844e-01 -1.23379298e-01 -1.22751378e-01
 -1.21345602e-01 -1.19135335e-01 -1.16091259e-01 -1.12185992e-01 -1.07409798e-01
 -1.01688914e-01 -9.53389704e-02 -8.82714838e-02 -8.04488510e-02 -7.18894973e-02
 -6.25890121e-02 -5.25410697e-02 -4.17355075e-02 -3.01594771e-02 -1.77973025e-02
 -4.63031232e-03  9.36351810e-03  2.42099874e-02  3.99391204e-02  5.65855801e-02
  7.41889402e-02  9.27935839e-02  1.12447932e-01  1.33202299e-01  1.55104458e-01
  1.78190991e-01  2.02471450e-01  2.27899775e-01  2.54321665e-01  2.81371057e-01
  3.08244616e-01  3.33306432e-01  3.54396760e-01  3.70224178e-01  3.80381435e-01
  3.84851068e-01  3.83897781e-01  3.78233433e-01  3.69423479e-01  3.59675378e-01
 -1.03803538e-02 -1.27441688e-02 -2.04827562e-02 -2.89592687e-02 -3.66886072e-02
 -4.39096764e-02 -5.07873893e-02 -5.74286841e-02 -6.39008060e-02 -7.02453926e-02
 -7.64876083e-02 -8.26418400e-02 -8.87153149e-02 -9.47105065e-02 -1.00627057e-01
 -1.06464289e-01 -1.11844189e-01 -1.16729185e-01 -1.21079579e-01 -1.24855272e-01
 -1.28016382e-01 -1.30523473e-01 -1.32337764e-01 -1.33421257e-01 -1.33737117e-01
 -1.33250177e-01 -1.31927282e-01 -1.29737586e-01 -1.26654223e-01 -1.22656770e-01
 -1.17731236e-01 -1.11890584e-01 -1.05098724e-01 -9.72809345e-02 -8.87639374e-02
 -7.94749185e-02 -6.94209710e-02 -5.85937724e-02 -4.69875634e-02 -3.45953107e-02
 -2.14093197e-02 -7.42107956e-03  7.37857912e-03  2.29991805e-02  3.94499712e-02
  5.67388088e-02  7.48702809e-02  9.38426554e-02  1.13643073e-01  1.34240121e-01
  1.55572489e-01  1.77532196e-01  1.99939892e-01  2.22510815e-01  2.44812816e-01
  2.66233236e-01  2.86001652e-01  3.03319961e-01  3.17547500e-01  3.28310430e-01
  3.35516065e-01  3.39343101e-01  3.40236396e-01  3.38867217e-01  3.35996211e-01
  6.75423362e-05 -2.12427648e-03 -9.89437569e-03 -1.91071127e-02 -2.78366636e-02
 -3.61589938e-02 -4.41591665e-02 -5.19103296e-02 -5.94700687e-02 -6.68813959e-02
 -7.41752386e-02 -8.13728347e-02 -8.84873196e-02 -9.55238789e-02 -1.02476805e-01
 -1.09319754e-01 -1.15692027e-01 -1.21567637e-01 -1.26911432e-01 -1.31683946e-01
 -1.35843620e-01 -1.39348000e-01 -1.42154410e-01 -1.44220516e-01 -1.45504758e-01
 -1.45966902e-01 -1.45568550e-01 -1.44273788e-01 -1.42050058e-01 -1.38868913e-01
 -1.34706527e-01 -1.29543856e-01 -1.23360530e-01 -1.16140783e-01 -1.07891209e-01
 -9.85548794e-02 -8.84916484e-02 -7.76312277e-02 -6.59883395e-02 -5.35625257e-02
 -4.03575338e-02 -2.63778921e-02 -1.16300434e-02  3.87706049e-03  2.01308541e-02
  3.71135585e-02  5.47998399e-02  7.31534287e-02  9.21224877e-02  1.11633286e-01
  1.31582066e-01  1.51824951e-01  1.72166526e-01  1.92349032e-01  2.12046728e-01
  2.30872527e-01  2.48404935e-01  2.64235497e-01  2.78024763e-01  2.89547861e-01
  2.98719585e-01  3.05599421e-01  3.10378224e-01  3.13345432e-01  3.14838648e-01
  7.89289363e-03  5.76687278e-03 -2.30031204e-03 -1.19379349e-02 -2.12639906e-02
 -3.03131472e-02 -3.91272791e-02 -4.77487072e-02 -5.62156998e-02 -6.45606667e-02
 -7.28100836e-02 -8.09853300e-02 -8.91044289e-02 -9.71848294e-02 -1.05248928e-01
 -1.12963527e-01 -1.20263547e-01 -1.27097502e-01 -1.33418396e-01 -1.39180228e-01
 -1.44336864e-01 -1.48841798e-01 -1.52648315e-01 -1.55709758e-01 -1.57980010e-01
 -1.59413919e-01 -1.59967899e-01 -1.59600481e-01 -1.58272952e-01 -1.55950010e-01
 -1.52600244e-01 -1.48196548e-01 -1.42716378e-01 -1.36143416e-01 -1.28469646e-01
 -1.19693644e-01 -1.09838136e-01 -9.88598019e-02 -8.71507898e-02 -7.46482089e-02
 -6.13795742e-02 -4.73584943e-02 -3.26051340e-02 -1.71432849e-02 -1.00204360e-03
  1.57829411e-02  3.31675932e-02  5.10967299e-02  6.95006549e-02  8.82911161e-02
  1.07356854e-01  1.26559079e-01  1.45727798e-01  1.64660335e-01  1.83123901e-01
  2.00864017e-01  2.17619792e-01  2.33144686e-01  2.47228965e-01  2.59719312e-01
  2.70531386e-01  2.79653490e-01  2.87141085e-01  2.93103248e-01  2.97683477e-01
  1.35620013e-02  1.14033083e-02  3.06652486e-03 -6.86073303e-03 -1.65921189e-02
 -2.61593629e-02 -3.55891772e-02 -4.49066460e-02 -5.41344583e-02 -6.32927269e-02
 -7.23989010e-02 -8.14677253e-02 -9.05114710e-02 -9.95405689e-02 -1.08565383e-01
 -1.17217824e-01 -1.25459164e-01 -1.33246571e-01 -1.40534744e-01 -1.47276565e-01
 -1.53423488e-01 -1.58925891e-01 -1.63733453e-01 -1.67795554e-01 -1.71061739e-01
 -1.73482209e-01 -1.75008371e-01 -1.75593406e-01 -1.75192967e-01 -1.73765779e-01
 -1.71274334e-01 -1.67685717e-01 -1.62972346e-01 -1.57113194e-01 -1.50094941e-01
 -1.41913131e-01 -1.32573962e-01 -1.22092307e-01 -1.10510267e-01 -9.78037491e-02
 -8.43957216e-02 -7.02361166e-02 -5.53695373e-02 -3.98287959e-02 -2.36554984e-02
 -6.89685112e-03  1.03934184e-02  2.81527974e-02  4.63076159e-02  6.47707358e-02
  8.34394246e-02  1.02193758e-01  1.20895848e-01  1.39390722e-01  1.57509238e-01
  1.75073475e-01  1.91904545e-01  2.07832024e-01  2.22703516e-01  2.36393139e-01
  2.48807132e-01  2.59886265e-01  2.69604802e-01  2.77966827e-01  2.85001189e-01
  1.71684437e-02  1.48365824e-02  6.60100533e-03 -3.46791651e-03 -1.34586943e-02
 -2.34060939e-02 -3.33264731e-02 -4.32276428e-02 -5.31166159e-02 -6.30011484e-02
 -7.28892460e-02 -8.27878863e-02 -9.27010030e-02 -1.02625310e-01 -1.12540074e-01
 -1.22087240e-01 -1.31237596e-01 -1.39951795e-01 -1.48184732e-01 -1.55887857e-01
 -1.63010180e-01 -1.69499055e-01 -1.75300688e-01 -1.80360660e-01 -1.84624359e-01
 -1.88037544e-01 -1.90546840e-01 -1.92100421e-01 -1.92648605e-01 -1.92144588e-01
 -1.90545216e-01 -1.87811837e-01 -1.83911234e-01 -1.78816691e-01 -1.72509104e-01
 -1.64978191e-01 -1.56223685e-01 -1.46256611e-01 -1.35101065e-01 -1.22792430e-01
 -1.09396614e-01 -9.49153900e-02 -7.97971189e-02 -6.40105531e-02 -4.76214029e-02
 -3.06852851e-02 -1.32577689e-02  4.59952932e-03  2.28170026e-02  4.13160622e-02
  6.00084178e-02  7.87956789e-02  9.75694284e-02  1.16212085e-01  1.34598568e-01
  1.52598843e-01  1.70081168e-01  1.86915383e-01  2.02976108e-01  2.18145013e-01
  2.32312232e-01  2.45376959e-01  2.57248104e-01  2.67846018e-01  2.77105927e-01
  1.92981195e-02  1.65750440e-02  8.50808620e-03 -1.32600451e-03 -1.14357378e-02
 -2.17018612e-02 -3.20651606e-02 -4.25006449e-02 -5.29989488e-02 -6.35587648e-02
 -7.41832852e-02 -8.48787129e-02 -9.56548154e-02 -1.06529869e-01 -1.17176674e-01
 -1.27527818e-01 -1.37528419e-01 -1.47126794e-01 -1.56271055e-01 -1.64908007e-01
 -1.72982842e-01 -1.80439308e-01 -1.87219992e-01 -1.93266645e-01 -1.98520631e-01
 -2.02923432e-01 -2.06417143e-01 -2.08945125e-01 -2.10452616e-01 -2.10887507e-01
 -2.10201085e-01 -2.08348975e-01 -2.05292031e-01 -2.00997412e-01 -1.95439637e-01
 -1.88601792e-01 -1.80476725e-01 -1.71068266e-01 -1.60392538e-01 -1.48479179e-01
 -1.35373384e-01 -1.21134087e-01 -1.05854303e-01 -8.95700008e-02 -7.27524459e-02
 -5.54294847e-02 -3.76370028e-02 -1.94288436e-02 -8.67129827e-04  1.79805737e-02
  3.70418467e-02  5.62394485e-02  7.54914060e-02  9.47112814e-02  1.13808639e-01
  1.32689506e-01  1.51256531e-01  1.69408560e-01  1.87039018e-01  2.04033151e-01
  2.20264137e-01  2.35589176e-01  2.49847695e-01  2.62864709e-01  2.74462402e-01
  2.24555507e-02  1.97520666e-02  1.10566467e-02  6.07847120e-04 -9.96668823e-03
 -2.06907932e-02 -3.15463729e-02 -4.25210781e-02 -5.36100678e-02 -6.48135841e-02
 -7.61346146e-02 -8.75762254e-02 -9.91369411e-02 -1.10800155e-01 -1.22223131e-01
 -1.33369714e-01 -1.44193769e-01 -1.54644430e-01 -1.64667889e-01 -1.74208179e-01
 -1.83207393e-01 -1.91606030e-01 -1.99343219e-01 -2.06357136e-01 -2.12585330e-01
 -2.17965201e-01 -2.22434551e-01 -2.25932136e-01 -2.28398323e-01 -2.29775861e-01
 -2.30010614e-01 -2.29052484e-01 -2.26856291e-01 -2.23382890e-01 -2.18600109e-01
 -2.12484002e-01 -2.05019906e-01 -1.96203679e-01 -1.86042771e-01 -1.74557343e-01
 -1.61781013e-01 -1.47761002e-01 -1.32557750e-01 -1.16237693e-01 -9.88799110e-02
 -8.10314864e-02 -6.26741201e-02 -4.38885838e-02 -2.47396361e-02 -5.28596947e-03
  1.44156842e-02  3.43088880e-02  5.43369167e-02  7.44425654e-02  9.45679694e-02
  1.14654042e-01  1.34639069e-01  1.54455855e-01  1.74026653e-01  1.93254918e-01
  2.12013230e-01  2.30127245e-01  2.47358918e-01  2.63397783e-01  2.77877063e-01
  2.50244644e-02  2.22728308e-02  1.31957307e-02  2.11856375e-03 -9.02583450e-03
 -2.02720910e-02 -3.16440128e-02 -4.31553163e-02 -5.48161827e-02 -6.66366890e-02
 -7.86287561e-02 -9.08082724e-02 -1.03199102e-01 -1.15489878e-01 -1.27610341e-01
 -1.39501527e-01 -1.51107445e-01 -1.62372068e-01 -1.73238039e-01 -1.83646321e-01
 -1.93536118e-01 -2.02844903e-01 -2.11508676e-01 -2.19462290e-01 -2.26639733e-01
 -2.32974634e-01 -2.38400698e-01 -2.42852345e-01 -2.46265352e-01 -2.48577476e-01
 -2.49729335e-01 -2.49665245e-01 -2.48334080e-01 -2.45690361e-01 -2.41695225e-01
 -2.36317590e-01 -2.29535252e-01 -2.21336111e-01 -2.11719245e-01 -2.00696155e-01
 -1.88291907e-01 -1.74546316e-01 -1.59515560e-01 -1.43274650e-01 -1.25924230e-01
 -1.07602961e-01 -8.83840322e-02 -6.87845498e-02 -4.88360971e-02 -2.85736099e-02
 -8.03217199e-03  1.27546638e-02  3.37559246e-02  5.49439974e-02  7.62950853e-02
  9.77892280e-02  1.19409367e-01  1.41138852e-01  1.62956193e-01  1.84824884e-01
  2.06674844e-01  2.28368774e-01  2.49643803e-01  2.70023346e-01  2.88740665e-01
  2.66951993e-02  2.38356180e-02  1.41882030e-02  2.74170237e-03 -8.80781095e-03
 -2.04884335e-02 -3.23202349e-02 -4.43209857e-02 -5.65062761e-02 -6.88904449e-02
 -8.14876184e-02 -9.43127647e-02 -1.07382506e-01 -1.20347843e-01 -1.33161485e-01
 -1.45772144e-01 -1.58125922e-01 -1.70166567e-01 -1.81835487e-01 -1.93071827e-01
 -2.03812614e-01 -2.13992849e-01 -2.23545805e-01 -2.32403368e-01 -2.40496263e-01
 -2.47754648e-01 -2.54108489e-01 -2.59488136e-01 -2.63824970e-01 -2.67052114e-01
 -2.69105196e-01 -2.69923091e-01 -2.69448996e-01 -2.67631263e-01 -2.64424533e-01
 -2.59790778e-01 -2.53700376e-01 -2.46133402e-01 -2.37080723e-01 -2.26545230e-01
 -2.14543000e-01 -2.01104522e-01 -1.86275825e-01 -1.70119658e-01 -1.52716011e-01
 -1.34160638e-01 -1.14556916e-01 -9.40259844e-02 -7.31500462e-02 -5.19517548e-02
 -3.04504000e-02 -8.66037421e-03  1.34103699e-02  3.57619785e-02  5.84044494e-02
  8.13594460e-02  1.04662098e-01  1.28362507e-01  1.52526528e-01  1.77234933e-01
  2.02578574e-01  2.28644371e-01  2.55471796e-01  2.82867134e-01  3.09247822e-01
  2.69692205e-02  2.39042230e-02  1.42779807e-02  2.57742358e-03 -9.27659310e-03
 -2.13007685e-02 -3.35152000e-02 -4.59387153e-02 -5.85879683e-02 -7.14774504e-02
 -8.46197978e-02 -9.80263129e-02 -1.11708701e-01 -1.25304565e-01 -1.38770521e-01
 -1.52058512e-01 -1.65116221e-01 -1.77887604e-01 -1.90313399e-01 -2.02331409e-01
 -2.13876858e-01 -2.24882692e-01 -2.35279769e-01 -2.44997278e-01 -2.53963083e-01
 -2.62104124e-01 -2.69346952e-01 -2.75618136e-01 -2.80845076e-01 -2.84956545e-01
 -2.87883401e-01 -2.89559603e-01 -2.89922863e-01 -2.88915783e-01 -2.86486775e-01
 -2.82591194e-01 -2.77192414e-01 -2.70263046e-01 -2.61785984e-01 -2.51755804e-01
 -2.40179673e-01 -2.27078602e-01 -2.12488383e-01 -1.96460351e-01 -1.79061845e-01
 -1.60376087e-01 -1.40501752e-01 -1.19554266e-01 -9.76663008e-02 -7.54604414e-02
 -5.29452302e-02 -3.01211774e-02 -6.97876653e-03  1.65040102e-02  4.03647646e-02
  6.46606758e-02  8.94736648e-02  1.14917226e-01  1.41146034e-01  1.68369755e-01
  1.96874678e-01  2.27061749e-01  2.59525001e-01  2.95236558e-01  3.32605839e-01
  2.66663656e-02  2.33950671e-02  1.36254681e-02  1.73861790e-03 -1.03290677e-02
 -2.26074774e-02 -3.51249911e-02 -4.79029156e-02 -6.09576218e-02 -7.43019357e-02
 -8.79447386e-02 -1.01887576e-01 -1.16114892e-01 -1.30275235e-01 -1.44332662e-01
 -1.58241004e-01 -1.71947837e-01 -1.85396150e-01 -1.98525369e-01 -2.11271688e-01
 -2.23568559e-01 -2.35346884e-01 -2.46535376e-01 -2.57060796e-01 -2.66848356e-01
 -2.75822163e-01 -2.83905596e-01 -2.91021913e-01 -2.97094822e-01 -3.02049041e-01
 -3.05811286e-01 -3.08310747e-01 -3.09480280e-01 -3.09257060e-01 -3.07583869e-01
 -3.04409862e-01 -2.99692035e-01 -2.93395996e-01 -2.85497427e-01 -2.75983185e-01
 -2.64852345e-01 -2.52117455e-01 -2.37805471e-01 -2.21958622e-01 -2.04635099e-01
 -1.85909584e-01 -1.65873557e-01 -1.44635677e-01 -1.22321814e-01 -9.90746170e-02
 -7.55400583e-02 -5.17112128e-02 -2.75692139e-02 -3.08039086e-03  2.18075346e-02
  4.71704826e-02  7.31148496e-02  9.97869596e-02  1.27386600e-01  1.56186536e-01
  1.86560497e-01  2.19021797e-01  2.54269391e-01  2.93219835e-01  3.35017085e-01
  2.59801932e-02  2.25310847e-02  1.22222742e-02  3.02041793e-04 -1.18306791e-02
 -2.42546797e-02 -3.69959623e-02 -5.00672236e-02 -6.34792000e-02 -7.72445127e-02
 -9.13801044e-02 -1.05911419e-01 -1.20526657e-01 -1.35152027e-01 -1.49725929e-01
 -1.64189979e-01 -1.78485423e-01 -1.92551598e-01 -2.06325352e-01 -2.19740868e-01
 -2.32729644e-01 -2.45220691e-01 -2.57140666e-01 -2.68414229e-01 -2.78964221e-01
 -2.88712204e-01 -2.97578752e-01 -3.05484176e-01 -3.12348813e-01 -3.18093985e-01
 -3.22642386e-01 -3.25919211e-01 -3.27852786e-01 -3.28375518e-01 -3.27425003e-01
 -3.24945062e-01 -3.20886731e-01 -3.15209597e-01 -3.07882905e-01 -2.98886687e-01
 -2.88213074e-01 -2.75867462e-01 -2.61869431e-01 -2.46253982e-01 -2.29072258e-01
 -2.10392341e-01 -1.90299779e-01 -1.68898016e-01 -1.46308362e-01 -1.22669727e-01
 -9.81377065e-02 -7.33668730e-02 -4.83383648e-02 -2.30191872e-02  2.64123105e-03
  2.87154764e-02  5.53037487e-02  8.25414881e-02  1.10610172e-01  1.39753029e-01
  1.70298174e-01  2.02693760e-01  2.37562269e-01  2.75778204e-01  3.16751182e-01
  2.30788477e-02  1.89383738e-02  9.90766566e-03 -1.43575913e-03 -1.34714376e-02
 -2.59820726e-02 -3.89108025e-02 -5.22393472e-02 -6.59648404e-02 -8.00927505e-02
 -9.46342647e-02 -1.09604999e-01 -1.24655671e-01 -1.39735162e-01 -1.54788837e-01
 -1.69759706e-01 -1.84588552e-01 -1.99213594e-01 -2.13570386e-01 -2.27591723e-01
 -2.41207644e-01 -2.54345596e-01 -2.66930521e-01 -2.78885216e-01 -2.90130556e-01
 -3.00585866e-01 -3.10169399e-01 -3.18798721e-01 -3.26391459e-01 -3.32865685e-01
 -3.38140905e-01 -3.42138588e-01 -3.44783157e-01 -3.46002877e-01 -3.45730871e-01
 -3.43906164e-01 -3.40474844e-01 -3.35391194e-01 -3.28618884e-01 -3.20132315e-01
 -3.09917778e-01 -2.97974735e-01 -2.84316957e-01 -2.68973708e-01 -2.51990825e-01
 -2.33431488e-01 -2.13377178e-01 -1.91928104e-01 -1.69203579e-01 -1.45342007e-01
 -1.20500438e-01 -9.48537141e-02 -6.90528229e-02 -4.30766568e-02 -1.68907698e-02
  9.55597963e-03  3.63329761e-02  6.35298565e-02  9.12593082e-02  1.19660772e-01
  1.48905128e-01  1.79202095e-01  2.10818231e-01  2.44156122e-01  2.79222906e-01
  2.32666992e-02  1.92636326e-02  9.41152032e-03 -2.47053732e-03 -1.47650251e-02
 -2.74975188e-02 -4.06623296e-02 -5.42546101e-02 -6.82749748e-02 -8.27289000e-02
 -9.76257920e-02 -1.12978593e-01 -1.28425539e-01 -1.43918008e-01 -1.59403995e-01
 -1.74828127e-01 -1.90131828e-01 -2.05253303e-01 -2.20127612e-01 -2.34686792e-01
 -2.48859853e-01 -2.62573093e-01 -2.75750101e-01 -2.88312197e-01 -3.00178558e-01
 -3.11266690e-01 -3.21492851e-01 -3.30772400e-01 -3.39020491e-01 -3.46152663e-01
 -3.52085501e-01 -3.56737435e-01 -3.60029548e-01 -3.61886561e-01 -3.62237841e-01
 -3.61018360e-01 -3.58170003e-01 -3.53642642e-01 -3.47395360e-01 -3.39397907e-01
 -3.29631835e-01 -3.18091899e-01 -3.04787278e-01 -2.89742947e-01 -2.73000777e-01
 -2.54620582e-01 -2.34681219e-01 -2.13281333e-01 -1.90540016e-01 -1.66597292e-01
 -1.41614407e-01 -1.15773916e-01 -8.92795101e-02 -6.27707019e-02 -3.62404473e-02
 -9.66386404e-03  1.69912949e-02  4.37596403e-02  7.06731305e-02  9.77528021e-02
  1.24993168e-01  1.52331263e-01  1.79581225e-01  2.06290528e-01  2.31501713e-01
  2.35548448e-02  1.95176080e-02  9.10978485e-03 -3.13155982e-03 -1.57362204e-02
 -2.87417155e-02 -4.21672612e-02 -5.60254529e-02 -7.03261271e-02 -8.50783661e-02
 -1.00291528e-01 -1.15977027e-01 -1.31767511e-01 -1.47617444e-01 -1.63477182e-01
 -1.79292843e-01 -1.95006520e-01 -2.10556552e-01 -2.25877777e-01 -2.40901694e-01
 -2.55556613e-01 -2.69767940e-01 -2.83458233e-01 -2.96547592e-01 -3.08953941e-01
 -3.20593268e-01 -3.31380188e-01 -3.41228306e-01 -3.50050807e-01 -3.57761025e-01
 -3.64273220e-01 -3.69503289e-01 -3.73369604e-01 -3.75793964e-01 -3.76702607e-01
 -3.76027226e-01 -3.73706251e-01 -3.69685978e-01 -3.63921821e-01 -3.56379807e-01
 -3.47037733e-01 -3.35886687e-01 -3.22932422e-01 -3.08196634e-01 -2.91718364e-01
 -2.73555100e-01 -2.53784090e-01 -2.32503131e-01 -2.09831610e-01 -1.85911193e-01
 -1.60906687e-01 -1.35007381e-01 -1.08429961e-01 -8.14262256e-02 -5.46523146e-02
 -2.80726757e-02 -1.67540740e-03  2.45347321e-02  5.05339280e-02  7.62707517e-02
  1.01651460e-01  1.26517966e-01  1.50619209e-01  1.73584819e-01  1.94928929e-01
  2.30956376e-02  1.89267863e-02  8.68559442e-03 -3.72957438e-03 -1.65427811e-02
 -2.97672059e-02 -4.34209369e-02 -5.75197898e-02 -7.20770508e-02 -8.71026665e-02
 -1.02600001e-01 -1.18556544e-01 -1.34622887e-01 -1.50762126e-01 -1.66927367e-01
 -1.83065340e-01 -1.99118063e-01 -2.15023562e-01 -2.30716199e-01 -2.46126935e-01
 -2.61183470e-01 -2.75810480e-01 -2.89929807e-01 -3.03460598e-01 -3.16319793e-01
 -3.28422248e-01 -3.39681298e-01 -3.50009203e-01 -3.59317541e-01 -3.67518038e-01
 -3.74523073e-01 -3.80246490e-01 -3.84604573e-01 -3.87516737e-01 -3.88906777e-01
 -3.88703793e-01 -3.86843503e-01 -3.83269370e-01 -3.77933979e-01 -3.70800406e-01
 -3.61843616e-01 -3.51051956e-01 -3.38428527e-01 -3.23992729e-01 -3.07781547e-01
 -2.89850950e-01 -2.70277053e-01 -2.49157190e-01 -2.26610661e-01 -2.02779070e-01
 -1.77826077e-01 -1.51935712e-01 -1.25307620e-01 -9.81454104e-02 -7.12790191e-02
 -4.47640084e-02 -1.86355542e-02  7.06848316e-03  3.22957411e-02  5.69705516e-02
  8.09855759e-02  1.04193926e-01  1.26403987e-01  1.47381544e-01  1.66864529e-01
  2.29665153e-02  1.87258907e-02  8.31199251e-03 -4.23004944e-03 -1.71835460e-02
 -3.05675883e-02 -4.44012098e-02 -5.87026626e-02 -7.34906569e-02 -8.87869000e-02
 -1.04620770e-01 -1.20694123e-01 -1.36934832e-01 -1.53282300e-01 -1.69678897e-01
 -1.86066270e-01 -2.02383921e-01 -2.18568444e-01 -2.34553412e-01 -2.50269145e-01
 -2.65642881e-01 -2.80598760e-01 -2.95058042e-01 -3.08939368e-01 -3.22158903e-01
 -3.34630787e-01 -3.46267432e-01 -3.56980056e-01 -3.66679162e-01 -3.75275224e-01
 -3.82679224e-01 -3.88803571e-01 -3.93562824e-01 -3.96874756e-01 -3.98661226e-01
 -3.98849428e-01 -3.97372931e-01 -3.94173145e-01 -3.89200479e-01 -3.82415861e-01
 -3.73792082e-01 -3.63315493e-01 -3.50987285e-01 -3.36825192e-01 -3.20864886e-01
 -3.03161383e-01 -2.83790410e-01 -2.62849480e-01 -2.40459070e-01 -2.16763332e-01
 -1.91930786e-01 -1.66155249e-01 -1.39657915e-01 -1.12693332e-01 -8.55675265e-02
 -5.90248592e-02 -3.30658555e-02 -7.72006437e-03  1.69622209e-02  4.09108847e-02
  6.40348643e-02  8.62215459e-02  1.07338451e-01  1.27238661e-01  1.45770967e-01
  2.29398441e-02  1.86502896e-02  8.02654866e-03 -4.57854895e-03 -1.76051222e-02
 -3.10878512e-02 -4.50460576e-02 -5.94946370e-02 -7.44483471e-02 -8.99242014e-02
 -1.05942227e-01 -1.22174710e-01 -1.38573080e-01 -1.55084729e-01 -1.71654478e-01
 -1.88224569e-01 -2.04734489e-01 -2.21120775e-01 -2.37316817e-01 -2.53252864e-01
 -2.68855959e-01 -2.84050107e-01 -2.98756361e-01 -3.12893003e-01 -3.26375902e-01
 -3.39118719e-01 -3.51033360e-01 -3.62030447e-01 -3.72019738e-01 -3.80910873e-01
 -3.88613969e-01 -3.95040363e-01 -4.00103509e-01 -4.03719962e-01 -4.05810297e-01
 -4.06300277e-01 -4.05122042e-01 -4.02215481e-01 -3.97529453e-01 -3.91023278e-01
 -3.82668316e-01 -3.72449398e-01 -3.60366404e-01 -3.46435875e-01 -3.30692530e-01
 -3.13190818e-01 -2.94006169e-01 -2.73236543e-01 -2.51003236e-01 -2.27451861e-01
 -2.02752843e-01 -1.77101091e-01 -1.50714651e-01 -1.23830207e-01 -9.66908112e-02
 -7.01581091e-02 -4.43034954e-02 -1.91782340e-02  5.16604027e-03  2.86690556e-02
  5.12590595e-02  7.28529990e-02  9.33589637e-02  1.12680778e-01  1.30724475e-01
  2.25285161e-02  1.81226153e-02  7.79906614e-03 -4.70381323e-03 -1.77125242e-02
 -3.12435571e-02 -4.52895015e-02 -5.98463826e-02 -7.49182329e-02 -9.05157253e-02
 -1.06654353e-01 -1.23001002e-01 -1.39509648e-01 -1.56130686e-01 -1.72811165e-01
 -1.89494893e-01 -2.06122354e-01 -2.22630799e-01 -2.38954097e-01 -2.55022854e-01
 -2.70764440e-01 -2.86103040e-01 -3.00959766e-01 -3.15253019e-01 -3.28898638e-01
 -3.41810137e-01 -3.53899300e-01 -3.65076452e-01 -3.75251085e-01 -3.84332359e-01
 -3.92229915e-01 -3.98854554e-01 -4.04119104e-01 -4.07939345e-01 -4.10235077e-01
 -4.10931230e-01 -4.09958988e-01 -4.07257259e-01 -4.02773857e-01 -3.96467149e-01
 -3.88307422e-01 -3.78278434e-01 -3.66379172e-01 -3.52625251e-01 -3.37050706e-01
 -3.19709420e-01 -3.00676584e-01 -2.80050218e-01 -2.57952243e-01 -2.34529689e-01
 -2.09955528e-01 -1.84429467e-01 -1.58178806e-01 -1.31460100e-01 -1.04563817e-01
 -7.78284892e-02 -5.19384705e-02 -2.68932190e-02 -2.71616667e-03  2.05524843e-02
  4.28598784e-02  6.41438887e-02  8.43367577e-02  1.03369415e-01  1.21176325e-01
  2.23498307e-02  1.76484846e-02  7.99337961e-03 -4.21295082e-03 -1.72762647e-02
 -3.09202988e-02 -4.50804792e-02 -5.97404018e-02 -7.49022663e-02 -9.05775875e-02
 -1.06783301e-01 -1.23187557e-01 -1.39746353e-01 -1.56412199e-01 -1.73133999e-01
 -1.89857081e-01 -2.06523240e-01 -2.23070711e-01 -2.39434287e-01 -2.55545259e-01
 -2.71331578e-01 -2.86717981e-01 -3.01626027e-01 -3.15974444e-01 -3.29679340e-01
 -3.42654526e-01 -3.54811907e-01 -3.66061896e-01 -3.76314044e-01 -3.85477513e-01
 -3.93461823e-01 -4.00177687e-01 -4.05537695e-01 -4.09457415e-01 -4.11856294e-01
 -4.12658870e-01 -4.11795944e-01 -4.09205943e-01 -4.04836118e-01 -3.98644269e-01
 -3.90600026e-01 -3.80686522e-01 -3.68902028e-01 -3.55261475e-01 -3.39798123e-01
 -3.22565228e-01 -3.03637296e-01 -2.83111751e-01 -2.61110067e-01 -2.37778962e-01
 -2.13291287e-01 -1.87846869e-01 -1.61672920e-01 -1.35023892e-01 -1.08179457e-01
 -8.14362988e-02 -5.55593781e-02 -3.05563696e-02 -6.44879602e-03  1.67283583e-02
  3.89288962e-02  6.00984246e-02  8.01778659e-02  9.91074741e-02  1.16831198e-01
  2.56557167e-02  2.16465145e-02  1.05686802e-02 -2.71435641e-03 -1.62547510e-02
 -3.01608779e-02 -4.44783606e-02 -5.92341647e-02 -7.44515285e-02 -9.01539847e-02
 -1.06366210e-01 -1.22762822e-01 -1.39303058e-01 -1.55941576e-01 -1.72628984e-01
 -1.89312011e-01 -2.05933720e-01 -2.22433552e-01 -2.38747284e-01 -2.54807204e-01
 -2.70542115e-01 -2.85877496e-01 -3.00735652e-01 -3.15035939e-01 -3.28694999e-01
 -3.41627210e-01 -3.53744954e-01 -3.64959061e-01 -3.75179470e-01 -3.84315729e-01
 -3.92277688e-01 -3.98976266e-01 -4.04324353e-01 -4.08237636e-01 -4.10635799e-01
 -4.11443472e-01 -4.10591483e-01 -4.08018202e-01 -4.03670907e-01 -3.97507131e-01
 -3.89496297e-01 -3.79621238e-01 -3.67879719e-01 -3.54286134e-01 -3.38872999e-01
 -3.21692586e-01 -3.02818358e-01 -2.82346308e-01 -2.60396153e-01 -2.37112433e-01
 -2.12665379e-01 -1.87251627e-01 -1.61095351e-01 -1.34450436e-01 -1.07606649e-01
 -8.09065849e-02 -5.50627857e-02 -3.00718676e-02 -5.95520157e-03  1.72491167e-02
  3.94905917e-02  6.07097410e-02  8.08416829e-02  9.98202786e-02  1.17582858e-01
  2.70636864e-02  2.32016370e-02  1.20736714e-02 -1.46317889e-03 -1.52331367e-02
 -2.92905848e-02 -4.36874740e-02 -5.84664233e-02 -7.36644492e-02 -8.93161818e-02
 -1.05455615e-01 -1.21767722e-01 -1.38212919e-01 -1.54746175e-01 -1.71318665e-01
 -1.87878087e-01 -2.04368696e-01 -2.20731139e-01 -2.36902401e-01 -2.52815902e-01
 -2.68401504e-01 -2.83585697e-01 -2.98291683e-01 -3.12439680e-01 -3.25947225e-01
 -3.38729441e-01 -3.50699455e-01 -3.61768901e-01 -3.71848434e-01 -3.80848289e-01
 -3.88679028e-01 -3.95252287e-01 -4.00481582e-01 -4.04283285e-01 -4.06577647e-01
 -4.07289863e-01 -4.06351358e-01 -4.03700948e-01 -3.99286300e-01 -3.93065214e-01
 -3.85007352e-01 -3.75095516e-01 -3.63327295e-01 -3.49716723e-01 -3.34295630e-01
 -3.17115337e-01 -2.98247814e-01 -2.77787149e-01 -2.55850434e-01 -2.32578561e-01
 -2.08136424e-01 -1.82712376e-01 -1.56516269e-01 -1.29774481e-01 -1.02719054e-01
 -7.62769058e-02 -5.05250245e-02 -2.55160443e-02 -1.30014517e-03  2.20657196e-02
  4.45144251e-02  6.59684762e-02  8.63421559e-02  1.05545811e-01  1.23491913e-01
  2.79484671e-02  2.42314767e-02  1.27392104e-02 -7.98239082e-04 -1.45542677e-02
 -2.85763908e-02 -4.29054908e-02 -5.75819276e-02 -7.26448670e-02 -8.81339833e-02
 -1.04094058e-01 -1.20241523e-01 -1.36515304e-01 -1.52864352e-01 -1.69239253e-01
 -1.85588911e-01 -2.01859161e-01 -2.17992216e-01 -2.33926579e-01 -2.49596998e-01
 -2.64934599e-01 -2.79866993e-01 -2.94318527e-01 -3.08210492e-01 -3.21461469e-01
 -3.33987594e-01 -3.45703065e-01 -3.56520563e-01 -3.66351753e-01 -3.75107944e-01
 -3.82700801e-01 -3.89043033e-01 -3.94049257e-01 -3.97636980e-01 -3.99727494e-01
 -4.00247127e-01 -3.99128318e-01 -3.96310896e-01 -3.91743392e-01 -3.85384470e-01
 -3.77204418e-01 -3.67186517e-01 -3.55328649e-01 -3.41644704e-01 -3.26166213e-01
 -3.08943540e-01 -2.90047497e-01 -2.69570231e-01 -2.47626498e-01 -2.24354282e-01
 -1.99915439e-01 -1.74495861e-01 -1.48305282e-01 -1.21576197e-01 -9.45609733e-02
 -6.81446046e-02 -4.23403159e-02 -1.71782412e-02  7.29559874e-03  3.10176890e-02
  5.39051369e-02  7.58548379e-02  9.67450067e-02  1.16440281e-01  1.34801179e-01
  2.73014512e-02  2.36379616e-02  1.26468176e-02 -7.29057938e-04 -1.43128196e-02
 -2.81399675e-02 -4.22515571e-02 -5.66857494e-02 -7.14761838e-02 -8.66507515e-02
 -1.02228418e-01 -1.18210249e-01 -1.34259418e-01 -1.50349259e-01 -1.66442022e-01
 -1.82492688e-01 -1.98450610e-01 -2.14260399e-01 -2.29862347e-01 -2.45192662e-01
 -2.60183811e-01 -2.74764657e-01 -2.88860738e-01 -3.02394599e-01 -3.15286040e-01
 -3.27452421e-01 -3.38809222e-01 -3.49270463e-01 -3.58749181e-01 -3.67158085e-01
 -3.74410331e-01 -3.80420059e-01 -3.85103524e-01 -3.88379753e-01 -3.90171677e-01
 -3.90407205e-01 -3.89020413e-01 -3.85952681e-01 -3.81154060e-01 -3.74584615e-01
 -3.66215885e-01 -3.56032193e-01 -3.44032228e-01 -3.30230355e-01 -3.14658105e-01
 -2.97365487e-01 -2.78422147e-01 -2.57918626e-01 -2.35967219e-01 -2.12702915e-01
 -1.88284129e-01 -1.62894011e-01 -1.36742875e-01 -1.10074945e-01 -8.31862092e-02
 -5.67888692e-02 -3.08658890e-02 -5.42884087e-03  1.94859877e-02  4.38155681e-02
  6.74649626e-02  9.03011709e-02  1.12148926e-01  1.32792920e-01  1.51991710e-01
  2.61304472e-02  2.25443225e-02  1.17561016e-02 -1.32575620e-03 -1.45687126e-02
 -2.80395485e-02 -4.17908840e-02 -5.58612421e-02 -7.02811107e-02 -8.50765482e-02
 -1.00271210e-01 -1.15888886e-01 -1.31573394e-01 -1.47289440e-01 -1.62996784e-01
 -1.78650215e-01 -1.94199726e-01 -2.09590808e-01 -2.24764779e-01 -2.39658952e-01
 -2.54206896e-01 -2.68338710e-01 -2.81981140e-01 -2.95058012e-01 -3.07490468e-01
 -3.19197357e-01 -3.30095679e-01 -3.40101033e-01 -3.49128097e-01 -3.57091397e-01
 -3.63905877e-01 -3.69487703e-01 -3.73755068e-01 -3.76629084e-01 -3.78034890e-01
 -3.77902538e-01 -3.76168311e-01 -3.72775853e-01 -3.67677361e-01 -3.60835046e-01
 -3.52222383e-01 -3.41825485e-01 -3.29644561e-01 -3.15695137e-01 -3.00009459e-01
 -2.82637626e-01 -2.63648808e-01 -2.43132025e-01 -2.21197009e-01 -1.97974399e-01
 -1.73615530e-01 -1.48290724e-01 -1.22184835e-01 -9.54858288e-02 -6.89783990e-02
 -4.26971577e-02 -1.66517068e-02  9.14978236e-03  3.46871056e-02  5.99159710e-02
  8.47528949e-02  1.09054379e-01  1.32590234e-01  1.55019224e-01  1.75892711e-01
  2.40450650e-02  2.04643738e-02  9.74587630e-03 -2.68410682e-03 -1.53110530e-02
 -2.82406751e-02 -4.14981954e-02 -5.50986826e-02 -6.90577552e-02 -8.33931714e-02
 -9.81248915e-02 -1.13275230e-01 -1.28490344e-01 -1.43731311e-01 -1.58955589e-01
 -1.74116746e-01 -1.89164340e-01 -2.04043984e-01 -2.18697473e-01 -2.33062848e-01
 -2.47074634e-01 -2.60663986e-01 -2.73758978e-01 -2.86284745e-01 -2.98164010e-01
 -3.09317172e-01 -3.19663018e-01 -3.29118967e-01 -3.37601751e-01 -3.45027983e-01
 -3.51314902e-01 -3.56380999e-01 -3.60146940e-01 -3.62536520e-01 -3.63477558e-01
 -3.62902969e-01 -3.60751867e-01 -3.56970817e-01 -3.51515025e-01 -3.44349533e-01
 -3.35450709e-01 -3.24807286e-01 -3.12421858e-01 -2.98312128e-01 -2.82511920e-01
 -2.65072465e-01 -2.46063277e-01 -2.25573078e-01 -2.03710496e-01 -1.80604681e-01
 -1.56405956e-01 -1.31286860e-01 -1.05444603e-01 -7.91077763e-02 -5.28836437e-02
 -2.67112050e-02 -5.43616479e-04  2.56605111e-02  5.19370623e-02  7.83103183e-02
  1.04779065e-01  1.31288126e-01  1.57667801e-01  1.83500722e-01  2.07900941e-01
  1.99282616e-02  1.59714930e-02  6.95330650e-03 -4.30867961e-03 -1.62048377e-02
 -2.85412390e-02 -4.12561335e-02 -5.43313436e-02 -6.77672178e-02 -8.15738812e-02
 -9.57674012e-02 -1.10367738e-01 -1.25027552e-01 -1.39706612e-01 -1.54361054e-01
 -1.68943390e-01 -1.83402672e-01 -1.97684452e-01 -2.11730823e-01 -2.25480512e-01
 -2.38868952e-01 -2.51828432e-01 -2.64288336e-01 -2.76175350e-01 -2.87413806e-01
 -2.97926009e-01 -3.07632655e-01 -3.16453397e-01 -3.24307263e-01 -3.31113368e-01
 -3.36791545e-01 -3.41263175e-01 -3.44451904e-01 -3.46284688e-01 -3.46692622e-01
 -3.45612109e-01 -3.42985868e-01 -3.38764161e-01 -3.32905918e-01 -3.25380027e-01
 -3.16166610e-01 -3.05258095e-01 -2.92660594e-01 -2.78394967e-01 -2.62497872e-01
 -2.45022789e-01 -2.26040632e-01 -2.05640584e-01 -1.83930486e-01 -1.61037177e-01
 -1.37106657e-01 -1.12303860e-01 -8.68120864e-02 -6.12263009e-02 -3.55188400e-02
 -9.63705033e-03  1.64899286e-02  4.29510586e-02  6.98557720e-02  9.73374620e-02
  1.25558019e-01  1.54714718e-01  1.85057089e-01  2.16960296e-01  2.50432521e-01
  1.87684838e-02  1.52153308e-02  5.95853804e-03 -5.30255819e-03 -1.68690737e-02
 -2.87586339e-02 -4.09725569e-02 -5.35126962e-02 -6.63866922e-02 -7.96081424e-02
 -9.31957513e-02 -1.07172266e-01 -1.21202715e-01 -1.35245502e-01 -1.49254888e-01
 -1.63182184e-01 -1.76975936e-01 -1.90581754e-01 -2.03942224e-01 -2.16996878e-01
 -2.29682237e-01 -2.41931885e-01 -2.53676713e-01 -2.64845103e-01 -2.75363296e-01
 -2.85155654e-01 -2.94145137e-01 -3.02253872e-01 -3.09403509e-01 -3.15516025e-01
 -3.20514351e-01 -3.24323088e-01 -3.26869428e-01 -3.28084022e-01 -3.27901840e-01
 -3.26263398e-01 -3.23115766e-01 -3.18413645e-01 -3.12120587e-01 -3.04210246e-01
 -2.94667512e-01 -2.83489645e-01 -2.70687491e-01 -2.56286532e-01 -2.40327626e-01
 -2.22867996e-01 -2.03981504e-01 -1.83759093e-01 -1.62308827e-01 -1.39756009e-01
 -1.16242871e-01 -9.19276774e-02 -6.74196482e-02 -4.26888131e-02 -1.76881514e-02
  7.65158143e-03  3.34262550e-02  5.97647429e-02  8.68385509e-02  1.14876136e-01
  1.44184321e-01  1.75180838e-01  2.08444625e-01  2.44787902e-01  2.83664167e-01
  1.72907207e-02  1.39497817e-02  4.71025473e-03 -6.31151395e-03 -1.75383743e-02
 -2.89972890e-02 -4.07061987e-02 -5.26827537e-02 -6.49457574e-02 -7.75165111e-02
 -9.04205963e-02 -1.03691630e-01 -1.17032170e-01 -1.30379915e-01 -1.43682688e-01
 -1.56890288e-01 -1.69951364e-01 -1.82812303e-01 -1.95416793e-01 -2.07705587e-01
 -2.19616622e-01 -2.31085092e-01 -2.42043644e-01 -2.52422631e-01 -2.62150347e-01
 -2.71153569e-01 -2.79357821e-01 -2.86687911e-01 -2.93068528e-01 -2.98424870e-01
 -3.02683324e-01 -3.05772185e-01 -3.07622612e-01 -3.08169454e-01 -3.07352215e-01
 -3.05116117e-01 -3.01413178e-01 -2.96203375e-01 -2.89455682e-01 -2.81149417e-01
 -2.71275282e-01 -2.59836555e-01 -2.46850118e-01 -2.32347548e-01 -2.16375843e-01
 -1.98998034e-01 -1.80293322e-01 -1.60356581e-01 -1.39297560e-01 -1.17241770e-01
 -9.43306088e-02 -7.11749494e-02 -4.77569699e-02 -2.40449458e-02  1.04855671e-05
  2.44811606e-02  4.94676232e-02  7.51077086e-02  1.01588875e-01  1.29166111e-01
  1.58187836e-01  1.89131573e-01  2.22646490e-01  2.59583145e-01  2.99147993e-01
  1.49310371e-02  1.17196580e-02  2.97070853e-03 -7.70126376e-03 -1.85089465e-02
 -2.94681080e-02 -4.06058431e-02 -5.19493967e-02 -6.35244846e-02 -7.53544122e-02
 -8.74588042e-02 -9.98502597e-02 -1.12524696e-01 -1.25151500e-01 -1.37701869e-01
 -1.50135353e-01 -1.62405312e-01 -1.74460903e-01 -1.86247841e-01 -1.97708711e-01
 -2.08783254e-01 -2.19408557e-01 -2.29519278e-01 -2.39047989e-01 -2.47925401e-01
 -2.56080836e-01 -2.63442665e-01 -2.69938767e-01 -2.75497139e-01 -2.80046552e-01
 -2.83517152e-01 -2.85841435e-01 -2.86954880e-01 -2.86797017e-01 -2.85312384e-01
 -2.82451451e-01 -2.78171808e-01 -2.72439301e-01 -2.65229136e-01 -2.56527007e-01
 -2.46330366e-01 -2.34649450e-01 -2.21508428e-01 -2.06946433e-01 -1.91018507e-01
 -1.73796505e-01 -1.55369356e-01 -1.35840908e-01 -1.15320571e-01 -9.39339772e-02
 -7.22737908e-02 -5.03388792e-02 -2.81193517e-02 -5.59388427e-03  1.72734540e-02
  4.05369923e-02  6.42742366e-02  8.85921568e-02  1.13635920e-01  1.39601603e-01
  1.66756153e-01  1.95472494e-01  2.26302192e-01  2.60146707e-01  2.95530230e-01
  1.21181458e-02  9.07989591e-03  5.18078450e-04 -9.74606071e-03 -2.00264491e-02
 -3.03720906e-02 -4.08302322e-02 -5.14422581e-02 -6.22426830e-02 -7.32602403e-02
 -8.45199078e-02 -9.60460305e-02 -1.07868977e-01 -1.19674176e-01 -1.31401703e-01
 -1.43001378e-01 -1.54424354e-01 -1.65620118e-01 -1.76535681e-01 -1.87115297e-01
 -1.97300583e-01 -2.07030654e-01 -2.16242403e-01 -2.24870771e-01 -2.32849121e-01
 -2.40109637e-01 -2.46583745e-01 -2.52202690e-01 -2.56898046e-01 -2.60602415e-01
 -2.63250172e-01 -2.64778167e-01 -2.65126705e-01 -2.64240354e-01 -2.62068987e-01
 -2.58568853e-01 -2.53703564e-01 -2.47445330e-01 -2.39776075e-01 -2.30688557e-01
 -2.20187530e-01 -2.08290845e-01 -1.95030466e-01 -1.80453524e-01 -1.64623633e-01
 -1.47623330e-01 -1.29560903e-01 -1.10583499e-01 -9.07628760e-02 -7.06422478e-02
 -5.02346791e-02 -2.95523219e-02 -8.60224385e-03  1.26160812e-02  3.41127105e-02
  5.59089407e-02  7.80388787e-02  1.00550711e-01  1.23507261e-01  1.46985039e-01
  1.71069711e-01  1.95842981e-01  2.21342415e-01  2.47389719e-01  2.72517681e-01
  8.07791576e-03  5.14517771e-03 -3.12045240e-03 -1.27883749e-02 -2.23311130e-02
 -3.18705477e-02 -4.14884835e-02 -5.12391143e-02 -6.11590184e-02 -7.12739378e-02
 -8.16025138e-02 -9.21576172e-02 -1.02944404e-01 -1.13951474e-01 -1.24832951e-01
 -1.35560036e-01 -1.46092415e-01 -1.56383738e-01 -1.66383609e-01 -1.76038444e-01
 -1.85291916e-01 -1.94085374e-01 -2.02358067e-01 -2.10047528e-01 -2.17089996e-01
 -2.23420694e-01 -2.28974417e-01 -2.33685955e-01 -2.37490743e-01 -2.40325525e-01
 -2.42129028e-01 -2.42842838e-01 -2.42412269e-01 -2.40787208e-01 -2.37923250e-01
 -2.33782589e-01 -2.28335232e-01 -2.21560031e-01 -2.13445917e-01 -2.03993052e-01
 -1.93213984e-01 -1.81134596e-01 -1.67794749e-01 -1.53248176e-01 -1.37561604e-01
 -1.20806374e-01 -1.03065267e-01 -8.49315301e-02 -6.63758516e-02 -4.74718362e-02
 -2.82711312e-02 -8.81382637e-03  1.08674103e-02  3.07457745e-02  5.07996455e-02
  7.10119680e-02  9.13689584e-02  1.11857511e-01  1.32459968e-01  1.53144509e-01
  1.73847720e-01  1.94443226e-01  2.14687467e-01  2.34137788e-01  2.52080321e-01
  1.65645173e-03 -1.47427665e-03 -8.75218119e-03 -1.71824805e-02 -2.55349707e-02
 -3.39759178e-02 -4.25630882e-02 -5.13229370e-02 -6.02705255e-02 -6.94159865e-02
 -7.87673965e-02 -8.83327574e-02 -9.81226340e-02 -1.08156398e-01 -1.18103571e-01
 -1.27901658e-01 -1.37499437e-01 -1.46847799e-01 -1.55896470e-01 -1.64593071e-01
 -1.72883049e-01 -1.80709824e-01 -1.88015133e-01 -1.94739267e-01 -2.00821489e-01
 -2.06200361e-01 -2.10814238e-01 -2.14601740e-01 -2.17502326e-01 -2.19457060e-01
 -2.20409229e-01 -2.20305294e-01 -2.19095722e-01 -2.16735929e-01 -2.13187322e-01
 -2.08418235e-01 -2.02405110e-01 -1.95133492e-01 -1.86599240e-01 -1.76809981e-01
 -1.65786490e-01 -1.53564036e-01 -1.40194237e-01 -1.25743121e-01 -1.10312402e-01
 -9.39395949e-02 -7.71421790e-02 -5.99475913e-02 -4.23887260e-02 -2.45138519e-02
 -6.37547672e-03  1.19733242e-02  3.04800123e-02  4.90927994e-02  6.77603930e-02
  8.64312425e-02  1.05051875e-01  1.23563908e-01  1.41898960e-01  1.59970656e-01
  1.77663043e-01  1.94815487e-01  2.11206913e-01  2.26547569e-01  2.40493938e-01
 -6.87429821e-03 -1.07859606e-02 -1.60722826e-02 -2.23397240e-02 -2.91637443e-02
 -3.63542326e-02 -4.38288599e-02 -5.15470840e-02 -5.94863333e-02 -6.76329732e-02
 -7.59782791e-02 -8.45162421e-02 -9.32414904e-02 -1.02145419e-01 -1.11205980e-01
 -1.20072715e-01 -1.28717333e-01 -1.37100250e-01 -1.45175353e-01 -1.52892649e-01
 -1.60199597e-01 -1.67041853e-01 -1.73363760e-01 -1.79108635e-01 -1.84219092e-01
 -1.88637346e-01 -1.92305595e-01 -1.95166513e-01 -1.97163761e-01 -1.98242784e-01
 -1.98351473e-01 -1.97441161e-01 -1.95467502e-01 -1.92391515e-01 -1.88180476e-01
 -1.82808951e-01 -1.76259726e-01 -1.68524742e-01 -1.59605742e-01 -1.49516344e-01
 -1.38284624e-01 -1.25951499e-01 -1.12590224e-01 -9.82063040e-02 -8.32896903e-02
 -6.78129420e-02 -5.18531501e-02 -3.54738049e-02 -1.87352020e-02 -1.70015777e-03
  1.55648943e-02  3.29899490e-02  5.05017452e-02  6.80241659e-02  8.54785740e-02
  1.02784045e-01  1.19857140e-01  1.36610955e-01  1.52953133e-01  1.68782651e-01
  1.83985725e-01  1.98431760e-01  2.11971357e-01  2.24439532e-01  2.35666454e-01
 -1.25675304e-02 -1.65235456e-02 -2.12182719e-02 -2.65263934e-02 -3.23117860e-02
 -3.84833962e-02 -4.49693240e-02 -5.17180599e-02 -5.86933792e-02 -6.58695251e-02
 -7.32279792e-02 -8.07556883e-02 -8.84446949e-02 -9.62938070e-02 -1.04314528e-01
 -1.12179384e-01 -1.19833954e-01 -1.27231121e-01 -1.34320050e-01 -1.41049162e-01
 -1.47366196e-01 -1.53218523e-01 -1.58553272e-01 -1.63317278e-01 -1.67457089e-01
 -1.70919105e-01 -1.73649758e-01 -1.75596014e-01 -1.76705822e-01 -1.76928923e-01
 -1.76217601e-01 -1.74527779e-01 -1.71820134e-01 -1.68061227e-01 -1.63224474e-01
 -1.57290608e-01 -1.50249377e-01 -1.42100409e-01 -1.32847250e-01 -1.22504100e-01
 -1.11115225e-01 -9.86608043e-02 -8.55910853e-02 -7.18652010e-02 -5.75441346e-02
 -4.26759943e-02 -2.73180418e-02 -1.15324641e-02  4.61353362e-03  2.10465174e-02
  3.76859047e-02  5.44435717e-02  7.12240338e-02  8.79252702e-02  1.04440250e-01
  1.20658971e-01  1.36470929e-01  1.51767462e-01  1.66443601e-01  1.80399269e-01
  1.93539411e-01  2.05773994e-01  2.17018053e-01  2.27193385e-01  2.36232027e-01
 -1.66138466e-02 -2.04673931e-02 -2.48293802e-02 -2.96078678e-02 -3.47256772e-02
 -4.01445739e-02 -4.58251275e-02 -5.17312884e-02 -5.78320101e-02 -6.41011298e-02
 -7.05166161e-02 -7.70597309e-02 -8.37143511e-02 -9.04662907e-02 -9.73021761e-02
 -1.04206063e-01 -1.10878512e-01 -1.17304891e-01 -1.23419769e-01 -1.29170924e-01
 -1.34506181e-01 -1.39375582e-01 -1.43730596e-01 -1.47523105e-01 -1.50704890e-01
 -1.53227404e-01 -1.55042022e-01 -1.56100273e-01 -1.56354398e-01 -1.55757993e-01
 -1.54266983e-01 -1.51840821e-01 -1.48444325e-01 -1.44049764e-01 -1.38638049e-01
 -1.32193848e-01 -1.24713771e-01 -1.16229869e-01 -1.06726341e-01 -9.61531326e-02
 -8.49050954e-02 -7.29313418e-02 -6.02766275e-02 -4.69726771e-02 -3.30597535e-02
 -1.85833853e-02 -3.59609048e-03  1.18416250e-02  2.76599340e-02  4.37780507e-02
  6.01026826e-02  7.65269101e-02  9.29299742e-02  1.09178431e-01  1.25129074e-01
  1.40633807e-01  1.55546218e-01  1.69728920e-01  1.83060750e-01  1.95442349e-01
  2.06799507e-01  2.17083678e-01  2.26270363e-01  2.34355688e-01  2.41352662e-01
 -1.97803117e-02 -2.34957505e-02 -2.75982711e-02 -3.19853537e-02 -3.66001502e-02
 -4.14247103e-02 -4.64373678e-02 -5.16150482e-02 -5.69345653e-02 -6.23732917e-02
 -6.79092631e-02 -7.35209435e-02 -7.91865811e-02 -8.48831236e-02 -9.05843228e-02
 -9.62574556e-02 -1.01857968e-01 -1.07398935e-01 -1.12573303e-01 -1.17376521e-01
 -1.21749923e-01 -1.25650659e-01 -1.29039437e-01 -1.31876677e-01 -1.34121522e-01
 -1.35731891e-01 -1.36664808e-01 -1.36876792e-01 -1.36324272e-01 -1.34964049e-01
 -1.32753834e-01 -1.29653409e-01 -1.25627398e-01 -1.20652527e-01 -1.14737824e-01
 -1.07846066e-01 -9.99012440e-02 -9.12644714e-02 -8.18533748e-02 -7.16482326e-02
 -6.06951378e-02 -4.90180440e-02 -3.66433300e-02 -2.35985871e-02 -9.91527829e-03
  4.36963607e-03  1.92117263e-02  3.45567949e-02  5.03380820e-02  6.64730072e-02
  8.28596130e-02  9.93731692e-02  1.15863748e-01  1.32156044e-01  1.48052931e-01
  1.63343996e-01  1.77819327e-01  1.91286594e-01  2.03588203e-01  2.14614630e-01
  2.24311769e-01  2.32681021e-01  2.39772424e-01  2.45672286e-01  2.50487626e-01
 -2.25083027e-02 -2.60918308e-02 -2.99558993e-02 -3.40096951e-02 -3.81987691e-02
 -4.25150469e-02 -4.69473302e-02 -5.14811575e-02 -5.60994111e-02 -6.07829988e-02
 -6.55113384e-02 -7.02625364e-02 -7.50132278e-02 -7.97381178e-02 -8.44093934e-02
 -8.89960602e-02 -9.34641808e-02 -9.77795422e-02 -1.01894923e-01 -1.05822586e-01
 -1.09249592e-01 -1.12185530e-01 -1.14615515e-01 -1.16513155e-01 -1.17846332e-01
 -1.18579887e-01 -1.18676938e-01 -1.18099563e-01 -1.16809040e-01 -1.14765622e-01
 -1.11927450e-01 -1.08247839e-01 -1.03668444e-01 -9.81027856e-02 -9.18680355e-02
 -8.48794878e-02 -7.71063268e-02 -6.85774386e-02 -5.92959635e-02 -4.92646024e-02
 -3.84935103e-02 -2.69937944e-02 -1.47778606e-02 -1.85988017e-03  1.17430296e-02
  2.60091759e-02  4.09100503e-02  5.64072691e-02  7.24484473e-02  8.89617354e-02
  1.05848797e-01  1.22976430e-01  1.40167490e-01  1.57193422e-01  1.73772648e-01
  1.89581230e-01  2.04280525e-01  2.17558548e-01  2.29172289e-01  2.38977671e-01
  2.46943027e-01  2.53147572e-01  2.57765383e-01  2.61034071e-01  2.63212264e-01
 -2.51073092e-02 -2.85839289e-02 -3.22342440e-02 -3.59747894e-02 -3.97663191e-02
 -4.36147526e-02 -4.75182123e-02 -5.14677800e-02 -5.54495156e-02 -5.94460778e-02
 -6.34377226e-02 -6.74028099e-02 -7.13179559e-02 -7.51579255e-02 -7.88953230e-02
 -8.25002044e-02 -8.59396383e-02 -8.91769454e-02 -9.21696573e-02 -9.48686153e-02
 -9.71972123e-02 -9.91080627e-02 -1.00564457e-01 -1.01533391e-01 -1.01983033e-01
 -1.01881817e-01 -1.01198271e-01 -9.99010503e-02 -9.79590937e-02 -9.53419432e-02
 -9.20203105e-02 -8.79674181e-02 -8.31624269e-02 -7.75993839e-02 -7.13112205e-02
 -6.42997175e-02 -5.65615222e-02 -4.80969436e-02 -3.89043018e-02 -2.89809182e-02
 -1.83242075e-02 -6.93134498e-03  5.20079723e-03  1.80754270e-02  3.16952281e-02
  4.60612588e-02  6.11711331e-02  7.70161375e-02  9.35767516e-02  1.10815778e-01
  1.28668010e-01  1.47024870e-01  1.65712476e-01  1.84461936e-01  2.02876613e-01
  2.20416889e-01  2.36447737e-01  2.50368088e-01  2.61743397e-01  2.70358264e-01
  2.76214480e-01  2.79525042e-01  2.80706137e-01  2.80320764e-01  2.78944403e-01
 -2.79256850e-02 -3.13593298e-02 -3.47695425e-02 -3.81360352e-02 -4.15004008e-02
 -4.48861793e-02 -4.82908115e-02 -5.17020933e-02 -5.51033691e-02 -5.84755652e-02
 -6.17980547e-02 -6.50490373e-02 -6.82055950e-02 -7.12435618e-02 -7.41373450e-02
 -7.68595636e-02 -7.93807581e-02 -8.16689432e-02 -8.36891830e-02 -8.54034573e-02
 -8.67708996e-02 -8.77543762e-02 -8.83206651e-02 -8.84394348e-02 -8.80822316e-02
 -8.72219205e-02 -8.58323127e-02 -8.38880986e-02 -8.13648850e-02 -7.82395452e-02
 -7.44907185e-02 -7.00997263e-02 -6.50520101e-02 -5.93386590e-02 -5.29566109e-02
 -4.59008403e-02 -3.81643139e-02 -2.97387242e-02 -2.06140149e-02 -1.07781878e-02
 -2.17145673e-04  1.10856304e-02  2.31494829e-02  3.59969698e-02  4.96541597e-02
  6.41507730e-02  7.95198977e-02  9.57970694e-02  1.13017984e-01  1.31213963e-01
  1.50403395e-01  1.70576170e-01  1.91665545e-01  2.13495463e-01  2.35672370e-01
  2.57349670e-01  2.76978672e-01  2.93020815e-01  3.04778755e-01  3.12071234e-01
  3.14959615e-01  3.13752323e-01  3.09214234e-01  3.02855253e-01  2.96266377e-01
 -3.12822051e-02 -3.48648019e-02 -3.77701446e-02 -4.05702181e-02 -4.34695520e-02
 -4.64103110e-02 -4.93575819e-02 -5.22836596e-02 -5.51637150e-02 -5.79743721e-02
 -6.06931187e-02 -6.32978603e-02 -6.57666177e-02 -6.80771619e-02 -7.02067241e-02
 -7.21317083e-02 -7.38274753e-02 -7.52682015e-02 -7.64268711e-02 -7.72755519e-02
 -7.77860433e-02 -7.79311210e-02 -7.76850805e-02 -7.70238265e-02 -7.59246722e-02
 -7.43661597e-02 -7.23278597e-02 -6.97902441e-02 -6.67347163e-02 -6.31436035e-02
 -5.90003468e-02 -5.42897172e-02 -4.89980355e-02 -4.31131199e-02 -3.66236940e-02
 -2.95178592e-02 -2.17822362e-02 -1.34014608e-02 -4.35765740e-03  5.37007675e-03
  1.58062726e-02  2.69798432e-02  3.89250517e-02  5.16827442e-02  6.53018728e-02
  7.98414424e-02  9.53728333e-02  1.11982629e-01  1.29775688e-01  1.48878291e-01
  1.69440374e-01  1.91635504e-01  2.15657189e-01  2.41712466e-01  2.70031780e-01
  3.01014334e-01  3.28887641e-01  3.48260313e-01  3.60469192e-01  3.66207063e-01
  3.64864439e-01  3.56979191e-01  3.41646343e-01  3.24153900e-01  3.11111271e-01
 -3.41369249e-02 -3.77752408e-02 -4.05040979e-02 -4.30231169e-02 -4.56062444e-02
 -4.82060574e-02 -5.07817343e-02 -5.32988310e-02 -5.57278618e-02 -5.80430441e-02
 -6.02213554e-02 -6.22417182e-02 -6.40843064e-02 -6.57299906e-02 -6.71598390e-02
 -6.83548227e-02 -6.92955777e-02 -6.99623898e-02 -7.03352168e-02 -7.03939423e-02
 -7.01187029e-02 -6.94902986e-02 -6.84904978e-02 -6.71021715e-02 -6.53092712e-02
 -6.30967468e-02 -6.04503863e-02 -5.73566742e-02 -5.38026057e-02 -4.97755297e-02
 -4.52629849e-02 -4.02525328e-02 -3.47315222e-02 -2.86867842e-02 -2.21041404e-02
 -1.49677796e-02 -7.25967484e-03  1.04093412e-03  9.95807443e-03  1.95196439e-02
  2.97581740e-02  4.07118313e-02  5.24257943e-02  6.49541095e-02  7.83622563e-02
  9.27306563e-02  1.08159542e-01  1.24775715e-01  1.42742023e-01  1.62270606e-01
  1.83641076e-01  2.07223937e-01  2.33507141e-01  2.63118327e-01  2.96836287e-01
  3.32938999e-01  3.60739470e-01  3.80031347e-01  3.91297221e-01  3.94177377e-01
  3.88899505e-01  3.74203324e-01  3.51650298e-01  3.32382113e-01  3.17087382e-01
 -3.66777033e-02 -4.03867029e-02 -4.30852026e-02 -4.55204695e-02 -4.79558893e-02
 -5.03495187e-02 -5.26624881e-02 -5.48602417e-02 -5.69133535e-02 -5.87972887e-02
 -6.04915991e-02 -6.19788356e-02 -6.32435381e-02 -6.42713532e-02 -6.50484040e-02
 -6.55609220e-02 -6.57950416e-02 -6.57368526e-02 -6.53725266e-02 -6.46885484e-02
 -6.36719540e-02 -6.23106174e-02 -6.05934076e-02 -5.85102625e-02 -5.60521819e-02
 -5.32111004e-02 -4.99796830e-02 -4.63510528e-02 -4.23184447e-02 -3.78748290e-02
 -3.30124646e-02 -2.77224798e-02 -2.19944045e-02 -1.58157367e-02 -9.17150918e-03
 -2.04391032e-03  5.58805792e-03  1.37488786e-02  2.24668365e-02  3.17744277e-02
  4.17089574e-02  5.23134358e-02  6.36378899e-02  7.57412612e-02  8.86940956e-02
  1.02582432e-01  1.17513262e-01  1.33622646e-01  1.51087776e-01  1.70145690e-01
  1.91123530e-01  2.14488789e-01  2.40932867e-01  2.71479577e-01  3.07241350e-01
  3.38955671e-01  3.63056928e-01  3.79616767e-01  3.88408452e-01  3.89373899e-01
  3.81066442e-01  3.62643272e-01  3.42652649e-01  3.26135278e-01  3.12397808e-01
 -3.90830152e-02 -4.29319628e-02 -4.57777344e-02 -4.82716933e-02 -5.07003143e-02
 -5.30157089e-02 -5.51736429e-02 -5.71380034e-02 -5.88815846e-02 -6.03850372e-02
 -6.16349056e-02 -6.26214817e-02 -6.33369386e-02 -6.37740046e-02 -6.39251918e-02
 -6.37824908e-02 -6.33374080e-02 -6.25812858e-02 -6.15056716e-02 -6.01027086e-02
 -5.83655164e-02 -5.62884435e-02 -5.38672283e-02 -5.10990396e-02 -4.79823947e-02
 -4.45169806e-02 -4.07033488e-02 -3.65424901e-02 -3.20352726e-02 -2.71817800e-02
 -2.19805669e-02 -1.64278708e-02 -1.05168866e-02 -4.23715916e-03  2.42584641e-03
  9.49096493e-03  1.69813484e-02  2.49243435e-02  3.33513245e-02  4.22975868e-02
  5.18024154e-02  6.19094521e-02  7.26674348e-02  8.41314197e-02  9.63645652e-02
  1.09440692e-01  1.23447753e-01  1.38492703e-01  1.54708296e-01  1.72262996e-01
  1.91376284e-01  2.12344751e-01  2.35596240e-01  2.61870921e-01  2.89860070e-01
  3.13524544e-01  3.31978083e-01  3.44863504e-01  3.52056742e-01  3.52627605e-01
  3.46241981e-01  3.33415002e-01  3.21000636e-01  3.09656441e-01  2.99472839e-01
 -4.15733829e-02 -4.57011349e-02 -4.87856418e-02 -5.15055433e-02 -5.40930480e-02
 -5.64709119e-02 -5.85794896e-02 -6.03804886e-02 -6.18547909e-02 -6.29969463e-02
 -6.38091788e-02 -6.42964989e-02 -6.44634888e-02 -6.43125176e-02 -6.38432801e-02
 -6.30530417e-02 -6.19374961e-02 -6.04916997e-02 -5.87110706e-02 -5.65921776e-02
 -5.41333146e-02 -5.13348393e-02 -4.81993034e-02 -4.47314344e-02 -4.09379713e-02
 -3.68274562e-02 -3.24098356e-02 -2.76959166e-02 -2.26965640e-02 -1.74216349e-02
 -1.18786925e-02 -6.07161410e-03  6.98296333e-07  6.34532096e-03  1.29758436e-02
  1.99123602e-02  2.71809511e-02  3.48127708e-02  4.28429767e-02  5.13096675e-02
  6.02531023e-02  6.97151944e-02  7.97394142e-02  9.03709978e-02  1.01657353e-01
  1.13648601e-01  1.26397863e-01  1.39961004e-01  1.54394865e-01  1.69752255e-01
  1.86069608e-01  2.03337252e-01  2.21428618e-01  2.39946470e-01  2.57988632e-01
  2.74188936e-01  2.87563920e-01  2.97517776e-01  3.03700089e-01  3.05985242e-01
  3.04592341e-01  3.00457925e-01  2.94804603e-01  2.88516790e-01  2.82129973e-01
 -4.40554805e-02 -4.86425050e-02 -5.22539206e-02 -5.54973483e-02 -5.85061461e-02
 -6.11314327e-02 -6.32875636e-02 -6.49493933e-02 -6.61312789e-02 -6.68656379e-02
 -6.71882257e-02 -6.71299249e-02 -6.67130351e-02 -6.59505650e-02 -6.48474619e-02
 -6.34028688e-02 -6.16127029e-02 -5.94721176e-02 -5.69775142e-02 -5.41279279e-02
 -5.09257987e-02 -4.73772213e-02 -4.34918292e-02 -3.92825007e-02 -3.47651057e-02
 -2.99583040e-02 -2.48833355e-02 -1.95636004e-02 -1.40237156e-02 -8.28791410e-03
 -2.37773289e-03  3.69071355e-03  9.90938302e-03  1.62803251e-02  2.28166189e-02
  2.95419954e-02  3.64892259e-02  4.36976105e-02  5.12101389e-02  5.90708107e-02
  6.73225820e-02  7.60059878e-02  8.51583704e-02  9.48134214e-02  1.05000809e-01
  1.15745351e-01  1.27065465e-01  1.38970122e-01  1.51453450e-01  1.64485529e-01
  1.77997261e-01  1.91857144e-01  2.05839828e-01  2.19596028e-01  2.32651383e-01
  2.44469091e-01  2.54556805e-01  2.62545884e-01  2.68226773e-01  2.71570355e-01
  2.72745252e-01  2.72103041e-01  2.70096123e-01  2.67168581e-01  2.63687998e-01
 -4.61999848e-02 -5.14506921e-02 -5.62413223e-02 -6.07091822e-02 -6.46638051e-02
 -6.77757561e-02 -6.99774772e-02 -7.13677108e-02 -7.20782056e-02 -7.22284913e-02
 -7.19133541e-02 -7.11995736e-02 -7.01270774e-02 -6.87130690e-02 -6.69581890e-02
 -6.48531318e-02 -6.23848028e-02 -5.95411994e-02 -5.63148707e-02 -5.27049080e-02
 -4.87175025e-02 -4.43654172e-02 -3.96667495e-02 -3.46437022e-02 -2.93219388e-02
 -2.37307474e-02 -1.79038662e-02 -1.18802777e-02 -5.70402713e-03  5.77881932e-04
  6.91987108e-03  1.32838376e-02  1.96453780e-02  2.59985402e-02  3.23579386e-02
  3.87576967e-02  4.52472977e-02  5.18853143e-02  5.87325208e-02  6.58462122e-02
  7.32765198e-02  8.10647532e-02  8.92429799e-02  9.78341401e-02  1.06852077e-01
  1.16300903e-01  1.26173511e-01  1.36448815e-01  1.47087350e-01  1.58025250e-01
  1.69166282e-01  1.80373326e-01  1.91461399e-01  2.02197343e-01  2.12311402e-01
  2.21523017e-01  2.29575306e-01  2.36268297e-01  2.41483286e-01  2.45196387e-01
  2.47479320e-01  2.48485535e-01  2.48422101e-01  2.47515395e-01  2.45981798e-01
 -4.81662787e-02 -5.44160306e-02 -6.10334687e-02 -6.80354908e-02 -7.47714788e-02
 -7.80573189e-02 -7.97155723e-02 -8.02568197e-02 -8.00047442e-02 -7.91883692e-02
 -7.79661089e-02 -7.64327496e-02 -7.46268854e-02 -7.25444332e-02 -7.01553449e-02
 -6.74189627e-02 -6.42955378e-02 -6.07539527e-02 -5.67764752e-02 -5.23609929e-02
 -4.75205556e-02 -4.22801897e-02 -3.66718918e-02 -3.07300203e-02 -2.44891737e-02
 -1.79855693e-02 -1.12614147e-02 -4.37073968e-03  2.61604297e-03  9.61273722e-03
  1.65263377e-02  2.32730061e-02  2.97946446e-02  3.60703617e-02  4.21213172e-02
  4.80088107e-02  5.38244210e-02  5.96729815e-02  6.56543672e-02  7.18513429e-02
  7.83255324e-02  8.51187035e-02  9.22558829e-02  9.97482687e-02  1.07595064e-01
  1.15784213e-01  1.24291956e-01  1.33081421e-01  1.42100468e-01  1.51278839e-01
  1.60525531e-01  1.69726804e-01  1.78746417e-01  1.87429309e-01  1.95609838e-01
  2.03124180e-01  2.09825426e-01  2.15598121e-01  2.20369861e-01  2.24117741e-01
  2.26868555e-01  2.28692636e-01  2.29692638e-01  2.29989648e-01  2.29709864e-01
 -4.95718941e-02 -5.68238720e-02 -6.50806576e-02 -7.47323111e-02 -8.55933130e-02
 -9.21362266e-02 -9.33051556e-02 -9.18385163e-02 -8.97791609e-02 -8.74021724e-02
 -8.49213228e-02 -8.24331716e-02 -7.99157992e-02 -7.72739649e-02 -7.43885785e-02
 -7.11475536e-02 -6.74594194e-02 -6.32588342e-02 -5.85106052e-02 -5.32136708e-02
 -4.74014767e-02 -4.11329083e-02 -3.44737582e-02 -2.74790153e-02 -2.01862585e-02
 -1.26210265e-02 -4.81032347e-03  3.19781061e-03  1.13095511e-02  1.93657409e-02
  2.71578189e-02  3.44895646e-02  4.12307791e-02  4.73320074e-02  5.28271422e-02
  5.78406006e-02  6.25775233e-02  6.72664046e-02  7.20900446e-02  7.71637931e-02
  8.25496912e-02  8.82753730e-02  9.43470299e-02  1.00756779e-01  1.07486404e-01
  1.14508852e-01  1.21788383e-01  1.29280016e-01  1.36928543e-01  1.44667551e-01
  1.52418792e-01  1.60092503e-01  1.67588800e-01  1.74801022e-01  1.81620732e-01
  1.87944233e-01  1.93679839e-01  1.98754802e-01  2.03120843e-01  2.06757173e-01
  2.09670871e-01  2.11894274e-01  2.13480115e-01  2.14495212e-01  2.15013981e-01
 -4.91602719e-02 -5.66828623e-02 -6.53744265e-02 -7.57290050e-02 -8.81187394e-02
 -9.77041945e-02 -1.03054948e-01 -1.03960946e-01 -1.00375861e-01 -9.55792367e-02
 -9.15118158e-02 -8.82374272e-02 -8.54198486e-02 -8.26695859e-02 -7.96796158e-02
 -7.62360469e-02 -7.21876845e-02 -6.74249828e-02 -6.18783459e-02 -5.55380844e-02
 -4.84892800e-02 -4.09107991e-02 -3.29827629e-02 -2.47998368e-02 -1.63738765e-02
 -7.66897155e-03  1.37028832e-03  1.07937017e-02  2.05973759e-02  3.05532422e-02
  3.99710201e-02  4.83105369e-02  5.53999804e-02  6.11804947e-02  6.56485409e-02
  6.89420998e-02  7.16508403e-02  7.45210573e-02  7.78182447e-02  8.15882012e-02
  8.58180746e-02  9.04770195e-02  9.55284461e-02  1.00933693e-01  1.06652550e-01
  1.12642705e-01  1.18858717e-01  1.25250995e-01  1.31764874e-01  1.38340101e-01
  1.44910723e-01  1.51405573e-01  1.57749742e-01  1.63866580e-01  1.69680849e-01
  1.75122142e-01  1.80128679e-01  1.84650779e-01  1.88653588e-01  1.92118734e-01
  1.95044458e-01  1.97444648e-01  1.99346483e-01  2.00787380e-01  2.01811671e-01
 -4.65503596e-02 -5.34759313e-02 -6.12237938e-02 -6.99053630e-02 -7.95089528e-02
 -8.97968560e-02 -9.89855006e-02 -1.03949316e-01 -1.04189858e-01 -9.92967263e-02
 -9.46354195e-02 -9.21699032e-02 -9.06445831e-02 -8.88331607e-02 -8.64157677e-02
 -8.32387730e-02 -7.91702420e-02 -7.40672275e-02 -6.77631795e-02 -6.00746796e-02
 -5.09311892e-02 -4.12359573e-02 -3.17453928e-02 -2.23846100e-02 -1.29818041e-02
 -3.35152657e-03  6.70870533e-03  1.74430236e-02  2.91897915e-02  4.24284674e-02
  5.42657748e-02  6.37902468e-02  7.13181943e-02  7.66932294e-02  7.98417926e-02
  8.04335624e-02  7.95588791e-02  8.02395344e-02  8.19976851e-02  8.45679566e-02
  8.77825692e-02  9.15249363e-02  9.57081020e-02  1.00262687e-01  1.05129503e-01
  1.10254876e-01  1.15587488e-01  1.21076345e-01  1.26669437e-01  1.32313073e-01
  1.37951627e-01  1.43527910e-01  1.48984030e-01  1.54262707e-01  1.59308985e-01
  1.64072201e-01  1.68507993e-01  1.72580138e-01  1.76261961e-01  1.79537222e-01
  1.82400331e-01  1.84855744e-01  1.86916947e-01  1.88604817e-01  1.89945862e-01
 -4.22449559e-02 -4.81391698e-02 -5.45015857e-02 -6.13114983e-02 -6.84772357e-02
 -7.58240148e-02 -8.31002295e-02 -8.99967551e-02 -9.41179544e-02 -9.22520161e-02
 -9.00196284e-02 -9.02322456e-02 -9.13321674e-02 -9.09570232e-02 -8.94091204e-02
 -8.67648721e-02 -8.29627812e-02 -7.78682530e-02 -7.12544248e-02 -6.27000481e-02
 -5.14356531e-02 -3.98198366e-02 -2.93935128e-02 -1.95129607e-02 -9.78002697e-03
  9.84472499e-05  1.03926118e-02  2.14079618e-02  3.35449353e-02  4.72467281e-02
  5.94978146e-02  6.92083165e-02  7.66697302e-02  8.18058178e-02  8.44661742e-02
  8.42717737e-02  8.25532526e-02  8.24501291e-02  8.35297480e-02  8.54780078e-02
  8.80905539e-02  9.12298933e-02  9.47976559e-02  9.87182781e-02  1.02929518e-01
  1.07376844e-01  1.12010136e-01  1.16781555e-01  1.21644251e-01  1.26551703e-01
  1.31457418e-01  1.36315137e-01  1.41079292e-01  1.45705760e-01  1.50152922e-01
  1.54382676e-01  1.58361658e-01  1.62062153e-01  1.65462911e-01  1.68549672e-01
  1.71315253e-01  1.73759282e-01  1.75887689e-01  1.77711770e-01  1.79247230e-01
  1.10156047e+00  1.11697674e+00  1.12706947e+00  1.13919365e+00  1.15168738e+00
  1.16747022e+00  1.17901123e+00  1.19235229e+00  1.20652354e+00  1.21994388e+00
  1.23467350e+00  1.24954438e+00  1.26434040e+00  1.28013372e+00  1.29637289e+00
  1.31262827e+00  1.32927132e+00  1.34679282e+00  1.36464345e+00  1.38273335e+00
  1.40143502e+00  1.42080247e+00  1.44071090e+00  1.46101117e+00  1.48197210e+00
  1.50362635e+00  1.52600241e+00  1.54891717e+00  1.57256103e+00  1.59703994e+00
  1.62235880e+00  1.64850402e+00  1.67545569e+00  1.70340979e+00  1.73241329e+00
  1.76244783e+00  1.79362237e+00  1.82594585e+00  1.85960424e+00  1.89461672e+00
  1.93114054e+00  1.96920276e+00  2.00898314e+00  2.05060458e+00  2.09427047e+00
  2.14001918e+00  2.18813777e+00  2.23887777e+00  2.29247499e+00  2.34908533e+00
  2.40939283e+00  2.47362208e+00  2.54232883e+00  2.61594391e+00  2.69606209e+00
  2.78253651e+00  2.87789106e+00  2.98332858e+00  3.10101557e+00  3.23579121e+00
  3.39241338e+00  3.58415604e+00  3.83338642e+00  4.22433853e+00  6.30746555e+00
   88   87
  1.09980822e+00 -5.00000007e-02  1.10030675e+00  5.00000007e-02  1.10400426e+00
  1.50000006e-01  1.10710716e+00  2.00000003e-01  1.11438310e+00  3.00000012e-01
  1.12448657e+00  4.00000006e-01  1.13218749e+00  4.57437694e-01  1.14808095e+00
  5.50000012e-01  1.15917432e+00  6.00000024e-01  1.18531251e+00  6.91891551e-01
  1.20791972e+00  7.50000000e-01  1.23425972e+00  8.00000012e-01  1.26499999e+00
  8.43003511e-01  1.29156256e+00  8.72240067e-01  1.32641160e+00  8.99999976e-01
  1.37125003e+00  9.25428092e-01  1.42437506e+00  9.40905452e-01  1.47749996e+00
  9.46415722e-01  1.53062499e+00  9.44502056e-01  1.58375001e+00  9.36309993e-01
  1.63687503e+00  9.22120810e-01  1.69000006e+00  9.01336730e-01  1.71656251e+00
  8.88874769e-01  1.76968753e+00  8.60288560e-01  1.79624999e+00  8.43513429e-01
  1.84937501e+00  8.07249069e-01  1.87593746e+00  7.86780238e-01  1.91955161e+00
  7.50000000e-01  1.95562506e+00  7.17537642e-01  1.98218751e+00  6.91077590e-01
  2.02041817e+00  6.49999976e-01  2.06179261e+00  6.00000024e-01  2.08843756e+00
  5.64547181e-01  2.11500001e+00  5.24840176e-01  2.14156246e+00  4.80293632e-01
  2.16812491e+00  4.29943651e-01  2.19468760e+00  3.72535259e-01  2.22125006e+00
  3.06237459e-01  2.24021721e+00  2.50000000e-01  2.25468278e+00  2.00000003e-01
  2.27398109e+00  1.00000001e-01  2.27883840e+00  5.00000007e-02  2.27580929e+00
 -5.00000007e-02  2.26808238e+00 -1.00000001e-01  2.24781251e+00 -1.82902023e-01
  2.22647309e+00 -2.50000000e-01  2.20737362e+00 -3.00000012e-01  2.18612576e+00
 -3.49999994e-01  2.16273022e+00 -4.00000006e-01  2.13694000e+00 -4.49999988e-01
  2.10838127e+00 -5.00000000e-01  2.07667160e+00 -5.50000012e-01  2.04150820e+00
 -6.00000024e-01  2.00874996e+00 -6.42160475e-01  1.98218751e+00 -6.74594343e-01
  1.95562506e+00 -7.05246329e-01  1.91401267e+00 -7.50000000e-01  1.87593746e+00
 -7.89362252e-01  1.84937501e+00 -8.15818131e-01  1.81250429e+00 -8.50000024e-01
  1.76968753e+00 -8.89201522e-01  1.74312496e+00 -9.12471712e-01  1.69672239e+00
 -9.49999988e-01  1.66343749e+00 -9.76494014e-01  1.63022935e+00 -1.00000000e+00
  1.58375001e+00 -1.03369462e+00  1.55718756e+00 -1.05136275e+00  1.50406253e+00
 -1.08505070e+00  1.47749996e+00 -1.10095572e+00  1.42437506e+00 -1.13150620e+00
  1.38742256e+00 -1.14999998e+00  1.34468746e+00 -1.17706859e+00  1.27743471e+00
 -1.20293927e+00  1.25955451e+00 -1.14999998e+00  1.24178970e+00 -1.04999995e+00
  1.23184037e+00 -1.00000000e+00  1.21437252e+00 -8.99999976e-01  1.20486319e+00
 -8.50000024e-01  1.18663836e+00 -7.50000000e-01  1.17698431e+00 -6.99999988e-01
  1.15875006e+00 -6.00970984e-01  1.15008748e+00 -5.50000012e-01  1.13448882e+00
 -4.49999988e-01  1.12708533e+00 -4.00000006e-01  1.11513114e+00 -3.00000012e-01
  1.10649097e+00 -2.00000003e-01  1.10310769e+00 -1.50000006e-01  1.09980822e+00
 -5.00000007e-02
  1.01600003e+00  0.00000000e+00  1.01600003e+00  9.63999987e-01  1.01600003e+00
  9.67999995e-01  1.01600003e+00  1.00100005e+00  1.01600003e+00  1.01900005e+00
  1.01600003e+00  1.07700002e+00  1.01600003e+00  1.07000005e+00  1.01600003e+00
  1.09599996e+00  1.01600003e+00  1.11300004e+00  1.01600003e+00  1.13800001e+00
  1.01600003e+00  1.14699996e+00  1.01199996e+00  1.16499996e+00  1.00100005e+00
  1.21700001e+00  1.02900004e+00  1.21700001e+00  1.04200006e+00  1.16240001e+00
  1.04600000e+00  1.16237998e+00  1.05599999e+00  1.16260004e+00  1.09700000e+00
  1.16450000e+00  1.10800004e+00  1.16594005e+00  1.11600006e+00  1.16591001e+00
  1.13399994e+00  1.16895998e+00  1.14800000e+00  1.17174995e+00  1.16199994e+00
  1.17556000e+00  1.18099999e+00  1.18299997e+00  1.18200004e+00  1.18350005e+00
  1.18499994e+00  1.18499994e+00  1.19000006e+00  1.18799996e+00  1.19500005e+00
  1.19099998e+00  1.20099998e+00  1.19599998e+00  1.20899999e+00  1.20200002e+00
  1.21500003e+00  1.20799994e+00  1.22200000e+00  1.21399999e+00  1.22800004e+00
  1.22099996e+00  1.23399997e+00  1.23099995e+00  1.23899996e+00  1.23800004e+00
  1.24199998e+00  1.24399996e+00  1.24800003e+00  1.25399995e+00  1.25800002e+00
  1.27800000e+00  1.26300001e+00  1.28999996e+00  1.27999997e+00  1.33099997e+00
  1.27999997e+00  1.34700000e+00  1.27999997e+00  1.34800005e+00  1.30999994e+00
  1.34800005e+00  1.32799995e+00  1.34800005e+00  1.36099994e+00  1.34800005e+00
  1.38000000e+00  1.34800005e+00  1.41900003e+00  1.34800005e+00  1.41900003e+00
  1.30999994e+00  1.37199998e+00  1.30999994e+00  1.37199998e+00  1.29200006e+00
  1.60800004e+00  1.09500003e+00  1.64699996e+00  1.07700002e+00  1.78499997e+00
  1.07700002e+00  2.06999993e+00  1.03999996e+00  2.12800002e+00  9.92999971e-01
  2.24499989e+00  7.08999991e-01  2.32299995e+00  5.18999994e-01  2.37700009e+00
  3.88999999e-01  2.35200000e+00  4.00000006e-01  2.35100007e+00  3.37000012e-01
  2.35100007e+00  2.04999998e-01  2.35400009e+00  6.80000037e-02  2.35400009e+00
  0.00000000e+00  2.35400009e+00 -6.80000037e-02  2.35299993e+00 -2.04999998e-01
  2.35100007e+00 -3.37000012e-01  2.35299993e+00 -4.00000006e-01  2.37700009e+00
 -3.88999999e-01  2.13400006e+00 -9.72999990e-01  1.78600001e+00 -1.17400002e+00
  1.76800001e+00 -1.21099997e+00  1.76800001e+00 -1.25000000e+00  1.68200004e+00
 -1.25000000e+00  1.37199998e+00 -1.25000000e+00  1.37199998e+00 -1.32900000e+00
  1.41999996e+00 -1.32900000e+00  1.41999996e+00 -1.36300004e+00  1.27300000e+00
 -1.36300004e+00  1.15300000e+00 -1.36300004e+00  1.01600003e+00 -1.22300005e+00
  1.01600003e+00 -1.22300005e+00  1.01600003e+00 -8.29999983e-01  1.01600003e+00
 -8.00000012e-01  1.01600003e+00 -4.14999992e-01  1.01600003e+00 -4.00000006e-01
  1.01600003e+00 -1.00000005e-03  1.01600003e+00  0.00000000e+00
    0 0.000000000e+00    0
  0.00000000e+00  9.44366753e-02  1.34177417e-01  1.64847970e-01  1.90934882e-01
  2.12776333e-01  2.33941674e-01  2.53687799e-01  2.72217572e-01  2.89656013e-01
  3.06415617e-01  3.22442919e-01  3.37889284e-01  3.52798015e-01  3.67380470e-01
  3.81504476e-01  3.95289183e-01  4.08794403e-01  4.22094524e-01  4.35073167e-01
  4.47870582e-01  4.60486263e-01  4.72960114e-01  4.85255927e-01  4.97390568e-01
  5.09441614e-01  5.21388948e-01  5.33244133e-01  5.44973552e-01  5.56668818e-01
  5.68290830e-01  5.79864442e-01  5.91394186e-01  6.02875113e-01  6.14344418e-01
  6.25789940e-01  6.37234330e-01  6.48660302e-01  6.60099447e-01  6.71545267e-01
  6.83018863e-01  6.94525242e-01  7.06062257e-01  7.17644691e-01  7.29282856e-01
  7.40975082e-01  7.52749085e-01  7.64597297e-01  7.76546121e-01  7.88578749e-01
  8.00752521e-01  8.13039362e-01  8.25484931e-01  8.38053346e-01  8.50856721e-01
  8.63809586e-01  8.77035916e-01  8.90489280e-01  9.04247940e-01  9.18362439e-01
  9.32906330e-01  9.47966278e-01  9.63705540e-01  9.80509043e-01  1.00000000e+00
    0
