          psin            ni            ne            ti            te            we
    0.0000e+00    9.0339e+18    9.0339e+18    5.2442e+02    1.3213e+03    1.0713e+04
    1.0000e-02    8.9726e+18    8.9726e+18    5.2391e+02    1.3126e+03    1.0617e+04
    2.0000e-02    8.9159e+18    8.9159e+18    5.2314e+02    1.3037e+03    1.0527e+04
    3.0000e-02    8.8624e+18    8.8624e+18    5.2220e+02    1.2946e+03    1.0440e+04
    4.0000e-02    8.8114e+18    8.8114e+18    5.2113e+02    1.2854e+03    1.0356e+04
    5.0000e-02    8.7627e+18    8.7627e+18    5.1994e+02    1.2762e+03    1.0275e+04
    6.0000e-02    8.7159e+18    8.7159e+18    5.1866e+02    1.2668e+03    1.0196e+04
    7.0000e-02    8.6709e+18    8.6709e+18    5.1728e+02    1.2573e+03    1.0119e+04
    8.0000e-02    8.6276e+18    8.6276e+18    5.1581e+02    1.2478e+03    1.0044e+04
    9.0000e-02    8.5856e+18    8.5856e+18    5.1427e+02    1.2382e+03    9.9715e+03
    1.0000e-01    8.5451e+18    8.5451e+18    5.1266e+02    1.2285e+03    9.9002e+03
    1.1000e-01    8.5060e+18    8.5060e+18    5.1097e+02    1.2188e+03    9.8305e+03
    1.2000e-01    8.4681e+18    8.4681e+18    5.0922e+02    1.2090e+03    9.7622e+03
    1.3000e-01    8.4313e+18    8.4313e+18    5.0740e+02    1.1991e+03    9.6952e+03
    1.4000e-01    8.3956e+18    8.3956e+18    5.0552e+02    1.1892e+03    9.6296e+03
    1.5000e-01    8.3609e+18    8.3609e+18    5.0359e+02    1.1791e+03    9.5652e+03
    1.6000e-01    8.3273e+18    8.3273e+18    5.0159e+02    1.1690e+03    9.5019e+03
    1.7000e-01    8.2946e+18    8.2946e+18    4.9954e+02    1.1587e+03    9.4399e+03
    1.8000e-01    8.2626e+18    8.2626e+18    4.9743e+02    1.1482e+03    9.3789e+03
    1.9000e-01    8.2312e+18    8.2312e+18    4.9526e+02    1.1375e+03    9.3190e+03
    2.0000e-01    8.2002e+18    8.2002e+18    4.9304e+02    1.1267e+03    9.2600e+03
    2.1000e-01    8.1695e+18    8.1695e+18    4.9076e+02    1.1157e+03    9.2020e+03
    2.2000e-01    8.1391e+18    8.1391e+18    4.8843e+02    1.1045e+03    9.1449e+03
    2.3000e-01    8.1089e+18    8.1089e+18    4.8605e+02    1.0931e+03    9.0887e+03
    2.4000e-01    8.0788e+18    8.0788e+18    4.8362e+02    1.0815e+03    9.0333e+03
    2.5000e-01    8.0488e+18    8.0488e+18    4.8113e+02    1.0696e+03    8.9787e+03
    2.6000e-01    8.0188e+18    8.0188e+18    4.7860e+02    1.0576e+03    8.9248e+03
    2.7000e-01    7.9886e+18    7.9886e+18    4.7600e+02    1.0453e+03    8.8719e+03
    2.8000e-01    7.9584e+18    7.9584e+18    4.7335e+02    1.0327e+03    8.8197e+03
    2.9000e-01    7.9280e+18    7.9280e+18    4.7065e+02    1.0199e+03    8.7682e+03
    3.0000e-01    7.8974e+18    7.8974e+18    4.6790e+02    1.0069e+03    8.7172e+03
    3.1000e-01    7.8666e+18    7.8666e+18    4.6509e+02    9.9357e+02    8.6671e+03
    3.2000e-01    7.8355e+18    7.8355e+18    4.6222e+02    9.7996e+02    8.6177e+03
    3.3000e-01    7.8040e+18    7.8040e+18    4.5930e+02    9.6611e+02    8.5688e+03
    3.4000e-01    7.7723e+18    7.7723e+18    4.5634e+02    9.5202e+02    8.5205e+03
    3.5000e-01    7.7402e+18    7.7402e+18    4.5330e+02    9.3759e+02    8.4729e+03
    3.6000e-01    7.7076e+18    7.7076e+18    4.5020e+02    9.2285e+02    8.4260e+03
    3.7000e-01    7.6746e+18    7.6746e+18    4.4706e+02    9.0785e+02    8.3796e+03
    3.8000e-01    7.6412e+18    7.6412e+18    4.4386e+02    8.9259e+02    8.3336e+03
    3.9000e-01    7.6071e+18    7.6071e+18    4.4058e+02    8.7689e+02    8.2885e+03
    4.0000e-01    7.5725e+18    7.5725e+18    4.3724e+02    8.6092e+02    8.2437e+03
    4.1000e-01    7.5376e+18    7.5376e+18    4.3386e+02    8.4468e+02    8.1995e+03
    4.2000e-01    7.5018e+18    7.5018e+18    4.3039e+02    8.2800e+02    8.1559e+03
    4.3000e-01    7.4654e+18    7.4654e+18    4.2685e+02    8.1099e+02    8.1128e+03
    4.4000e-01    7.4286e+18    7.4286e+18    4.2327e+02    7.9369e+02    8.0702e+03
    4.5000e-01    7.3908e+18    7.3908e+18    4.1960e+02    7.7594e+02    8.0281e+03
    4.6000e-01    7.3524e+18    7.3524e+18    4.1585e+02    7.5780e+02    7.9866e+03
    4.7000e-01    7.3134e+18    7.3134e+18    4.1205e+02    7.3936e+02    7.9455e+03
    4.8000e-01    7.2734e+18    7.2734e+18    4.0817e+02    7.2044e+02    7.9049e+03
    4.9000e-01    7.2326e+18    7.2326e+18    4.0421e+02    7.0107e+02    7.8649e+03
    5.0000e-01    7.1911e+18    7.1911e+18    4.0020e+02    6.8139e+02    7.8253e+03
    5.1000e-01    7.1485e+18    7.1485e+18    3.9610e+02    6.6117e+02    7.7862e+03
    5.2000e-01    7.1050e+18    7.1050e+18    3.9192e+02    6.4050e+02    7.7477e+03
    5.3000e-01    7.0608e+18    7.0608e+18    3.8769e+02    6.1952e+02    7.7095e+03
    5.4000e-01    7.0153e+18    7.0153e+18    3.8337e+02    5.9811e+02    7.6720e+03
    5.5000e-01    6.9687e+18    6.9687e+18    3.7898e+02    5.7644e+02    7.6349e+03
    5.6000e-01    6.9214e+18    6.9214e+18    3.7453e+02    5.5460e+02    7.5982e+03
    5.7000e-01    6.8726e+18    6.8726e+18    3.6999e+02    5.3257e+02    7.5621e+03
    5.8000e-01    6.8226e+18    6.8226e+18    3.6537e+02    5.1048e+02    7.5264e+03
    5.9000e-01    6.7717e+18    6.7717e+18    3.6069e+02    4.8837e+02    7.4910e+03
    6.0000e-01    6.7191e+18    6.7191e+18    3.5592e+02    4.6632e+02    7.4562e+03
    6.1000e-01    6.6652e+18    6.6652e+18    3.5106e+02    4.4441e+02    7.4217e+03
    6.2000e-01    6.6103e+18    6.6103e+18    3.4615e+02    4.2263e+02    7.3875e+03
    6.3000e-01    6.5535e+18    6.5535e+18    3.4113e+02    4.0117e+02    7.3537e+03
    6.4000e-01    6.4951e+18    6.4951e+18    3.3603e+02    3.8006e+02    7.3202e+03
    6.5000e-01    6.4356e+18    6.4356e+18    3.3086e+02    3.5926e+02    7.2869e+03
    6.6000e-01    6.3740e+18    6.3740e+18    3.2558e+02    3.3903e+02    7.2540e+03
    6.7000e-01    6.3106e+18    6.3106e+18    3.2021e+02    3.1942e+02    7.2213e+03
    6.8000e-01    6.2457e+18    6.2457e+18    3.1476e+02    3.0033e+02    7.1888e+03
    6.9000e-01    6.1788e+18    6.1788e+18    3.0921e+02    2.8202e+02    7.1565e+03
    7.0000e-01    6.1094e+18    6.1094e+18    3.0355e+02    2.6471e+02    7.1245e+03
    7.1000e-01    6.0384e+18    6.0384e+18    2.9780e+02    2.4818e+02    7.0926e+03
    7.2000e-01    5.9654e+18    5.9654e+18    2.9196e+02    2.3253e+02    7.0608e+03
    7.3000e-01    5.8892e+18    5.8892e+18    2.8598e+02    2.1847e+02    7.0292e+03
    7.4000e-01    5.8110e+18    5.8110e+18    2.7990e+02    2.0552e+02    6.9978e+03
    7.5000e-01    5.7306e+18    5.7306e+18    2.7372e+02    1.9376e+02    6.9664e+03
    7.6000e-01    5.6474e+18    5.6474e+18    2.6740e+02    1.8361e+02    6.9350e+03
    7.7000e-01    5.5612e+18    5.5612e+18    2.6095e+02    1.7500e+02    6.9038e+03
    7.8000e-01    5.4726e+18    5.4726e+18    2.5438e+02    1.6752e+02    6.8725e+03
    7.9000e-01    5.3814e+18    5.3814e+18    2.4768e+02    1.6112e+02    6.8413e+03
    8.0000e-01    5.2871e+18    5.2871e+18    2.4084e+02    1.5590e+02    6.8100e+03
    8.1000e-01    5.1893e+18    5.1893e+18    2.3383e+02    1.5174e+02    6.7786e+03
    8.2000e-01    5.0887e+18    5.0887e+18    2.2667e+02    1.4832e+02    6.7472e+03
    8.3000e-01    4.9849e+18    4.9849e+18    2.1936e+02    1.4554e+02    6.7156e+03
    8.4000e-01    4.8779e+18    4.8779e+18    2.1189e+02    1.4329e+02    6.6840e+03
    8.5000e-01    4.7672e+18    4.7672e+18    2.0423e+02    1.4145e+02    6.6521e+03
    8.6000e-01    4.6522e+18    4.6522e+18    1.9635e+02    1.3979e+02    6.6199e+03
    8.7000e-01    4.5333e+18    4.5333e+18    1.8828e+02    1.3807e+02    6.5875e+03
    8.8000e-01    4.4104e+18    4.4104e+18    1.8000e+02    1.3608e+02    6.5547e+03
    8.9000e-01    4.2830e+18    4.2830e+18    1.7148e+02    1.3357e+02    6.5215e+03
    9.0000e-01    4.1508e+18    4.1508e+18    1.6271e+02    1.3024e+02    6.4879e+03
    9.1000e-01    4.0134e+18    4.0134e+18    1.5367e+02    1.2579e+02    6.4537e+03
    9.2000e-01    3.8703e+18    3.8703e+18    1.4433e+02    1.2005e+02    6.4189e+03
    9.3000e-01    3.7211e+18    3.7211e+18    1.3466e+02    1.1299e+02    6.3832e+03
    9.4000e-01    3.5649e+18    3.5649e+18    1.2462e+02    1.0460e+02    6.3467e+03
    9.5000e-01    3.4009e+18    3.4009e+18    1.1415e+02    9.4849e+01    6.3089e+03
    9.6000e-01    3.2280e+18    3.2280e+18    1.0319e+02    8.3726e+01    6.2698e+03
    9.7000e-01    3.0448e+18    3.0448e+18    9.1645e+01    7.1186e+01    6.2290e+03
    9.8000e-01    2.8488e+18    2.8488e+18    7.9370e+01    5.7134e+01    6.1859e+03
    9.9000e-01    2.6309e+18    2.6309e+18    6.5786e+01    4.0902e+01    6.1384e+03
    1.0000e+00    2.3771e+18    2.3771e+18    5.0000e+01    2.1664e+01    6.0834e+03
