             psi         ni[m^-3]         ne[m^-3]           ti[eV]           te[eV]        we[rad/s]
    8.462522E-11     2.000000E+18     2.000000E+18     4.836142E+02     4.836142E+02     5.453044E+04
    8.462522E-05     2.000000E+18     2.000000E+18     4.835375E+02     4.835375E+02     5.453044E+04
    3.384988E-04     2.000000E+18     2.000000E+18     4.833073E+02     4.833073E+02     5.453044E+04
    7.616178E-04     1.999999E+18     1.999999E+18     4.829239E+02     4.829239E+02     5.453044E+04
    1.353979E-03     1.999996E+18     1.999996E+18     4.823873E+02     4.823873E+02     5.453044E+04
    2.115581E-03     1.999991E+18     1.999991E+18     4.816980E+02     4.816980E+02     5.453044E+04
    3.046419E-03     1.999982E+18     1.999982E+18     4.808562E+02     4.808562E+02     5.453044E+04
    4.146487E-03     1.999966E+18     1.999966E+18     4.798625E+02     4.798625E+02     5.453044E+04
    5.415778E-03     1.999942E+18     1.999942E+18     4.787173E+02     4.787173E+02     5.453044E+04
    6.854283E-03     1.999907E+18     1.999907E+18     4.774213E+02     4.774213E+02     5.453044E+04
    8.461987E-03     1.999858E+18     1.999858E+18     4.759752E+02     4.759752E+02     5.453044E+04
    1.023887E-02     1.999792E+18     1.999792E+18     4.743798E+02     4.743798E+02     5.453044E+04
    1.218492E-02     1.999706E+18     1.999706E+18     4.726358E+02     4.726358E+02     5.453044E+04
    1.430010E-02     1.999595E+18     1.999595E+18     4.707443E+02     4.707443E+02     5.453044E+04
    1.658437E-02     1.999455E+18     1.999455E+18     4.687063E+02     4.687063E+02     5.453044E+04
    1.903768E-02     1.999282E+18     1.999282E+18     4.665229E+02     4.665229E+02     5.453044E+04
    2.165999E-02     1.999071E+18     1.999071E+18     4.641952E+02     4.641952E+02     5.453044E+04
    2.445124E-02     1.998816E+18     1.998816E+18     4.617246E+02     4.617246E+02     5.453044E+04
    2.741134E-02     1.998512E+18     1.998512E+18     4.591123E+02     4.591123E+02     5.453044E+04
    3.054021E-02     1.998153E+18     1.998153E+18     4.563597E+02     4.563597E+02     5.453044E+04
    3.383775E-02     1.997733E+18     1.997733E+18     4.534684E+02     4.534684E+02     5.453044E+04
    3.730377E-02     1.997245E+18     1.997245E+18     4.504400E+02     4.504400E+02     5.453044E+04
    4.093817E-02     1.996682E+18     1.996682E+18     4.472761E+02     4.472761E+02     5.453044E+04
    4.474080E-02     1.996037E+18     1.996037E+18     4.439783E+02     4.439783E+02     5.453044E+04
    4.871147E-02     1.995302E+18     1.995302E+18     4.405486E+02     4.405486E+02     5.453044E+04
    5.284996E-02     1.994470E+18     1.994470E+18     4.369887E+02     4.369887E+02     5.453044E+04
    5.715605E-02     1.993532E+18     1.993532E+18     4.333007E+02     4.333007E+02     5.453044E+04
    6.162942E-02     1.992480E+18     1.992480E+18     4.294865E+02     4.294865E+02     5.453044E+04
    6.626967E-02     1.991304E+18     1.991304E+18     4.255485E+02     4.255485E+02     5.453044E+04
    7.107659E-02     1.989997E+18     1.989997E+18     4.214885E+02     4.214885E+02     5.453044E+04
    7.604979E-02     1.988549E+18     1.988549E+18     4.173090E+02     4.173090E+02     5.453044E+04
    8.118887E-02     1.986949E+18     1.986949E+18     4.130123E+02     4.130123E+02     5.453044E+04
    8.649338E-02     1.985187E+18     1.985187E+18     4.086007E+02     4.086007E+02     5.453044E+04
    9.196283E-02     1.983255E+18     1.983255E+18     4.040768E+02     4.040768E+02     5.453044E+04
    9.759649E-02     1.981140E+18     1.981140E+18     3.994433E+02     3.994433E+02     5.453044E+04
    1.033937E-01     1.978833E+18     1.978833E+18     3.947028E+02     3.947028E+02     5.453044E+04
    1.093540E-01     1.976323E+18     1.976323E+18     3.898580E+02     3.898580E+02     5.453044E+04
    1.154767E-01     1.973597E+18     1.973597E+18     3.849116E+02     3.849116E+02     5.453044E+04
    1.217610E-01     1.970645E+18     1.970645E+18     3.798665E+02     3.798665E+02     5.453044E+04
    1.282061E-01     1.967455E+18     1.967455E+18     3.747256E+02     3.747256E+02     5.453044E+04
    1.348111E-01     1.964015E+18     1.964015E+18     3.694921E+02     3.694921E+02     5.453044E+04
    1.415748E-01     1.960314E+18     1.960314E+18     3.641692E+02     3.641692E+02     5.453044E+04
    1.484959E-01     1.956339E+18     1.956339E+18     3.587604E+02     3.587604E+02     5.453044E+04
    1.555737E-01     1.952078E+18     1.952078E+18     3.532686E+02     3.532686E+02     5.453044E+04
    1.628070E-01     1.947518E+18     1.947518E+18     3.476970E+02     3.476970E+02     5.453044E+04
    1.701947E-01     1.942647E+18     1.942647E+18     3.420493E+02     3.420493E+02     5.453044E+04
    1.777353E-01     1.937452E+18     1.937452E+18     3.363289E+02     3.363289E+02     5.453044E+04
    1.854275E-01     1.931921E+18     1.931921E+18     3.305393E+02     3.305393E+02     5.453044E+04
    1.932698E-01     1.926041E+18     1.926041E+18     3.246843E+02     3.246843E+02     5.453044E+04
    2.012591E-01     1.919800E+18     1.919800E+18     3.187687E+02     3.187687E+02     5.453044E+04
    2.093949E-01     1.913184E+18     1.913184E+18     3.127955E+02     3.127955E+02     5.453044E+04
    2.176755E-01     1.906182E+18     1.906182E+18     3.067685E+02     3.067685E+02     5.453044E+04
    2.260990E-01     1.898781E+18     1.898781E+18     3.006917E+02     3.006917E+02     5.453044E+04
    2.346633E-01     1.890968E+18     1.890968E+18     2.945693E+02     2.945693E+02     5.453044E+04
    2.433665E-01     1.882730E+18     1.882730E+18     2.884054E+02     2.884054E+02     5.453044E+04
    2.522063E-01     1.874056E+18     1.874056E+18     2.822042E+02     2.822042E+02     5.453044E+04
    2.611804E-01     1.864934E+18     1.864934E+18     2.759700E+02     2.759700E+02     5.453044E+04
    2.702857E-01     1.855352E+18     1.855352E+18     2.697078E+02     2.697078E+02     5.453044E+04
    2.795186E-01     1.845301E+18     1.845301E+18     2.634226E+02     2.634226E+02     5.453044E+04
    2.888781E-01     1.834768E+18     1.834768E+18     2.571179E+02     2.571179E+02     5.453044E+04
    2.983613E-01     1.823741E+18     1.823741E+18     2.507983E+02     2.507983E+02     5.453044E+04
    3.079654E-01     1.812211E+18     1.812211E+18     2.444684E+02     2.444684E+02     5.453044E+04
    3.176875E-01     1.800168E+18     1.800168E+18     2.381330E+02     2.381330E+02     5.453044E+04
    3.275243E-01     1.787601E+18     1.787601E+18     2.317967E+02     2.317967E+02     5.453044E+04
    3.374727E-01     1.774502E+18     1.774502E+18     2.254645E+02     2.254645E+02     5.453044E+04
    3.475294E-01     1.760862E+18     1.760862E+18     2.191410E+02     2.191410E+02     5.453044E+04
    3.576909E-01     1.746673E+18     1.746673E+18     2.128312E+02     2.128312E+02     5.453044E+04
    3.679537E-01     1.731928E+18     1.731928E+18     2.065401E+02     2.065401E+02     5.453044E+04
    3.783141E-01     1.716619E+18     1.716619E+18     2.002724E+02     2.002724E+02     5.453044E+04
    3.887672E-01     1.700743E+18     1.700743E+18     1.940338E+02     1.940338E+02     5.453044E+04
    3.993086E-01     1.684294E+18     1.684294E+18     1.878296E+02     1.878296E+02     5.453044E+04
    4.099357E-01     1.667266E+18     1.667266E+18     1.816637E+02     1.816637E+02     5.453044E+04
    4.206446E-01     1.649655E+18     1.649655E+18     1.755411E+02     1.755411E+02     5.453044E+04
    4.314310E-01     1.631457E+18     1.631457E+18     1.694667E+02     1.694667E+02     5.453044E+04
    4.422906E-01     1.612671E+18     1.612671E+18     1.634453E+02     1.634453E+02     5.453044E+04
    4.532190E-01     1.593293E+18     1.593293E+18     1.574818E+02     1.574818E+02     5.453044E+04
    4.642117E-01     1.573325E+18     1.573325E+18     1.515810E+02     1.515810E+02     5.453044E+04
    4.752641E-01     1.552766E+18     1.552766E+18     1.457476E+02     1.457476E+02     5.453044E+04
    4.863715E-01     1.531617E+18     1.531617E+18     1.399864E+02     1.399864E+02     5.453044E+04
    4.975292E-01     1.509880E+18     1.509880E+18     1.343020E+02     1.343020E+02     5.453044E+04
    5.087322E-01     1.487559E+18     1.487559E+18     1.286988E+02     1.286988E+02     5.453044E+04
    5.199756E-01     1.464658E+18     1.464658E+18     1.231814E+02     1.231814E+02     5.453044E+04
    5.312544E-01     1.441182E+18     1.441182E+18     1.177540E+02     1.177540E+02     5.453044E+04
    5.425633E-01     1.417138E+18     1.417138E+18     1.124209E+02     1.124209E+02     5.453044E+04
    5.538972E-01     1.392532E+18     1.392532E+18     1.071862E+02     1.071862E+02     5.453044E+04
    5.652506E-01     1.367374E+18     1.367374E+18     1.020539E+02     1.020539E+02     5.453044E+04
    5.766180E-01     1.341673E+18     1.341673E+18     9.702798E+01     9.702798E+01     5.453044E+04
    5.879938E-01     1.315441E+18     1.315441E+18     9.211211E+01     9.211211E+01     5.453044E+04
    5.993698E-01     1.288696E+18     1.288696E+18     8.731089E+01     8.731089E+01     5.453044E+04
    6.107343E-01     1.261467E+18     1.261467E+18     8.263011E+01     8.263011E+01     5.453044E+04
    6.220860E-01     1.233758E+18     1.233758E+18     7.807081E+01     7.807081E+01     5.453044E+04
    6.334176E-01     1.205589E+18     1.205589E+18     7.363647E+01     7.363647E+01     5.453044E+04
    6.447208E-01     1.176984E+18     1.176984E+18     6.933060E+01     6.933060E+01     5.453044E+04
    6.559860E-01     1.147971E+18     1.147971E+18     6.515675E+01     6.515675E+01     5.453044E+04
    6.672024E-01     1.118585E+18     1.118585E+18     6.111867E+01     6.111867E+01     5.453044E+04
    6.783565E-01     1.088868E+18     1.088868E+18     5.722043E+01     5.722043E+01     5.453044E+04
    6.894317E-01     1.058874E+18     1.058874E+18     5.346663E+01     5.346663E+01     5.453044E+04
    7.004067E-01     1.028672E+18     1.028672E+18     4.986262E+01     4.986262E+01     5.453044E+04
    7.112254E-01     9.984337E+17     9.984337E+17     4.642382E+01     4.642382E+01     5.453044E+04
    7.218300E-01     9.683437E+17     9.683437E+17     4.316370E+01     4.316370E+01     5.453044E+04
    7.321584E-01     9.386094E+17     9.386094E+17     4.009468E+01     4.009468E+01     5.453044E+04
    7.420852E-01     9.096328E+17     9.096328E+17     3.724448E+01     3.724448E+01     5.453044E+04
    7.514166E-01     8.820386E+17     8.820386E+17     3.465492E+01     3.465492E+01     5.453044E+04
    7.598588E-01     8.567769E+17     8.567769E+17     3.238756E+01     3.238756E+01     5.453044E+04
    7.670286E-01     8.351008E+17     8.351008E+17     3.051855E+01     3.051855E+01     5.453044E+04
    7.725389E-01     8.183035E+17     8.183035E+17     2.911770E+01     2.911770E+01     5.453044E+04
    7.764117E-01     8.064262E+17     8.064262E+17     2.815174E+01     2.815174E+01     5.453044E+04
    7.791002E-01     7.981456E+17     7.981456E+17     2.749018E+01     2.749018E+01     5.453044E+04
    7.808744E-01     7.926656E+17     7.926656E+17     2.705769E+01     2.705769E+01     5.453044E+04
    7.821121E-01     7.888353E+17     7.888353E+17     2.675790E+01     2.675790E+01     5.453044E+04
    7.830231E-01     7.860121E+17     7.860121E+17     2.653824E+01     2.653824E+01     5.453044E+04
    7.837288E-01     7.838228E+17     7.838228E+17     2.636867E+01     2.636867E+01     5.453044E+04
    7.842570E-01     7.821830E+17     7.821830E+17     2.624209E+01     2.624209E+01     5.453044E+04
    7.846804E-01     7.808679E+17     7.808679E+17     2.614084E+01     2.614084E+01     5.453044E+04
    7.850282E-01     7.797869E+17     7.797869E+17     2.605781E+01     2.605781E+01     5.453044E+04
    7.853178E-01     7.788862E+17     7.788862E+17     2.598874E+01     2.598874E+01     5.453044E+04
    7.855633E-01     7.781227E+17     7.781227E+17     2.593028E+01     2.593028E+01     5.453044E+04
    7.857768E-01     7.774586E+17     7.774586E+17     2.587949E+01     2.587949E+01     5.453044E+04
    7.859616E-01     7.768833E+17     7.768833E+17     2.583555E+01     2.583555E+01     5.453044E+04
    7.861247E-01     7.763756E+17     7.763756E+17     2.579681E+01     2.579681E+01     5.453044E+04
    7.862707E-01     7.759212E+17     7.759212E+17     2.576217E+01     2.576217E+01     5.453044E+04
    7.864026E-01     7.755104E+17     7.755104E+17     2.573087E+01     2.573087E+01     5.453044E+04
    7.865223E-01     7.751378E+17     7.751378E+17     2.570251E+01     2.570251E+01     5.453044E+04
    7.866298E-01     7.748027E+17     7.748027E+17     2.567701E+01     2.567701E+01     5.453044E+04
    7.867302E-01     7.744902E+17     7.744902E+17     2.565325E+01     2.565325E+01     5.453044E+04
    7.868249E-01     7.741952E+17     7.741952E+17     2.563083E+01     2.563083E+01     5.453044E+04
    7.869097E-01     7.739309E+17     7.739309E+17     2.561076E+01     2.561076E+01     5.453044E+04
    7.869923E-01     7.736735E+17     7.736735E+17     2.559122E+01     2.559122E+01     5.453044E+04
    7.870676E-01     7.734387E+17     7.734387E+17     2.557340E+01     2.557340E+01     5.453044E+04
    7.871413E-01     7.732090E+17     7.732090E+17     2.555597E+01     2.555597E+01     5.453044E+04
    7.872091E-01     7.729976E+17     7.729976E+17     2.553994E+01     2.553994E+01     5.453044E+04
    7.872768E-01     7.727867E+17     7.727867E+17     2.552396E+01     2.552396E+01     5.453044E+04
    7.873385E-01     7.725943E+17     7.725943E+17     2.550939E+01     2.550939E+01     5.453044E+04
    7.874002E-01     7.724019E+17     7.724019E+17     2.549481E+01     2.549481E+01     5.453044E+04
    7.874590E-01     7.722186E+17     7.722186E+17     2.548093E+01     2.548093E+01     5.453044E+04
    7.875160E-01     7.720407E+17     7.720407E+17     2.546747E+01     2.546747E+01     5.453044E+04
    7.875730E-01     7.718631E+17     7.718631E+17     2.545403E+01     2.545403E+01     5.453044E+04
    7.876269E-01     7.716949E+17     7.716949E+17     2.544131E+01     2.544131E+01     5.453044E+04
    7.876808E-01     7.715267E+17     7.715267E+17     2.542859E+01     2.542859E+01     5.453044E+04
    7.877338E-01     7.713614E+17     7.713614E+17     2.541609E+01     2.541609E+01     5.453044E+04
    7.877861E-01     7.711983E+17     7.711983E+17     2.540377E+01     2.540377E+01     5.453044E+04
    7.878381E-01     7.710361E+17     7.710361E+17     2.539151E+01     2.539151E+01     5.453044E+04
    7.878897E-01     7.708751E+17     7.708751E+17     2.537935E+01     2.537935E+01     5.453044E+04
    7.879413E-01     7.707139E+17     7.707139E+17     2.536718E+01     2.536718E+01     5.453044E+04
    7.879931E-01     7.705524E+17     7.705524E+17     2.535499E+01     2.535499E+01     5.453044E+04
    7.880450E-01     7.703906E+17     7.703906E+17     2.534278E+01     2.534278E+01     5.453044E+04
    7.880977E-01     7.702260E+17     7.702260E+17     2.533036E+01     2.533036E+01     5.453044E+04
    7.881505E-01     7.700613E+17     7.700613E+17     2.531794E+01     2.531794E+01     5.453044E+04
    7.882049E-01     7.698914E+17     7.698914E+17     2.530513E+01     2.530513E+01     5.453044E+04
    7.882595E-01     7.697211E+17     7.697211E+17     2.529230E+01     2.529230E+01     5.453044E+04
    7.883163E-01     7.695436E+17     7.695436E+17     2.527892E+01     2.527892E+01     5.453044E+04
    7.883735E-01     7.693651E+17     7.693651E+17     2.526548E+01     2.526548E+01     5.453044E+04
    7.884338E-01     7.691768E+17     7.691768E+17     2.525129E+01     2.525129E+01     5.453044E+04
    7.884947E-01     7.689866E+17     7.689866E+17     2.523698E+01     2.523698E+01     5.453044E+04
    7.885596E-01     7.687841E+17     7.687841E+17     2.522174E+01     2.522174E+01     5.453044E+04
    7.886262E-01     7.685762E+17     7.685762E+17     2.520611E+01     2.520611E+01     5.453044E+04
    7.886961E-01     7.683578E+17     7.683578E+17     2.518968E+01     2.518968E+01     5.453044E+04
    7.887703E-01     7.681260E+17     7.681260E+17     2.517226E+01     2.517226E+01     5.453044E+04
    7.888478E-01     7.678839E+17     7.678839E+17     2.515408E+01     2.515408E+01     5.453044E+04
    7.889303E-01     7.676262E+17     7.676262E+17     2.513473E+01     2.513473E+01     5.453044E+04
    7.890194E-01     7.673477E+17     7.673477E+17     2.511382E+01     2.511382E+01     5.453044E+04
    7.891147E-01     7.670499E+17     7.670499E+17     2.509148E+01     2.509148E+01     5.453044E+04
    7.892175E-01     7.667286E+17     7.667286E+17     2.506740E+01     2.506740E+01     5.453044E+04
    7.893294E-01     7.663791E+17     7.663791E+17     2.504121E+01     2.504121E+01     5.453044E+04
    7.894519E-01     7.659960E+17     7.659960E+17     2.501253E+01     2.501253E+01     5.453044E+04
    7.895869E-01     7.655740E+17     7.655740E+17     2.498095E+01     2.498095E+01     5.453044E+04
    7.897371E-01     7.651043E+17     7.651043E+17     2.494584E+01     2.494584E+01     5.453044E+04
    7.899071E-01     7.645727E+17     7.645727E+17     2.490613E+01     2.490613E+01     5.453044E+04
    7.900992E-01     7.639718E+17     7.639718E+17     2.486129E+01     2.486129E+01     5.453044E+04
    7.903199E-01     7.632812E+17     7.632812E+17     2.480982E+01     2.480982E+01     5.453044E+04
    7.905769E-01     7.624765E+17     7.624765E+17     2.474993E+01     2.474993E+01     5.453044E+04
    7.908801E-01     7.615272E+17     7.615272E+17     2.467939E+01     2.467939E+01     5.453044E+04
    7.912447E-01     7.603849E+17     7.603849E+17     2.459467E+01     2.459467E+01     5.453044E+04
    7.916913E-01     7.589853E+17     7.589853E+17     2.449111E+01     2.449111E+01     5.453044E+04
    7.922775E-01     7.571469E+17     7.571469E+17     2.435549E+01     2.435549E+01     5.453044E+04
    7.929884E-01     7.549153E+17     7.549153E+17     2.419146E+01     2.419146E+01     5.453044E+04
    7.939667E-01     7.518415E+17     7.518415E+17     2.396665E+01     2.396665E+01     5.453044E+04
    7.952909E-01     7.476744E+17     7.476744E+17     2.366388E+01     2.366388E+01     5.453044E+04
    7.972747E-01     7.414192E+17     7.414192E+17     2.321377E+01     2.321377E+01     5.453044E+04
    8.000725E-01     7.325702E+17     7.325702E+17     2.258590E+01     2.258590E+01     5.453044E+04
    8.042048E-01     7.194441E+17     7.194441E+17     2.167352E+01     2.167352E+01     5.453044E+04
    8.098257E-01     7.014809E+17     7.014809E+17     2.046120E+01     2.046120E+01     5.453044E+04
    8.168450E-01     6.788733E+17     6.788733E+17     1.899398E+01     1.899398E+01     5.453044E+04
    8.249415E-01     6.525537E+17     6.525537E+17     1.736635E+01     1.736635E+01     5.453044E+04
    8.337801E-01     6.235253E+17     6.235253E+17     1.566927E+01     1.566927E+01     5.453044E+04
    8.431507E-01     5.924120E+17     5.924120E+17     1.396155E+01     1.396155E+01     5.453044E+04
    8.527437E-01     5.601997E+17     5.601997E+17     1.231158E+01     1.231158E+01     5.453044E+04
    8.624618E-01     5.271960E+17     5.271960E+17     1.074227E+01     1.074227E+01     5.453044E+04
    8.722549E-01     4.935594E+17     4.935594E+17     9.265665E+00     9.265665E+00     5.453044E+04
    8.820415E-01     4.595656E+17     4.595656E+17     7.895955E+00     7.895955E+00     5.453044E+04
    8.917847E-01     4.253458E+17     4.253458E+17     6.638309E+00     6.638309E+00     5.453044E+04
    9.014802E-01     3.909202E+17     3.909202E+17     5.492591E+00     5.492591E+00     5.453044E+04
    9.110733E-01     3.564919E+17     3.564919E+17     4.463614E+00     4.463614E+00     5.453044E+04
    9.204858E-01     3.223576E+17     3.223576E+17     3.555935E+00     3.555935E+00     5.453044E+04
    9.297598E-01     2.883823E+17     2.883823E+17     2.761067E+00     2.761067E+00     5.453044E+04
    9.388379E-01     2.547951E+17     2.547951E+17     2.079301E+00     2.079301E+00     5.453044E+04
    9.474874E-01     2.224899E+17     2.224899E+17     1.519017E+00     1.519017E+00     5.453044E+04
    9.557936E-01     1.911880E+17     1.911880E+17     1.063546E+00     1.063546E+00     5.453044E+04
    9.636777E-01     1.612241E+17     1.612241E+17     7.065888E-01     7.065888E-01     5.453044E+04
    9.705051E-01     1.350772E+17     1.350772E+17     4.573100E-01     4.573100E-01     5.453044E+04
    9.765033E-01     1.119538E+17     1.119538E+17     2.844856E-01     2.844856E-01     5.453044E+04
    9.815524E-01     9.237879E+16     9.237879E+16     1.728332E-01     1.728332E-01     5.453044E+04
    9.854190E-01     7.731968E+16     7.731968E+16     1.085409E-01     1.085409E-01     5.453044E+04
    9.881760E-01     6.654642E+16     6.654642E+16     7.414335E-02     7.414335E-02     5.453044E+04
    9.902784E-01     5.831030E+16     5.831030E+16     5.444684E-02     5.444684E-02     5.453044E+04
    9.918499E-01     5.214293E+16     5.214293E+16     4.351971E-02     4.351971E-02     5.453044E+04
    9.930025E-01     4.761333E+16     4.761333E+16     3.763451E-02     3.763451E-02     5.453044E+04
    9.938910E-01     4.411767E+16     4.411767E+16     3.436886E-02     3.436886E-02     5.453044E+04
    9.946684E-01     4.105700E+16     4.105700E+16     3.245223E-02     3.245223E-02     5.453044E+04
    9.952471E-01     3.877683E+16     3.877683E+16     3.161734E-02     3.161734E-02     5.453044E+04
    9.957231E-01     3.690024E+16     3.690024E+16     3.132363E-02     3.132363E-02     5.453044E+04
    9.961235E-01     3.532112E+16     3.532112E+16     3.136131E-02     3.136131E-02     5.453044E+04
    9.964627E-01     3.398304E+16     3.398304E+16     3.160399E-02     3.160399E-02     5.453044E+04
    9.967556E-01     3.282701E+16     3.282701E+16     3.197451E-02     3.197451E-02     5.453044E+04
    9.970112E-01     3.181798E+16     3.181798E+16     3.242376E-02     3.242376E-02     5.453044E+04
    9.972359E-01     3.093078E+16     3.093078E+16     3.291870E-02     3.291870E-02     5.453044E+04
    9.974354E-01     3.014281E+16     3.014281E+16     3.343906E-02     3.343906E-02     5.453044E+04
    9.976133E-01     2.944003E+16     2.944003E+16     3.396911E-02     3.396911E-02     5.453044E+04
    9.977742E-01     2.880427E+16     2.880427E+16     3.450368E-02     3.450368E-02     5.453044E+04
    9.979203E-01     2.822692E+16     2.822692E+16     3.503568E-02     3.503568E-02     5.453044E+04
    9.980537E-01     2.769966E+16     2.769966E+16     3.556120E-02     3.556120E-02     5.453044E+04
    9.981765E-01     2.721449E+16     2.721449E+16     3.607908E-02     3.607908E-02     5.453044E+04
    9.982905E-01     2.676394E+16     2.676394E+16     3.659016E-02     3.659016E-02     5.453044E+04
    9.983954E-01     2.634922E+16     2.634922E+16     3.708685E-02     3.708685E-02     5.453044E+04
    9.984923E-01     2.596589E+16     2.596589E+16     3.756884E-02     3.756884E-02     5.453044E+04
    9.985847E-01     2.560067E+16     2.560067E+16     3.804893E-02     3.804893E-02     5.453044E+04
    9.986705E-01     2.526140E+16     2.526140E+16     3.851358E-02     3.851358E-02     5.453044E+04
    9.987513E-01     2.494165E+16     2.494165E+16     3.896828E-02     3.896828E-02     5.453044E+04
    9.988289E-01     2.463479E+16     2.463479E+16     3.942026E-02     3.942026E-02     5.453044E+04
    9.989010E-01     2.434953E+16     2.434953E+16     3.985441E-02     3.985441E-02     5.453044E+04
    9.989713E-01     2.407155E+16     2.407155E+16     4.029070E-02     4.029070E-02     5.453044E+04
    9.990371E-01     2.381128E+16     2.381128E+16     4.071122E-02     4.071122E-02     5.453044E+04
    9.991010E-01     2.355861E+16     2.355861E+16     4.113082E-02     4.113082E-02     5.453044E+04
    9.991624E-01     2.331562E+16     2.331562E+16     4.154506E-02     4.154506E-02     5.453044E+04
    9.992207E-01     2.308467E+16     2.308467E+16     4.194871E-02     4.194871E-02     5.453044E+04
    9.992791E-01     2.285370E+16     2.285370E+16     4.236223E-02     4.236223E-02     5.453044E+04
    9.993330E-01     2.264052E+16     2.264052E+16     4.275279E-02     4.275279E-02     5.453044E+04
    9.993868E-01     2.242768E+16     2.242768E+16     4.315140E-02     4.315140E-02     5.453044E+04
    9.994394E-01     2.221925E+16     2.221925E+16     4.355025E-02     4.355025E-02     5.453044E+04
    9.994895E-01     2.202092E+16     2.202092E+16     4.393775E-02     4.393775E-02     5.453044E+04
    9.995396E-01     2.182258E+16     2.182258E+16     4.433316E-02     4.433316E-02     5.453044E+04
    9.995886E-01     2.162894E+16     2.162894E+16     4.472693E-02     4.472693E-02     5.453044E+04
    9.996359E-01     2.144150E+16     2.144150E+16     4.511553E-02     4.511553E-02     5.453044E+04
    9.996833E-01     2.125404E+16     2.125404E+16     4.551156E-02     4.551156E-02     5.453044E+04
    9.997299E-01     2.106943E+16     2.106943E+16     4.590894E-02     4.590894E-02     5.453044E+04
    9.997754E-01     2.088925E+16     2.088925E+16     4.630396E-02     4.630396E-02     5.453044E+04
    9.998209E-01     2.070905E+16     2.070905E+16     4.670621E-02     4.670621E-02     5.453044E+04
    9.998662E-01     2.052969E+16     2.052969E+16     4.711388E-02     4.711388E-02     5.453044E+04
    9.999108E-01     2.035314E+16     2.035314E+16     4.752237E-02     4.752237E-02     5.453044E+04
    9.999554E-01     2.017658E+16     2.017658E+16     4.793814E-02     4.793814E-02     5.453044E+04
    1.000000E+00     2.000000E+16     2.000000E+16     4.836137E-02     4.836137E-02     5.453044E+04
