    8    1  202   5.00
  +2.0039e+00  +6.2184e-01  +5.8460e-01
  +1.9956e+00  +6.1927e-01  +5.9929e-01
  +1.9874e+00  +6.1671e-01  +6.1398e-01
  +1.9791e+00  +6.1414e-01  +6.2867e-01
  +1.9708e+00  +6.1158e-01  +6.4336e-01
  +1.9625e+00  +6.0901e-01  +6.5804e-01
  +1.9543e+00  +6.0645e-01  +6.7273e-01
  +1.9460e+00  +6.0388e-01  +6.8742e-01
  +1.9377e+00  +6.0132e-01  +7.0211e-01
  +1.9295e+00  +5.9875e-01  +7.1680e-01
  +1.9212e+00  +5.9618e-01  +7.3149e-01
  +1.9129e+00  +5.9362e-01  +7.4618e-01
  +1.9047e+00  +5.9105e-01  +7.6087e-01
  +1.8964e+00  +5.8849e-01  +7.7556e-01
  +1.8881e+00  +5.8592e-01  +7.9024e-01
  +1.8799e+00  +5.8336e-01  +8.0493e-01
  +1.8716e+00  +5.8079e-01  +8.1962e-01
  +1.8633e+00  +5.7822e-01  +8.3431e-01
  +1.8551e+00  +5.7566e-01  +8.4900e-01
  +1.8504e+00  +5.9041e-01  +8.4900e-01
  +1.8457e+00  +6.0513e-01  +8.4900e-01
  +1.8408e+00  +6.1980e-01  +8.4900e-01
  +1.8358e+00  +6.3444e-01  +8.4900e-01
  +1.8307e+00  +6.4904e-01  +8.4900e-01
  +1.8255e+00  +6.6359e-01  +8.4900e-01
  +1.8201e+00  +6.7811e-01  +8.4900e-01
  +1.8147e+00  +6.9258e-01  +8.4900e-01
  +1.8091e+00  +7.0701e-01  +8.4900e-01
  +1.8034e+00  +7.2139e-01  +8.4900e-01
  +1.7976e+00  +7.3573e-01  +8.4900e-01
  +1.7917e+00  +7.5002e-01  +8.4900e-01
  +1.7857e+00  +7.6426e-01  +8.4900e-01
  +1.7795e+00  +7.7845e-01  +8.4900e-01
  +1.7733e+00  +7.9260e-01  +8.4900e-01
  +1.7669e+00  +8.0669e-01  +8.4900e-01
  +1.7604e+00  +8.2073e-01  +8.4900e-01
  +1.7538e+00  +8.3472e-01  +8.4900e-01
  +1.7471e+00  +8.4866e-01  +8.4900e-01
  +1.7403e+00  +8.6255e-01  +8.4900e-01
  +1.7334e+00  +8.7638e-01  +8.4900e-01
  +1.7264e+00  +8.9015e-01  +8.4900e-01
  +1.7192e+00  +9.0387e-01  +8.4900e-01
  +1.7120e+00  +9.1753e-01  +8.4900e-01
  +1.7046e+00  +9.3113e-01  +8.4900e-01
  +1.6971e+00  +9.4468e-01  +8.4900e-01
  +1.6896e+00  +9.5816e-01  +8.4900e-01
  +1.6819e+00  +9.7158e-01  +8.4900e-01
  +1.6741e+00  +9.8494e-01  +8.4900e-01
  +1.6662e+00  +9.9824e-01  +8.4900e-01
  +1.6582e+00  +1.0115e+00  +8.4900e-01
  +1.6501e+00  +1.0246e+00  +8.4900e-01
  +1.6419e+00  +1.0378e+00  +8.4900e-01
  +1.6336e+00  +1.0508e+00  +8.4900e-01
  +1.6251e+00  +1.0638e+00  +8.4900e-01
  +1.6166e+00  +1.0767e+00  +8.4900e-01
  +1.6080e+00  +1.0895e+00  +8.4900e-01
  +1.5993e+00  +1.1023e+00  +8.4900e-01
  +1.5904e+00  +1.1150e+00  +8.4900e-01
  +1.5815e+00  +1.1276e+00  +8.4900e-01
  +1.5725e+00  +1.1402e+00  +8.4900e-01
  +1.5633e+00  +1.1527e+00  +8.4900e-01
  +1.5541e+00  +1.1651e+00  +8.4900e-01
  +1.5448e+00  +1.1774e+00  +8.4900e-01
  +1.5354e+00  +1.1897e+00  +8.4900e-01
  +1.5258e+00  +1.2018e+00  +8.4900e-01
  +1.5162e+00  +1.2140e+00  +8.4900e-01
  +1.5065e+00  +1.2260e+00  +8.4900e-01
  +1.4967e+00  +1.2380e+00  +8.4900e-01
  +1.4868e+00  +1.2498e+00  +8.4900e-01
  +1.4768e+00  +1.2616e+00  +8.4900e-01
  +1.4667e+00  +1.2733e+00  +8.4900e-01
  +1.4565e+00  +1.2850e+00  +8.4900e-01
  +1.4462e+00  +1.2965e+00  +8.4900e-01
  +1.4359e+00  +1.3080e+00  +8.4900e-01
  +1.4254e+00  +1.3194e+00  +8.4900e-01
  +1.4149e+00  +1.3307e+00  +8.4900e-01
  +1.4042e+00  +1.3419e+00  +8.4900e-01
  +1.3935e+00  +1.3531e+00  +8.4900e-01
  +1.3827e+00  +1.3641e+00  +8.4900e-01
  +1.3718e+00  +1.3751e+00  +8.4900e-01
  +1.3608e+00  +1.3860e+00  +8.4900e-01
  +1.3497e+00  +1.3968e+00  +8.4900e-01
  +1.3385e+00  +1.4075e+00  +8.4900e-01
  +1.3273e+00  +1.4181e+00  +8.4900e-01
  +1.3160e+00  +1.4286e+00  +8.4900e-01
  +1.3045e+00  +1.4390e+00  +8.4900e-01
  +1.2930e+00  +1.4494e+00  +8.4900e-01
  +1.2815e+00  +1.4596e+00  +8.4900e-01
  +1.2698e+00  +1.4698e+00  +8.4900e-01
  +1.2580e+00  +1.4799e+00  +8.4900e-01
  +1.2462e+00  +1.4898e+00  +8.4900e-01
  +1.2343e+00  +1.4997e+00  +8.4900e-01
  +1.2223e+00  +1.5095e+00  +8.4900e-01
  +1.2103e+00  +1.5192e+00  +8.4900e-01
  +1.1982e+00  +1.5288e+00  +8.4900e-01
  +1.1859e+00  +1.5382e+00  +8.4900e-01
  +1.1737e+00  +1.5476e+00  +8.4900e-01
  +1.1613e+00  +1.5569e+00  +8.4900e-01
  +1.1489e+00  +1.5661e+00  +8.4900e-01
  +1.1364e+00  +1.5752e+00  +8.4900e-01
  +1.1238e+00  +1.5842e+00  +8.4900e-01
  +1.1238e+00  +1.5842e+00  +8.4900e-01
  +1.1288e+00  +1.5913e+00  +8.3431e-01
  +1.1338e+00  +1.5984e+00  +8.1962e-01
  +1.1388e+00  +1.6054e+00  +8.0493e-01
  +1.1438e+00  +1.6125e+00  +7.9024e-01
  +1.1488e+00  +1.6195e+00  +7.7556e-01
  +1.1538e+00  +1.6266e+00  +7.6087e-01
  +1.1588e+00  +1.6337e+00  +7.4618e-01
  +1.1638e+00  +1.6407e+00  +7.3149e-01
  +1.1689e+00  +1.6478e+00  +7.1680e-01
  +1.1739e+00  +1.6548e+00  +7.0211e-01
  +1.1789e+00  +1.6619e+00  +6.8742e-01
  +1.1839e+00  +1.6690e+00  +6.7273e-01
  +1.1889e+00  +1.6760e+00  +6.5804e-01
  +1.1939e+00  +1.6831e+00  +6.4336e-01
  +1.1989e+00  +1.6901e+00  +6.2867e-01
  +1.2039e+00  +1.6972e+00  +6.1398e-01
  +1.2089e+00  +1.7043e+00  +5.9929e-01
  +1.2139e+00  +1.7113e+00  +5.8460e-01
  +1.2275e+00  +1.7016e+00  +5.8460e-01
  +1.2410e+00  +1.6918e+00  +5.8460e-01
  +1.2545e+00  +1.6818e+00  +5.8460e-01
  +1.2678e+00  +1.6718e+00  +5.8460e-01
  +1.2811e+00  +1.6616e+00  +5.8460e-01
  +1.2943e+00  +1.6514e+00  +5.8460e-01
  +1.3074e+00  +1.6410e+00  +5.8460e-01
  +1.3204e+00  +1.6306e+00  +5.8460e-01
  +1.3333e+00  +1.6200e+00  +5.8460e-01
  +1.3462e+00  +1.6093e+00  +5.8460e-01
  +1.3590e+00  +1.5986e+00  +5.8460e-01
  +1.3717e+00  +1.5877e+00  +5.8460e-01
  +1.3843e+00  +1.5767e+00  +5.8460e-01
  +1.3968e+00  +1.5657e+00  +5.8460e-01
  +1.4092e+00  +1.5545e+00  +5.8460e-01
  +1.4215e+00  +1.5432e+00  +5.8460e-01
  +1.4338e+00  +1.5318e+00  +5.8460e-01
  +1.4459e+00  +1.5204e+00  +5.8460e-01
  +1.4580e+00  +1.5088e+00  +5.8460e-01
  +1.4699e+00  +1.4972e+00  +5.8460e-01
  +1.4818e+00  +1.4854e+00  +5.8460e-01
  +1.4936e+00  +1.4736e+00  +5.8460e-01
  +1.5053e+00  +1.4616e+00  +5.8460e-01
  +1.5169e+00  +1.4496e+00  +5.8460e-01
  +1.5284e+00  +1.4375e+00  +5.8460e-01
  +1.5398e+00  +1.4253e+00  +5.8460e-01
  +1.5511e+00  +1.4130e+00  +5.8460e-01
  +1.5623e+00  +1.4006e+00  +5.8460e-01
  +1.5734e+00  +1.3881e+00  +5.8460e-01
  +1.5844e+00  +1.3755e+00  +5.8460e-01
  +1.5953e+00  +1.3628e+00  +5.8460e-01
  +1.6061e+00  +1.3501e+00  +5.8460e-01
  +1.6168e+00  +1.3373e+00  +5.8460e-01
  +1.6274e+00  +1.3243e+00  +5.8460e-01
  +1.6379e+00  +1.3113e+00  +5.8460e-01
  +1.6483e+00  +1.2983e+00  +5.8460e-01
  +1.6585e+00  +1.2851e+00  +5.8460e-01
  +1.6687e+00  +1.2719e+00  +5.8460e-01
  +1.6788e+00  +1.2585e+00  +5.8460e-01
  +1.6888e+00  +1.2451e+00  +5.8460e-01
  +1.6986e+00  +1.2316e+00  +5.8460e-01
  +1.7084e+00  +1.2181e+00  +5.8460e-01
  +1.7180e+00  +1.2044e+00  +5.8460e-01
  +1.7276e+00  +1.1907e+00  +5.8460e-01
  +1.7370e+00  +1.1769e+00  +5.8460e-01
  +1.7463e+00  +1.1630e+00  +5.8460e-01
  +1.7555e+00  +1.1491e+00  +5.8460e-01
  +1.7646e+00  +1.1351e+00  +5.8460e-01
  +1.7736e+00  +1.1210e+00  +5.8460e-01
  +1.7825e+00  +1.1068e+00  +5.8460e-01
  +1.7912e+00  +1.0926e+00  +5.8460e-01
  +1.7999e+00  +1.0783e+00  +5.8460e-01
  +1.8084e+00  +1.0640e+00  +5.8460e-01
  +1.8168e+00  +1.0495e+00  +5.8460e-01
  +1.8251e+00  +1.0350e+00  +5.8460e-01
  +1.8333e+00  +1.0205e+00  +5.8460e-01
  +1.8413e+00  +1.0058e+00  +5.8460e-01
  +1.8493e+00  +9.9114e-01  +5.8460e-01
  +1.8571e+00  +9.7638e-01  +5.8460e-01
  +1.8648e+00  +9.6156e-01  +5.8460e-01
  +1.8724e+00  +9.4668e-01  +5.8460e-01
  +1.8799e+00  +9.3174e-01  +5.8460e-01
  +1.8873e+00  +9.1675e-01  +5.8460e-01
  +1.8945e+00  +9.0169e-01  +5.8460e-01
  +1.9016e+00  +8.8658e-01  +5.8460e-01
  +1.9086e+00  +8.7141e-01  +5.8460e-01
  +1.9155e+00  +8.5618e-01  +5.8460e-01
  +1.9223e+00  +8.4090e-01  +5.8460e-01
  +1.9289e+00  +8.2557e-01  +5.8460e-01
  +1.9354e+00  +8.1018e-01  +5.8460e-01
  +1.9418e+00  +7.9475e-01  +5.8460e-01
  +1.9481e+00  +7.7926e-01  +5.8460e-01
  +1.9542e+00  +7.6373e-01  +5.8460e-01
  +1.9602e+00  +7.4814e-01  +5.8460e-01
  +1.9661e+00  +7.3251e-01  +5.8460e-01
  +1.9719e+00  +7.1683e-01  +5.8460e-01
  +1.9775e+00  +7.0110e-01  +5.8460e-01
  +1.9831e+00  +6.8534e-01  +5.8460e-01
  +1.9885e+00  +6.6952e-01  +5.8460e-01
  +1.9937e+00  +6.5367e-01  +5.8460e-01
  +1.9989e+00  +6.3778e-01  +5.8460e-01
  +2.0039e+00  +6.2184e-01  +5.8460e-01
  +9.7725e-01  +1.8567e+00  +5.8460e-01
  +9.7322e-01  +1.8490e+00  +5.9929e-01
  +9.6919e-01  +1.8413e+00  +6.1398e-01
  +9.6516e-01  +1.8337e+00  +6.2867e-01
  +9.6113e-01  +1.8260e+00  +6.4336e-01
  +9.5709e-01  +1.8184e+00  +6.5804e-01
  +9.5306e-01  +1.8107e+00  +6.7273e-01
  +9.4903e-01  +1.8030e+00  +6.8742e-01
  +9.4500e-01  +1.7954e+00  +7.0211e-01
  +9.4097e-01  +1.7877e+00  +7.1680e-01
  +9.3693e-01  +1.7801e+00  +7.3149e-01
  +9.3290e-01  +1.7724e+00  +7.4618e-01
  +9.2887e-01  +1.7647e+00  +7.6087e-01
  +9.2484e-01  +1.7571e+00  +7.7556e-01
  +9.2081e-01  +1.7494e+00  +7.9024e-01
  +9.1677e-01  +1.7418e+00  +8.0493e-01
  +9.1274e-01  +1.7341e+00  +8.1962e-01
  +9.0871e-01  +1.7264e+00  +8.3431e-01
  +9.0468e-01  +1.7188e+00  +8.4900e-01
  +8.9096e-01  +1.7259e+00  +8.4900e-01
  +8.7719e-01  +1.7330e+00  +8.4900e-01
  +8.6337e-01  +1.7399e+00  +8.4900e-01
  +8.4949e-01  +1.7467e+00  +8.4900e-01
  +8.3555e-01  +1.7534e+00  +8.4900e-01
  +8.2156e-01  +1.7600e+00  +8.4900e-01
  +8.0752e-01  +1.7665e+00  +8.4900e-01
  +7.9343e-01  +1.7729e+00  +8.4900e-01
  +7.7929e-01  +1.7791e+00  +8.4900e-01
  +7.6510e-01  +1.7853e+00  +8.4900e-01
  +7.5086e-01  +1.7913e+00  +8.4900e-01
  +7.3657e-01  +1.7973e+00  +8.4900e-01
  +7.2224e-01  +1.8031e+00  +8.4900e-01
  +7.0786e-01  +1.8088e+00  +8.4900e-01
  +6.9343e-01  +1.8143e+00  +8.4900e-01
  +6.7897e-01  +1.8198e+00  +8.4900e-01
  +6.6445e-01  +1.8251e+00  +8.4900e-01
  +6.4990e-01  +1.8304e+00  +8.4900e-01
  +6.3530e-01  +1.8355e+00  +8.4900e-01
  +6.2067e-01  +1.8405e+00  +8.4900e-01
  +6.0599e-01  +1.8454e+00  +8.4900e-01
  +5.9128e-01  +1.8501e+00  +8.4900e-01
  +5.7653e-01  +1.8548e+00  +8.4900e-01
  +5.6174e-01  +1.8593e+00  +8.4900e-01
  +5.4692e-01  +1.8637e+00  +8.4900e-01
  +5.3206e-01  +1.8680e+00  +8.4900e-01
  +5.1717e-01  +1.8722e+00  +8.4900e-01
  +5.0225e-01  +1.8763e+00  +8.4900e-01
  +4.8729e-01  +1.8802e+00  +8.4900e-01
  +4.7231e-01  +1.8840e+00  +8.4900e-01
  +4.5729e-01  +1.8877e+00  +8.4900e-01
  +4.4224e-01  +1.8913e+00  +8.4900e-01
  +4.2717e-01  +1.8948e+00  +8.4900e-01
  +4.1207e-01  +1.8981e+00  +8.4900e-01
  +3.9695e-01  +1.9013e+00  +8.4900e-01
  +3.8179e-01  +1.9044e+00  +8.4900e-01
  +3.6662e-01  +1.9074e+00  +8.4900e-01
  +3.5142e-01  +1.9103e+00  +8.4900e-01
  +3.3619e-01  +1.9130e+00  +8.4900e-01
  +3.2095e-01  +1.9156e+00  +8.4900e-01
  +3.0569e-01  +1.9181e+00  +8.4900e-01
  +2.9041e-01  +1.9205e+00  +8.4900e-01
  +2.7510e-01  +1.9228e+00  +8.4900e-01
  +2.5979e-01  +1.9249e+00  +8.4900e-01
  +2.4445e-01  +1.9269e+00  +8.4900e-01
  +2.2910e-01  +1.9288e+00  +8.4900e-01
  +2.1374e-01  +1.9305e+00  +8.4900e-01
  +1.9836e-01  +1.9322e+00  +8.4900e-01
  +1.8297e-01  +1.9337e+00  +8.4900e-01
  +1.6756e-01  +1.9351e+00  +8.4900e-01
  +1.5215e-01  +1.9364e+00  +8.4900e-01
  +1.3673e-01  +1.9375e+00  +8.4900e-01
  +1.2130e-01  +1.9385e+00  +8.4900e-01
  +1.0586e-01  +1.9394e+00  +8.4900e-01
  +9.0410e-02  +1.9402e+00  +8.4900e-01
  +7.4958e-02  +1.9409e+00  +8.4900e-01
  +5.9502e-02  +1.9414e+00  +8.4900e-01
  +4.4041e-02  +1.9418e+00  +8.4900e-01
  +2.8579e-02  +1.9421e+00  +8.4900e-01
  +1.3113e-02  +1.9423e+00  +8.4900e-01
  -2.3518e-03  +1.9423e+00  +8.4900e-01
  -1.7818e-02  +1.9423e+00  +8.4900e-01
  -3.3282e-02  +1.9420e+00  +8.4900e-01
  -4.8745e-02  +1.9417e+00  +8.4900e-01
  -6.4203e-02  +1.9413e+00  +8.4900e-01
  -7.9660e-02  +1.9407e+00  +8.4900e-01
  -9.5109e-02  +1.9400e+00  +8.4900e-01
  -1.1055e-01  +1.9392e+00  +8.4900e-01
  -1.2599e-01  +1.9382e+00  +8.4900e-01
  -1.4142e-01  +1.9372e+00  +8.4900e-01
  -1.5684e-01  +1.9360e+00  +8.4900e-01
  -1.7225e-01  +1.9347e+00  +8.4900e-01
  -1.8765e-01  +1.9332e+00  +8.4900e-01
  -2.0304e-01  +1.9317e+00  +8.4900e-01
  -2.1841e-01  +1.9300e+00  +8.4900e-01
  -2.3377e-01  +1.9282e+00  +8.4900e-01
  -2.4912e-01  +1.9263e+00  +8.4900e-01
  -2.6445e-01  +1.9242e+00  +8.4900e-01
  -2.7976e-01  +1.9221e+00  +8.4900e-01
  -2.9506e-01  +1.9198e+00  +8.4900e-01
  -3.1033e-01  +1.9174e+00  +8.4900e-01
  -3.2559e-01  +1.9148e+00  +8.4900e-01
  -3.2559e-01  +1.9148e+00  +8.4900e-01
  -3.2704e-01  +1.9234e+00  +8.3431e-01
  -3.2849e-01  +1.9319e+00  +8.1962e-01
  -3.2994e-01  +1.9405e+00  +8.0493e-01
  -3.3140e-01  +1.9490e+00  +7.9024e-01
  -3.3285e-01  +1.9575e+00  +7.7556e-01
  -3.3430e-01  +1.9661e+00  +7.6087e-01
  -3.3575e-01  +1.9746e+00  +7.4618e-01
  -3.3720e-01  +1.9831e+00  +7.3149e-01
  -3.3865e-01  +1.9917e+00  +7.1680e-01
  -3.4010e-01  +2.0002e+00  +7.0211e-01
  -3.4155e-01  +2.0087e+00  +6.8742e-01
  -3.4300e-01  +2.0173e+00  +6.7273e-01
  -3.4446e-01  +2.0258e+00  +6.5804e-01
  -3.4591e-01  +2.0343e+00  +6.4336e-01
  -3.4736e-01  +2.0429e+00  +6.2867e-01
  -3.4881e-01  +2.0514e+00  +6.1398e-01
  -3.5026e-01  +2.0599e+00  +5.9929e-01
  -3.5171e-01  +2.0685e+00  +5.8460e-01
  -3.3523e-01  +2.0712e+00  +5.8460e-01
  -3.1873e-01  +2.0738e+00  +5.8460e-01
  -3.0221e-01  +2.0763e+00  +5.8460e-01
  -2.8566e-01  +2.0786e+00  +5.8460e-01
  -2.6910e-01  +2.0808e+00  +5.8460e-01
  -2.5253e-01  +2.0829e+00  +5.8460e-01
  -2.3593e-01  +2.0848e+00  +5.8460e-01
  -2.1933e-01  +2.0867e+00  +5.8460e-01
  -2.0270e-01  +2.0883e+00  +5.8460e-01
  -1.8607e-01  +2.0899e+00  +5.8460e-01
  -1.6942e-01  +2.0913e+00  +5.8460e-01
  -1.5277e-01  +2.0926e+00  +5.8460e-01
  -1.3610e-01  +2.0937e+00  +5.8460e-01
  -1.1942e-01  +2.0948e+00  +5.8460e-01
  -1.0274e-01  +2.0956e+00  +5.8460e-01
  -8.6050e-02  +2.0964e+00  +5.8460e-01
  -6.9354e-02  +2.0970e+00  +5.8460e-01
  -5.2656e-02  +2.0975e+00  +5.8460e-01
  -3.5952e-02  +2.0978e+00  +5.8460e-01
  -1.9248e-02  +2.0981e+00  +5.8460e-01
  -2.5405e-03  +2.0982e+00  +5.8460e-01
  +1.4165e-02  +2.0981e+00  +5.8460e-01
  +3.0871e-02  +2.0979e+00  +5.8460e-01
  +4.7574e-02  +2.0976e+00  +5.8460e-01
  +6.4276e-02  +2.0972e+00  +5.8460e-01
  +8.0971e-02  +2.0966e+00  +5.8460e-01
  +9.7663e-02  +2.0959e+00  +5.8460e-01
  +1.1435e-01  +2.0950e+00  +5.8460e-01
  +1.3103e-01  +2.0941e+00  +5.8460e-01
  +1.4770e-01  +2.0929e+00  +5.8460e-01
  +1.6436e-01  +2.0917e+00  +5.8460e-01
  +1.8101e-01  +2.0903e+00  +5.8460e-01
  +1.9764e-01  +2.0888e+00  +5.8460e-01
  +2.1427e-01  +2.0872e+00  +5.8460e-01
  +2.3088e-01  +2.0854e+00  +5.8460e-01
  +2.4748e-01  +2.0835e+00  +5.8460e-01
  +2.6406e-01  +2.0815e+00  +5.8460e-01
  +2.8063e-01  +2.0793e+00  +5.8460e-01
  +2.9717e-01  +2.0770e+00  +5.8460e-01
  +3.1370e-01  +2.0746e+00  +5.8460e-01
  +3.3021e-01  +2.0720e+00  +5.8460e-01
  +3.4670e-01  +2.0693e+00  +5.8460e-01
  +3.6316e-01  +2.0665e+00  +5.8460e-01
  +3.7961e-01  +2.0635e+00  +5.8460e-01
  +3.9603e-01  +2.0604e+00  +5.8460e-01
  +4.1242e-01  +2.0572e+00  +5.8460e-01
  +4.2879e-01  +2.0539e+00  +5.8460e-01
  +4.4513e-01  +2.0504e+00  +5.8460e-01
  +4.6144e-01  +2.0468e+00  +5.8460e-01
  +4.7772e-01  +2.0430e+00  +5.8460e-01
  +4.9398e-01  +2.0392e+00  +5.8460e-01
  +5.1020e-01  +2.0352e+00  +5.8460e-01
  +5.2639e-01  +2.0310e+00  +5.8460e-01
  +5.4254e-01  +2.0268e+00  +5.8460e-01
  +5.5866e-01  +2.0224e+00  +5.8460e-01
  +5.7475e-01  +2.0179e+00  +5.8460e-01
  +5.9080e-01  +2.0133e+00  +5.8460e-01
  +6.0681e-01  +2.0085e+00  +5.8460e-01
  +6.2278e-01  +2.0036e+00  +5.8460e-01
  +6.3872e-01  +1.9986e+00  +5.8460e-01
  +6.5461e-01  +1.9934e+00  +5.8460e-01
  +6.7046e-01  +1.9881e+00  +5.8460e-01
  +6.8627e-01  +1.9827e+00  +5.8460e-01
  +7.0204e-01  +1.9772e+00  +5.8460e-01
  +7.1776e-01  +1.9716e+00  +5.8460e-01
  +7.3343e-01  +1.9658e+00  +5.8460e-01
  +7.4906e-01  +1.9599e+00  +5.8460e-01
  +7.6464e-01  +1.9539e+00  +5.8460e-01
  +7.8018e-01  +1.9477e+00  +5.8460e-01
  +7.9566e-01  +1.9414e+00  +5.8460e-01
  +8.1109e-01  +1.9350e+00  +5.8460e-01
  +8.2648e-01  +1.9285e+00  +5.8460e-01
  +8.4180e-01  +1.9219e+00  +5.8460e-01
  +8.5708e-01  +1.9151e+00  +5.8460e-01
  +8.7230e-01  +1.9082e+00  +5.8460e-01
  +8.8747e-01  +1.9012e+00  +5.8460e-01
  +9.0258e-01  +1.8941e+00  +5.8460e-01
  +9.1763e-01  +1.8868e+00  +5.8460e-01
  +9.3263e-01  +1.8795e+00  +5.8460e-01
  +9.4756e-01  +1.8720e+00  +5.8460e-01
  +9.6244e-01  +1.8644e+00  +5.8460e-01
  +9.7725e-01  +1.8567e+00  +5.8460e-01
  -6.2184e-01  +2.0039e+00  +5.8460e-01
  -6.1927e-01  +1.9956e+00  +5.9929e-01
  -6.1671e-01  +1.9874e+00  +6.1398e-01
  -6.1414e-01  +1.9791e+00  +6.2867e-01
  -6.1158e-01  +1.9708e+00  +6.4336e-01
  -6.0901e-01  +1.9625e+00  +6.5804e-01
  -6.0645e-01  +1.9543e+00  +6.7273e-01
  -6.0388e-01  +1.9460e+00  +6.8742e-01
  -6.0132e-01  +1.9377e+00  +7.0211e-01
  -5.9875e-01  +1.9295e+00  +7.1680e-01
  -5.9618e-01  +1.9212e+00  +7.3149e-01
  -5.9362e-01  +1.9129e+00  +7.4618e-01
  -5.9105e-01  +1.9047e+00  +7.6087e-01
  -5.8849e-01  +1.8964e+00  +7.7556e-01
  -5.8592e-01  +1.8881e+00  +7.9024e-01
  -5.8336e-01  +1.8799e+00  +8.0493e-01
  -5.8079e-01  +1.8716e+00  +8.1962e-01
  -5.7822e-01  +1.8633e+00  +8.3431e-01
  -5.7566e-01  +1.8551e+00  +8.4900e-01
  -5.9041e-01  +1.8504e+00  +8.4900e-01
  -6.0513e-01  +1.8457e+00  +8.4900e-01
  -6.1980e-01  +1.8408e+00  +8.4900e-01
  -6.3444e-01  +1.8358e+00  +8.4900e-01
  -6.4904e-01  +1.8307e+00  +8.4900e-01
  -6.6359e-01  +1.8255e+00  +8.4900e-01
  -6.7811e-01  +1.8201e+00  +8.4900e-01
  -6.9258e-01  +1.8147e+00  +8.4900e-01
  -7.0701e-01  +1.8091e+00  +8.4900e-01
  -7.2139e-01  +1.8034e+00  +8.4900e-01
  -7.3573e-01  +1.7976e+00  +8.4900e-01
  -7.5002e-01  +1.7917e+00  +8.4900e-01
  -7.6426e-01  +1.7857e+00  +8.4900e-01
  -7.7845e-01  +1.7795e+00  +8.4900e-01
  -7.9260e-01  +1.7733e+00  +8.4900e-01
  -8.0669e-01  +1.7669e+00  +8.4900e-01
  -8.2073e-01  +1.7604e+00  +8.4900e-01
  -8.3472e-01  +1.7538e+00  +8.4900e-01
  -8.4866e-01  +1.7471e+00  +8.4900e-01
  -8.6255e-01  +1.7403e+00  +8.4900e-01
  -8.7638e-01  +1.7334e+00  +8.4900e-01
  -8.9015e-01  +1.7264e+00  +8.4900e-01
  -9.0387e-01  +1.7192e+00  +8.4900e-01
  -9.1753e-01  +1.7120e+00  +8.4900e-01
  -9.3113e-01  +1.7046e+00  +8.4900e-01
  -9.4468e-01  +1.6971e+00  +8.4900e-01
  -9.5816e-01  +1.6896e+00  +8.4900e-01
  -9.7158e-01  +1.6819e+00  +8.4900e-01
  -9.8494e-01  +1.6741e+00  +8.4900e-01
  -9.9824e-01  +1.6662e+00  +8.4900e-01
  -1.0115e+00  +1.6582e+00  +8.4900e-01
  -1.0246e+00  +1.6501e+00  +8.4900e-01
  -1.0378e+00  +1.6419e+00  +8.4900e-01
  -1.0508e+00  +1.6336e+00  +8.4900e-01
  -1.0638e+00  +1.6251e+00  +8.4900e-01
  -1.0767e+00  +1.6166e+00  +8.4900e-01
  -1.0895e+00  +1.6080e+00  +8.4900e-01
  -1.1023e+00  +1.5993e+00  +8.4900e-01
  -1.1150e+00  +1.5904e+00  +8.4900e-01
  -1.1276e+00  +1.5815e+00  +8.4900e-01
  -1.1402e+00  +1.5725e+00  +8.4900e-01
  -1.1527e+00  +1.5633e+00  +8.4900e-01
  -1.1651e+00  +1.5541e+00  +8.4900e-01
  -1.1774e+00  +1.5448e+00  +8.4900e-01
  -1.1897e+00  +1.5354e+00  +8.4900e-01
  -1.2018e+00  +1.5258e+00  +8.4900e-01
  -1.2140e+00  +1.5162e+00  +8.4900e-01
  -1.2260e+00  +1.5065e+00  +8.4900e-01
  -1.2380e+00  +1.4967e+00  +8.4900e-01
  -1.2498e+00  +1.4868e+00  +8.4900e-01
  -1.2616e+00  +1.4768e+00  +8.4900e-01
  -1.2733e+00  +1.4667e+00  +8.4900e-01
  -1.2850e+00  +1.4565e+00  +8.4900e-01
  -1.2965e+00  +1.4462e+00  +8.4900e-01
  -1.3080e+00  +1.4359e+00  +8.4900e-01
  -1.3194e+00  +1.4254e+00  +8.4900e-01
  -1.3307e+00  +1.4149e+00  +8.4900e-01
  -1.3419e+00  +1.4042e+00  +8.4900e-01
  -1.3531e+00  +1.3935e+00  +8.4900e-01
  -1.3641e+00  +1.3827e+00  +8.4900e-01
  -1.3751e+00  +1.3718e+00  +8.4900e-01
  -1.3860e+00  +1.3608e+00  +8.4900e-01
  -1.3968e+00  +1.3497e+00  +8.4900e-01
  -1.4075e+00  +1.3385e+00  +8.4900e-01
  -1.4181e+00  +1.3273e+00  +8.4900e-01
  -1.4286e+00  +1.3160e+00  +8.4900e-01
  -1.4390e+00  +1.3045e+00  +8.4900e-01
  -1.4494e+00  +1.2930e+00  +8.4900e-01
  -1.4596e+00  +1.2815e+00  +8.4900e-01
  -1.4698e+00  +1.2698e+00  +8.4900e-01
  -1.4799e+00  +1.2580e+00  +8.4900e-01
  -1.4898e+00  +1.2462e+00  +8.4900e-01
  -1.4997e+00  +1.2343e+00  +8.4900e-01
  -1.5095e+00  +1.2223e+00  +8.4900e-01
  -1.5192e+00  +1.2103e+00  +8.4900e-01
  -1.5288e+00  +1.1982e+00  +8.4900e-01
  -1.5382e+00  +1.1859e+00  +8.4900e-01
  -1.5476e+00  +1.1737e+00  +8.4900e-01
  -1.5569e+00  +1.1613e+00  +8.4900e-01
  -1.5661e+00  +1.1489e+00  +8.4900e-01
  -1.5752e+00  +1.1364e+00  +8.4900e-01
  -1.5842e+00  +1.1238e+00  +8.4900e-01
  -1.5842e+00  +1.1238e+00  +8.4900e-01
  -1.5913e+00  +1.1288e+00  +8.3431e-01
  -1.5984e+00  +1.1338e+00  +8.1962e-01
  -1.6054e+00  +1.1388e+00  +8.0493e-01
  -1.6125e+00  +1.1438e+00  +7.9024e-01
  -1.6195e+00  +1.1488e+00  +7.7556e-01
  -1.6266e+00  +1.1538e+00  +7.6087e-01
  -1.6337e+00  +1.1588e+00  +7.4618e-01
  -1.6407e+00  +1.1638e+00  +7.3149e-01
  -1.6478e+00  +1.1689e+00  +7.1680e-01
  -1.6548e+00  +1.1739e+00  +7.0211e-01
  -1.6619e+00  +1.1789e+00  +6.8742e-01
  -1.6690e+00  +1.1839e+00  +6.7273e-01
  -1.6760e+00  +1.1889e+00  +6.5804e-01
  -1.6831e+00  +1.1939e+00  +6.4336e-01
  -1.6901e+00  +1.1989e+00  +6.2867e-01
  -1.6972e+00  +1.2039e+00  +6.1398e-01
  -1.7043e+00  +1.2089e+00  +5.9929e-01
  -1.7113e+00  +1.2139e+00  +5.8460e-01
  -1.7016e+00  +1.2275e+00  +5.8460e-01
  -1.6918e+00  +1.2410e+00  +5.8460e-01
  -1.6818e+00  +1.2545e+00  +5.8460e-01
  -1.6718e+00  +1.2678e+00  +5.8460e-01
  -1.6616e+00  +1.2811e+00  +5.8460e-01
  -1.6514e+00  +1.2943e+00  +5.8460e-01
  -1.6410e+00  +1.3074e+00  +5.8460e-01
  -1.6306e+00  +1.3204e+00  +5.8460e-01
  -1.6200e+00  +1.3333e+00  +5.8460e-01
  -1.6093e+00  +1.3462e+00  +5.8460e-01
  -1.5986e+00  +1.3590e+00  +5.8460e-01
  -1.5877e+00  +1.3717e+00  +5.8460e-01
  -1.5767e+00  +1.3843e+00  +5.8460e-01
  -1.5657e+00  +1.3968e+00  +5.8460e-01
  -1.5545e+00  +1.4092e+00  +5.8460e-01
  -1.5432e+00  +1.4215e+00  +5.8460e-01
  -1.5318e+00  +1.4338e+00  +5.8460e-01
  -1.5204e+00  +1.4459e+00  +5.8460e-01
  -1.5088e+00  +1.4580e+00  +5.8460e-01
  -1.4972e+00  +1.4699e+00  +5.8460e-01
  -1.4854e+00  +1.4818e+00  +5.8460e-01
  -1.4736e+00  +1.4936e+00  +5.8460e-01
  -1.4616e+00  +1.5053e+00  +5.8460e-01
  -1.4496e+00  +1.5169e+00  +5.8460e-01
  -1.4375e+00  +1.5284e+00  +5.8460e-01
  -1.4253e+00  +1.5398e+00  +5.8460e-01
  -1.4130e+00  +1.5511e+00  +5.8460e-01
  -1.4006e+00  +1.5623e+00  +5.8460e-01
  -1.3881e+00  +1.5734e+00  +5.8460e-01
  -1.3755e+00  +1.5844e+00  +5.8460e-01
  -1.3628e+00  +1.5953e+00  +5.8460e-01
  -1.3501e+00  +1.6061e+00  +5.8460e-01
  -1.3373e+00  +1.6168e+00  +5.8460e-01
  -1.3243e+00  +1.6274e+00  +5.8460e-01
  -1.3113e+00  +1.6379e+00  +5.8460e-01
  -1.2983e+00  +1.6483e+00  +5.8460e-01
  -1.2851e+00  +1.6585e+00  +5.8460e-01
  -1.2719e+00  +1.6687e+00  +5.8460e-01
  -1.2585e+00  +1.6788e+00  +5.8460e-01
  -1.2451e+00  +1.6888e+00  +5.8460e-01
  -1.2316e+00  +1.6986e+00  +5.8460e-01
  -1.2181e+00  +1.7084e+00  +5.8460e-01
  -1.2044e+00  +1.7180e+00  +5.8460e-01
  -1.1907e+00  +1.7276e+00  +5.8460e-01
  -1.1769e+00  +1.7370e+00  +5.8460e-01
  -1.1630e+00  +1.7463e+00  +5.8460e-01
  -1.1491e+00  +1.7555e+00  +5.8460e-01
  -1.1351e+00  +1.7646e+00  +5.8460e-01
  -1.1210e+00  +1.7736e+00  +5.8460e-01
  -1.1068e+00  +1.7825e+00  +5.8460e-01
  -1.0926e+00  +1.7912e+00  +5.8460e-01
  -1.0783e+00  +1.7999e+00  +5.8460e-01
  -1.0640e+00  +1.8084e+00  +5.8460e-01
  -1.0495e+00  +1.8168e+00  +5.8460e-01
  -1.0350e+00  +1.8251e+00  +5.8460e-01
  -1.0205e+00  +1.8333e+00  +5.8460e-01
  -1.0058e+00  +1.8413e+00  +5.8460e-01
  -9.9114e-01  +1.8493e+00  +5.8460e-01
  -9.7638e-01  +1.8571e+00  +5.8460e-01
  -9.6156e-01  +1.8648e+00  +5.8460e-01
  -9.4668e-01  +1.8724e+00  +5.8460e-01
  -9.3174e-01  +1.8799e+00  +5.8460e-01
  -9.1675e-01  +1.8873e+00  +5.8460e-01
  -9.0169e-01  +1.8945e+00  +5.8460e-01
  -8.8658e-01  +1.9016e+00  +5.8460e-01
  -8.7141e-01  +1.9086e+00  +5.8460e-01
  -8.5618e-01  +1.9155e+00  +5.8460e-01
  -8.4090e-01  +1.9223e+00  +5.8460e-01
  -8.2557e-01  +1.9289e+00  +5.8460e-01
  -8.1018e-01  +1.9354e+00  +5.8460e-01
  -7.9475e-01  +1.9418e+00  +5.8460e-01
  -7.7926e-01  +1.9481e+00  +5.8460e-01
  -7.6373e-01  +1.9542e+00  +5.8460e-01
  -7.4814e-01  +1.9602e+00  +5.8460e-01
  -7.3251e-01  +1.9661e+00  +5.8460e-01
  -7.1683e-01  +1.9719e+00  +5.8460e-01
  -7.0110e-01  +1.9775e+00  +5.8460e-01
  -6.8534e-01  +1.9831e+00  +5.8460e-01
  -6.6952e-01  +1.9885e+00  +5.8460e-01
  -6.5367e-01  +1.9937e+00  +5.8460e-01
  -6.3778e-01  +1.9989e+00  +5.8460e-01
  -6.2184e-01  +2.0039e+00  +5.8460e-01
  -1.8567e+00  +9.7725e-01  +5.8460e-01
  -1.8490e+00  +9.7322e-01  +5.9929e-01
  -1.8413e+00  +9.6919e-01  +6.1398e-01
  -1.8337e+00  +9.6516e-01  +6.2867e-01
  -1.8260e+00  +9.6113e-01  +6.4336e-01
  -1.8184e+00  +9.5709e-01  +6.5804e-01
  -1.8107e+00  +9.5306e-01  +6.7273e-01
  -1.8030e+00  +9.4903e-01  +6.8742e-01
  -1.7954e+00  +9.4500e-01  +7.0211e-01
  -1.7877e+00  +9.4097e-01  +7.1680e-01
  -1.7801e+00  +9.3693e-01  +7.3149e-01
  -1.7724e+00  +9.3290e-01  +7.4618e-01
  -1.7647e+00  +9.2887e-01  +7.6087e-01
  -1.7571e+00  +9.2484e-01  +7.7556e-01
  -1.7494e+00  +9.2081e-01  +7.9024e-01
  -1.7418e+00  +9.1677e-01  +8.0493e-01
  -1.7341e+00  +9.1274e-01  +8.1962e-01
  -1.7264e+00  +9.0871e-01  +8.3431e-01
  -1.7188e+00  +9.0468e-01  +8.4900e-01
  -1.7259e+00  +8.9096e-01  +8.4900e-01
  -1.7330e+00  +8.7719e-01  +8.4900e-01
  -1.7399e+00  +8.6337e-01  +8.4900e-01
  -1.7467e+00  +8.4949e-01  +8.4900e-01
  -1.7534e+00  +8.3555e-01  +8.4900e-01
  -1.7600e+00  +8.2156e-01  +8.4900e-01
  -1.7665e+00  +8.0752e-01  +8.4900e-01
  -1.7729e+00  +7.9343e-01  +8.4900e-01
  -1.7791e+00  +7.7929e-01  +8.4900e-01
  -1.7853e+00  +7.6510e-01  +8.4900e-01
  -1.7913e+00  +7.5086e-01  +8.4900e-01
  -1.7973e+00  +7.3657e-01  +8.4900e-01
  -1.8031e+00  +7.2224e-01  +8.4900e-01
  -1.8088e+00  +7.0786e-01  +8.4900e-01
  -1.8143e+00  +6.9343e-01  +8.4900e-01
  -1.8198e+00  +6.7897e-01  +8.4900e-01
  -1.8251e+00  +6.6445e-01  +8.4900e-01
  -1.8304e+00  +6.4990e-01  +8.4900e-01
  -1.8355e+00  +6.3530e-01  +8.4900e-01
  -1.8405e+00  +6.2067e-01  +8.4900e-01
  -1.8454e+00  +6.0599e-01  +8.4900e-01
  -1.8501e+00  +5.9128e-01  +8.4900e-01
  -1.8548e+00  +5.7653e-01  +8.4900e-01
  -1.8593e+00  +5.6174e-01  +8.4900e-01
  -1.8637e+00  +5.4692e-01  +8.4900e-01
  -1.8680e+00  +5.3206e-01  +8.4900e-01
  -1.8722e+00  +5.1717e-01  +8.4900e-01
  -1.8763e+00  +5.0225e-01  +8.4900e-01
  -1.8802e+00  +4.8729e-01  +8.4900e-01
  -1.8840e+00  +4.7231e-01  +8.4900e-01
  -1.8877e+00  +4.5729e-01  +8.4900e-01
  -1.8913e+00  +4.4224e-01  +8.4900e-01
  -1.8948e+00  +4.2717e-01  +8.4900e-01
  -1.8981e+00  +4.1207e-01  +8.4900e-01
  -1.9013e+00  +3.9695e-01  +8.4900e-01
  -1.9044e+00  +3.8179e-01  +8.4900e-01
  -1.9074e+00  +3.6662e-01  +8.4900e-01
  -1.9103e+00  +3.5142e-01  +8.4900e-01
  -1.9130e+00  +3.3619e-01  +8.4900e-01
  -1.9156e+00  +3.2095e-01  +8.4900e-01
  -1.9181e+00  +3.0569e-01  +8.4900e-01
  -1.9205e+00  +2.9041e-01  +8.4900e-01
  -1.9228e+00  +2.7510e-01  +8.4900e-01
  -1.9249e+00  +2.5979e-01  +8.4900e-01
  -1.9269e+00  +2.4445e-01  +8.4900e-01
  -1.9288e+00  +2.2910e-01  +8.4900e-01
  -1.9305e+00  +2.1374e-01  +8.4900e-01
  -1.9322e+00  +1.9836e-01  +8.4900e-01
  -1.9337e+00  +1.8297e-01  +8.4900e-01
  -1.9351e+00  +1.6756e-01  +8.4900e-01
  -1.9364e+00  +1.5215e-01  +8.4900e-01
  -1.9375e+00  +1.3673e-01  +8.4900e-01
  -1.9385e+00  +1.2130e-01  +8.4900e-01
  -1.9394e+00  +1.0586e-01  +8.4900e-01
  -1.9402e+00  +9.0410e-02  +8.4900e-01
  -1.9409e+00  +7.4958e-02  +8.4900e-01
  -1.9414e+00  +5.9502e-02  +8.4900e-01
  -1.9418e+00  +4.4041e-02  +8.4900e-01
  -1.9421e+00  +2.8579e-02  +8.4900e-01
  -1.9423e+00  +1.3113e-02  +8.4900e-01
  -1.9423e+00  -2.3518e-03  +8.4900e-01
  -1.9423e+00  -1.7818e-02  +8.4900e-01
  -1.9420e+00  -3.3282e-02  +8.4900e-01
  -1.9417e+00  -4.8745e-02  +8.4900e-01
  -1.9413e+00  -6.4203e-02  +8.4900e-01
  -1.9407e+00  -7.9660e-02  +8.4900e-01
  -1.9400e+00  -9.5109e-02  +8.4900e-01
  -1.9392e+00  -1.1055e-01  +8.4900e-01
  -1.9382e+00  -1.2599e-01  +8.4900e-01
  -1.9372e+00  -1.4142e-01  +8.4900e-01
  -1.9360e+00  -1.5684e-01  +8.4900e-01
  -1.9347e+00  -1.7225e-01  +8.4900e-01
  -1.9332e+00  -1.8765e-01  +8.4900e-01
  -1.9317e+00  -2.0304e-01  +8.4900e-01
  -1.9300e+00  -2.1841e-01  +8.4900e-01
  -1.9282e+00  -2.3377e-01  +8.4900e-01
  -1.9263e+00  -2.4912e-01  +8.4900e-01
  -1.9242e+00  -2.6445e-01  +8.4900e-01
  -1.9221e+00  -2.7976e-01  +8.4900e-01
  -1.9198e+00  -2.9506e-01  +8.4900e-01
  -1.9174e+00  -3.1033e-01  +8.4900e-01
  -1.9148e+00  -3.2559e-01  +8.4900e-01
  -1.9148e+00  -3.2559e-01  +8.4900e-01
  -1.9234e+00  -3.2704e-01  +8.3431e-01
  -1.9319e+00  -3.2849e-01  +8.1962e-01
  -1.9405e+00  -3.2994e-01  +8.0493e-01
  -1.9490e+00  -3.3140e-01  +7.9024e-01
  -1.9575e+00  -3.3285e-01  +7.7556e-01
  -1.9661e+00  -3.3430e-01  +7.6087e-01
  -1.9746e+00  -3.3575e-01  +7.4618e-01
  -1.9831e+00  -3.3720e-01  +7.3149e-01
  -1.9917e+00  -3.3865e-01  +7.1680e-01
  -2.0002e+00  -3.4010e-01  +7.0211e-01
  -2.0087e+00  -3.4155e-01  +6.8742e-01
  -2.0173e+00  -3.4300e-01  +6.7273e-01
  -2.0258e+00  -3.4446e-01  +6.5804e-01
  -2.0343e+00  -3.4591e-01  +6.4336e-01
  -2.0429e+00  -3.4736e-01  +6.2867e-01
  -2.0514e+00  -3.4881e-01  +6.1398e-01
  -2.0599e+00  -3.5026e-01  +5.9929e-01
  -2.0685e+00  -3.5171e-01  +5.8460e-01
  -2.0712e+00  -3.3523e-01  +5.8460e-01
  -2.0738e+00  -3.1873e-01  +5.8460e-01
  -2.0763e+00  -3.0221e-01  +5.8460e-01
  -2.0786e+00  -2.8566e-01  +5.8460e-01
  -2.0808e+00  -2.6910e-01  +5.8460e-01
  -2.0829e+00  -2.5253e-01  +5.8460e-01
  -2.0848e+00  -2.3593e-01  +5.8460e-01
  -2.0867e+00  -2.1933e-01  +5.8460e-01
  -2.0883e+00  -2.0270e-01  +5.8460e-01
  -2.0899e+00  -1.8607e-01  +5.8460e-01
  -2.0913e+00  -1.6942e-01  +5.8460e-01
  -2.0926e+00  -1.5277e-01  +5.8460e-01
  -2.0937e+00  -1.3610e-01  +5.8460e-01
  -2.0948e+00  -1.1942e-01  +5.8460e-01
  -2.0956e+00  -1.0274e-01  +5.8460e-01
  -2.0964e+00  -8.6050e-02  +5.8460e-01
  -2.0970e+00  -6.9354e-02  +5.8460e-01
  -2.0975e+00  -5.2656e-02  +5.8460e-01
  -2.0978e+00  -3.5952e-02  +5.8460e-01
  -2.0981e+00  -1.9248e-02  +5.8460e-01
  -2.0982e+00  -2.5405e-03  +5.8460e-01
  -2.0981e+00  +1.4165e-02  +5.8460e-01
  -2.0979e+00  +3.0871e-02  +5.8460e-01
  -2.0976e+00  +4.7574e-02  +5.8460e-01
  -2.0972e+00  +6.4276e-02  +5.8460e-01
  -2.0966e+00  +8.0971e-02  +5.8460e-01
  -2.0959e+00  +9.7663e-02  +5.8460e-01
  -2.0950e+00  +1.1435e-01  +5.8460e-01
  -2.0941e+00  +1.3103e-01  +5.8460e-01
  -2.0929e+00  +1.4770e-01  +5.8460e-01
  -2.0917e+00  +1.6436e-01  +5.8460e-01
  -2.0903e+00  +1.8101e-01  +5.8460e-01
  -2.0888e+00  +1.9764e-01  +5.8460e-01
  -2.0872e+00  +2.1427e-01  +5.8460e-01
  -2.0854e+00  +2.3088e-01  +5.8460e-01
  -2.0835e+00  +2.4748e-01  +5.8460e-01
  -2.0815e+00  +2.6406e-01  +5.8460e-01
  -2.0793e+00  +2.8063e-01  +5.8460e-01
  -2.0770e+00  +2.9717e-01  +5.8460e-01
  -2.0746e+00  +3.1370e-01  +5.8460e-01
  -2.0720e+00  +3.3021e-01  +5.8460e-01
  -2.0693e+00  +3.4670e-01  +5.8460e-01
  -2.0665e+00  +3.6316e-01  +5.8460e-01
  -2.0635e+00  +3.7961e-01  +5.8460e-01
  -2.0604e+00  +3.9603e-01  +5.8460e-01
  -2.0572e+00  +4.1242e-01  +5.8460e-01
  -2.0539e+00  +4.2879e-01  +5.8460e-01
  -2.0504e+00  +4.4513e-01  +5.8460e-01
  -2.0468e+00  +4.6144e-01  +5.8460e-01
  -2.0430e+00  +4.7772e-01  +5.8460e-01
  -2.0392e+00  +4.9398e-01  +5.8460e-01
  -2.0352e+00  +5.1020e-01  +5.8460e-01
  -2.0310e+00  +5.2639e-01  +5.8460e-01
  -2.0268e+00  +5.4254e-01  +5.8460e-01
  -2.0224e+00  +5.5866e-01  +5.8460e-01
  -2.0179e+00  +5.7475e-01  +5.8460e-01
  -2.0133e+00  +5.9080e-01  +5.8460e-01
  -2.0085e+00  +6.0681e-01  +5.8460e-01
  -2.0036e+00  +6.2278e-01  +5.8460e-01
  -1.9986e+00  +6.3872e-01  +5.8460e-01
  -1.9934e+00  +6.5461e-01  +5.8460e-01
  -1.9881e+00  +6.7046e-01  +5.8460e-01
  -1.9827e+00  +6.8627e-01  +5.8460e-01
  -1.9772e+00  +7.0204e-01  +5.8460e-01
  -1.9716e+00  +7.1776e-01  +5.8460e-01
  -1.9658e+00  +7.3343e-01  +5.8460e-01
  -1.9599e+00  +7.4906e-01  +5.8460e-01
  -1.9539e+00  +7.6464e-01  +5.8460e-01
  -1.9477e+00  +7.8018e-01  +5.8460e-01
  -1.9414e+00  +7.9566e-01  +5.8460e-01
  -1.9350e+00  +8.1109e-01  +5.8460e-01
  -1.9285e+00  +8.2648e-01  +5.8460e-01
  -1.9219e+00  +8.4180e-01  +5.8460e-01
  -1.9151e+00  +8.5708e-01  +5.8460e-01
  -1.9082e+00  +8.7230e-01  +5.8460e-01
  -1.9012e+00  +8.8747e-01  +5.8460e-01
  -1.8941e+00  +9.0258e-01  +5.8460e-01
  -1.8868e+00  +9.1763e-01  +5.8460e-01
  -1.8795e+00  +9.3263e-01  +5.8460e-01
  -1.8720e+00  +9.4756e-01  +5.8460e-01
  -1.8644e+00  +9.6244e-01  +5.8460e-01
  -1.8567e+00  +9.7725e-01  +5.8460e-01
  -2.0039e+00  -6.2184e-01  +5.8460e-01
  -1.9956e+00  -6.1927e-01  +5.9929e-01
  -1.9874e+00  -6.1671e-01  +6.1398e-01
  -1.9791e+00  -6.1414e-01  +6.2867e-01
  -1.9708e+00  -6.1158e-01  +6.4336e-01
  -1.9625e+00  -6.0901e-01  +6.5804e-01
  -1.9543e+00  -6.0645e-01  +6.7273e-01
  -1.9460e+00  -6.0388e-01  +6.8742e-01
  -1.9377e+00  -6.0132e-01  +7.0211e-01
  -1.9295e+00  -5.9875e-01  +7.1680e-01
  -1.9212e+00  -5.9618e-01  +7.3149e-01
  -1.9129e+00  -5.9362e-01  +7.4618e-01
  -1.9047e+00  -5.9105e-01  +7.6087e-01
  -1.8964e+00  -5.8849e-01  +7.7556e-01
  -1.8881e+00  -5.8592e-01  +7.9024e-01
  -1.8799e+00  -5.8336e-01  +8.0493e-01
  -1.8716e+00  -5.8079e-01  +8.1962e-01
  -1.8633e+00  -5.7822e-01  +8.3431e-01
  -1.8551e+00  -5.7566e-01  +8.4900e-01
  -1.8504e+00  -5.9041e-01  +8.4900e-01
  -1.8457e+00  -6.0513e-01  +8.4900e-01
  -1.8408e+00  -6.1980e-01  +8.4900e-01
  -1.8358e+00  -6.3444e-01  +8.4900e-01
  -1.8307e+00  -6.4904e-01  +8.4900e-01
  -1.8255e+00  -6.6359e-01  +8.4900e-01
  -1.8201e+00  -6.7811e-01  +8.4900e-01
  -1.8147e+00  -6.9258e-01  +8.4900e-01
  -1.8091e+00  -7.0701e-01  +8.4900e-01
  -1.8034e+00  -7.2139e-01  +8.4900e-01
  -1.7976e+00  -7.3573e-01  +8.4900e-01
  -1.7917e+00  -7.5002e-01  +8.4900e-01
  -1.7857e+00  -7.6426e-01  +8.4900e-01
  -1.7795e+00  -7.7845e-01  +8.4900e-01
  -1.7733e+00  -7.9260e-01  +8.4900e-01
  -1.7669e+00  -8.0669e-01  +8.4900e-01
  -1.7604e+00  -8.2073e-01  +8.4900e-01
  -1.7538e+00  -8.3472e-01  +8.4900e-01
  -1.7471e+00  -8.4866e-01  +8.4900e-01
  -1.7403e+00  -8.6255e-01  +8.4900e-01
  -1.7334e+00  -8.7638e-01  +8.4900e-01
  -1.7264e+00  -8.9015e-01  +8.4900e-01
  -1.7192e+00  -9.0387e-01  +8.4900e-01
  -1.7120e+00  -9.1753e-01  +8.4900e-01
  -1.7046e+00  -9.3113e-01  +8.4900e-01
  -1.6971e+00  -9.4468e-01  +8.4900e-01
  -1.6896e+00  -9.5816e-01  +8.4900e-01
  -1.6819e+00  -9.7158e-01  +8.4900e-01
  -1.6741e+00  -9.8494e-01  +8.4900e-01
  -1.6662e+00  -9.9824e-01  +8.4900e-01
  -1.6582e+00  -1.0115e+00  +8.4900e-01
  -1.6501e+00  -1.0246e+00  +8.4900e-01
  -1.6419e+00  -1.0378e+00  +8.4900e-01
  -1.6336e+00  -1.0508e+00  +8.4900e-01
  -1.6251e+00  -1.0638e+00  +8.4900e-01
  -1.6166e+00  -1.0767e+00  +8.4900e-01
  -1.6080e+00  -1.0895e+00  +8.4900e-01
  -1.5993e+00  -1.1023e+00  +8.4900e-01
  -1.5904e+00  -1.1150e+00  +8.4900e-01
  -1.5815e+00  -1.1276e+00  +8.4900e-01
  -1.5725e+00  -1.1402e+00  +8.4900e-01
  -1.5633e+00  -1.1527e+00  +8.4900e-01
  -1.5541e+00  -1.1651e+00  +8.4900e-01
  -1.5448e+00  -1.1774e+00  +8.4900e-01
  -1.5354e+00  -1.1897e+00  +8.4900e-01
  -1.5258e+00  -1.2018e+00  +8.4900e-01
  -1.5162e+00  -1.2140e+00  +8.4900e-01
  -1.5065e+00  -1.2260e+00  +8.4900e-01
  -1.4967e+00  -1.2380e+00  +8.4900e-01
  -1.4868e+00  -1.2498e+00  +8.4900e-01
  -1.4768e+00  -1.2616e+00  +8.4900e-01
  -1.4667e+00  -1.2733e+00  +8.4900e-01
  -1.4565e+00  -1.2850e+00  +8.4900e-01
  -1.4462e+00  -1.2965e+00  +8.4900e-01
  -1.4359e+00  -1.3080e+00  +8.4900e-01
  -1.4254e+00  -1.3194e+00  +8.4900e-01
  -1.4149e+00  -1.3307e+00  +8.4900e-01
  -1.4042e+00  -1.3419e+00  +8.4900e-01
  -1.3935e+00  -1.3531e+00  +8.4900e-01
  -1.3827e+00  -1.3641e+00  +8.4900e-01
  -1.3718e+00  -1.3751e+00  +8.4900e-01
  -1.3608e+00  -1.3860e+00  +8.4900e-01
  -1.3497e+00  -1.3968e+00  +8.4900e-01
  -1.3385e+00  -1.4075e+00  +8.4900e-01
  -1.3273e+00  -1.4181e+00  +8.4900e-01
  -1.3160e+00  -1.4286e+00  +8.4900e-01
  -1.3045e+00  -1.4390e+00  +8.4900e-01
  -1.2930e+00  -1.4494e+00  +8.4900e-01
  -1.2815e+00  -1.4596e+00  +8.4900e-01
  -1.2698e+00  -1.4698e+00  +8.4900e-01
  -1.2580e+00  -1.4799e+00  +8.4900e-01
  -1.2462e+00  -1.4898e+00  +8.4900e-01
  -1.2343e+00  -1.4997e+00  +8.4900e-01
  -1.2223e+00  -1.5095e+00  +8.4900e-01
  -1.2103e+00  -1.5192e+00  +8.4900e-01
  -1.1982e+00  -1.5288e+00  +8.4900e-01
  -1.1859e+00  -1.5382e+00  +8.4900e-01
  -1.1737e+00  -1.5476e+00  +8.4900e-01
  -1.1613e+00  -1.5569e+00  +8.4900e-01
  -1.1489e+00  -1.5661e+00  +8.4900e-01
  -1.1364e+00  -1.5752e+00  +8.4900e-01
  -1.1238e+00  -1.5842e+00  +8.4900e-01
  -1.1238e+00  -1.5842e+00  +8.4900e-01
  -1.1288e+00  -1.5913e+00  +8.3431e-01
  -1.1338e+00  -1.5984e+00  +8.1962e-01
  -1.1388e+00  -1.6054e+00  +8.0493e-01
  -1.1438e+00  -1.6125e+00  +7.9024e-01
  -1.1488e+00  -1.6195e+00  +7.7556e-01
  -1.1538e+00  -1.6266e+00  +7.6087e-01
  -1.1588e+00  -1.6337e+00  +7.4618e-01
  -1.1638e+00  -1.6407e+00  +7.3149e-01
  -1.1689e+00  -1.6478e+00  +7.1680e-01
  -1.1739e+00  -1.6548e+00  +7.0211e-01
  -1.1789e+00  -1.6619e+00  +6.8742e-01
  -1.1839e+00  -1.6690e+00  +6.7273e-01
  -1.1889e+00  -1.6760e+00  +6.5804e-01
  -1.1939e+00  -1.6831e+00  +6.4336e-01
  -1.1989e+00  -1.6901e+00  +6.2867e-01
  -1.2039e+00  -1.6972e+00  +6.1398e-01
  -1.2089e+00  -1.7043e+00  +5.9929e-01
  -1.2139e+00  -1.7113e+00  +5.8460e-01
  -1.2275e+00  -1.7016e+00  +5.8460e-01
  -1.2410e+00  -1.6918e+00  +5.8460e-01
  -1.2545e+00  -1.6818e+00  +5.8460e-01
  -1.2678e+00  -1.6718e+00  +5.8460e-01
  -1.2811e+00  -1.6616e+00  +5.8460e-01
  -1.2943e+00  -1.6514e+00  +5.8460e-01
  -1.3074e+00  -1.6410e+00  +5.8460e-01
  -1.3204e+00  -1.6306e+00  +5.8460e-01
  -1.3333e+00  -1.6200e+00  +5.8460e-01
  -1.3462e+00  -1.6093e+00  +5.8460e-01
  -1.3590e+00  -1.5986e+00  +5.8460e-01
  -1.3717e+00  -1.5877e+00  +5.8460e-01
  -1.3843e+00  -1.5767e+00  +5.8460e-01
  -1.3968e+00  -1.5657e+00  +5.8460e-01
  -1.4092e+00  -1.5545e+00  +5.8460e-01
  -1.4215e+00  -1.5432e+00  +5.8460e-01
  -1.4338e+00  -1.5318e+00  +5.8460e-01
  -1.4459e+00  -1.5204e+00  +5.8460e-01
  -1.4580e+00  -1.5088e+00  +5.8460e-01
  -1.4699e+00  -1.4972e+00  +5.8460e-01
  -1.4818e+00  -1.4854e+00  +5.8460e-01
  -1.4936e+00  -1.4736e+00  +5.8460e-01
  -1.5053e+00  -1.4616e+00  +5.8460e-01
  -1.5169e+00  -1.4496e+00  +5.8460e-01
  -1.5284e+00  -1.4375e+00  +5.8460e-01
  -1.5398e+00  -1.4253e+00  +5.8460e-01
  -1.5511e+00  -1.4130e+00  +5.8460e-01
  -1.5623e+00  -1.4006e+00  +5.8460e-01
  -1.5734e+00  -1.3881e+00  +5.8460e-01
  -1.5844e+00  -1.3755e+00  +5.8460e-01
  -1.5953e+00  -1.3628e+00  +5.8460e-01
  -1.6061e+00  -1.3501e+00  +5.8460e-01
  -1.6168e+00  -1.3373e+00  +5.8460e-01
  -1.6274e+00  -1.3243e+00  +5.8460e-01
  -1.6379e+00  -1.3113e+00  +5.8460e-01
  -1.6483e+00  -1.2983e+00  +5.8460e-01
  -1.6585e+00  -1.2851e+00  +5.8460e-01
  -1.6687e+00  -1.2719e+00  +5.8460e-01
  -1.6788e+00  -1.2585e+00  +5.8460e-01
  -1.6888e+00  -1.2451e+00  +5.8460e-01
  -1.6986e+00  -1.2316e+00  +5.8460e-01
  -1.7084e+00  -1.2181e+00  +5.8460e-01
  -1.7180e+00  -1.2044e+00  +5.8460e-01
  -1.7276e+00  -1.1907e+00  +5.8460e-01
  -1.7370e+00  -1.1769e+00  +5.8460e-01
  -1.7463e+00  -1.1630e+00  +5.8460e-01
  -1.7555e+00  -1.1491e+00  +5.8460e-01
  -1.7646e+00  -1.1351e+00  +5.8460e-01
  -1.7736e+00  -1.1210e+00  +5.8460e-01
  -1.7825e+00  -1.1068e+00  +5.8460e-01
  -1.7912e+00  -1.0926e+00  +5.8460e-01
  -1.7999e+00  -1.0783e+00  +5.8460e-01
  -1.8084e+00  -1.0640e+00  +5.8460e-01
  -1.8168e+00  -1.0495e+00  +5.8460e-01
  -1.8251e+00  -1.0350e+00  +5.8460e-01
  -1.8333e+00  -1.0205e+00  +5.8460e-01
  -1.8413e+00  -1.0058e+00  +5.8460e-01
  -1.8493e+00  -9.9114e-01  +5.8460e-01
  -1.8571e+00  -9.7638e-01  +5.8460e-01
  -1.8648e+00  -9.6156e-01  +5.8460e-01
  -1.8724e+00  -9.4668e-01  +5.8460e-01
  -1.8799e+00  -9.3174e-01  +5.8460e-01
  -1.8873e+00  -9.1675e-01  +5.8460e-01
  -1.8945e+00  -9.0169e-01  +5.8460e-01
  -1.9016e+00  -8.8658e-01  +5.8460e-01
  -1.9086e+00  -8.7141e-01  +5.8460e-01
  -1.9155e+00  -8.5618e-01  +5.8460e-01
  -1.9223e+00  -8.4090e-01  +5.8460e-01
  -1.9289e+00  -8.2557e-01  +5.8460e-01
  -1.9354e+00  -8.1018e-01  +5.8460e-01
  -1.9418e+00  -7.9475e-01  +5.8460e-01
  -1.9481e+00  -7.7926e-01  +5.8460e-01
  -1.9542e+00  -7.6373e-01  +5.8460e-01
  -1.9602e+00  -7.4814e-01  +5.8460e-01
  -1.9661e+00  -7.3251e-01  +5.8460e-01
  -1.9719e+00  -7.1683e-01  +5.8460e-01
  -1.9775e+00  -7.0110e-01  +5.8460e-01
  -1.9831e+00  -6.8534e-01  +5.8460e-01
  -1.9885e+00  -6.6952e-01  +5.8460e-01
  -1.9937e+00  -6.5367e-01  +5.8460e-01
  -1.9989e+00  -6.3778e-01  +5.8460e-01
  -2.0039e+00  -6.2184e-01  +5.8460e-01
  -9.7725e-01  -1.8567e+00  +5.8460e-01
  -9.7322e-01  -1.8490e+00  +5.9929e-01
  -9.6919e-01  -1.8413e+00  +6.1398e-01
  -9.6516e-01  -1.8337e+00  +6.2867e-01
  -9.6113e-01  -1.8260e+00  +6.4336e-01
  -9.5709e-01  -1.8184e+00  +6.5804e-01
  -9.5306e-01  -1.8107e+00  +6.7273e-01
  -9.4903e-01  -1.8030e+00  +6.8742e-01
  -9.4500e-01  -1.7954e+00  +7.0211e-01
  -9.4097e-01  -1.7877e+00  +7.1680e-01
  -9.3693e-01  -1.7801e+00  +7.3149e-01
  -9.3290e-01  -1.7724e+00  +7.4618e-01
  -9.2887e-01  -1.7647e+00  +7.6087e-01
  -9.2484e-01  -1.7571e+00  +7.7556e-01
  -9.2081e-01  -1.7494e+00  +7.9024e-01
  -9.1677e-01  -1.7418e+00  +8.0493e-01
  -9.1274e-01  -1.7341e+00  +8.1962e-01
  -9.0871e-01  -1.7264e+00  +8.3431e-01
  -9.0468e-01  -1.7188e+00  +8.4900e-01
  -8.9096e-01  -1.7259e+00  +8.4900e-01
  -8.7719e-01  -1.7330e+00  +8.4900e-01
  -8.6337e-01  -1.7399e+00  +8.4900e-01
  -8.4949e-01  -1.7467e+00  +8.4900e-01
  -8.3555e-01  -1.7534e+00  +8.4900e-01
  -8.2156e-01  -1.7600e+00  +8.4900e-01
  -8.0752e-01  -1.7665e+00  +8.4900e-01
  -7.9343e-01  -1.7729e+00  +8.4900e-01
  -7.7929e-01  -1.7791e+00  +8.4900e-01
  -7.6510e-01  -1.7853e+00  +8.4900e-01
  -7.5086e-01  -1.7913e+00  +8.4900e-01
  -7.3657e-01  -1.7973e+00  +8.4900e-01
  -7.2224e-01  -1.8031e+00  +8.4900e-01
  -7.0786e-01  -1.8088e+00  +8.4900e-01
  -6.9343e-01  -1.8143e+00  +8.4900e-01
  -6.7897e-01  -1.8198e+00  +8.4900e-01
  -6.6445e-01  -1.8251e+00  +8.4900e-01
  -6.4990e-01  -1.8304e+00  +8.4900e-01
  -6.3530e-01  -1.8355e+00  +8.4900e-01
  -6.2067e-01  -1.8405e+00  +8.4900e-01
  -6.0599e-01  -1.8454e+00  +8.4900e-01
  -5.9128e-01  -1.8501e+00  +8.4900e-01
  -5.7653e-01  -1.8548e+00  +8.4900e-01
  -5.6174e-01  -1.8593e+00  +8.4900e-01
  -5.4692e-01  -1.8637e+00  +8.4900e-01
  -5.3206e-01  -1.8680e+00  +8.4900e-01
  -5.1717e-01  -1.8722e+00  +8.4900e-01
  -5.0225e-01  -1.8763e+00  +8.4900e-01
  -4.8729e-01  -1.8802e+00  +8.4900e-01
  -4.7231e-01  -1.8840e+00  +8.4900e-01
  -4.5729e-01  -1.8877e+00  +8.4900e-01
  -4.4224e-01  -1.8913e+00  +8.4900e-01
  -4.2717e-01  -1.8948e+00  +8.4900e-01
  -4.1207e-01  -1.8981e+00  +8.4900e-01
  -3.9695e-01  -1.9013e+00  +8.4900e-01
  -3.8179e-01  -1.9044e+00  +8.4900e-01
  -3.6662e-01  -1.9074e+00  +8.4900e-01
  -3.5142e-01  -1.9103e+00  +8.4900e-01
  -3.3619e-01  -1.9130e+00  +8.4900e-01
  -3.2095e-01  -1.9156e+00  +8.4900e-01
  -3.0569e-01  -1.9181e+00  +8.4900e-01
  -2.9041e-01  -1.9205e+00  +8.4900e-01
  -2.7510e-01  -1.9228e+00  +8.4900e-01
  -2.5979e-01  -1.9249e+00  +8.4900e-01
  -2.4445e-01  -1.9269e+00  +8.4900e-01
  -2.2910e-01  -1.9288e+00  +8.4900e-01
  -2.1374e-01  -1.9305e+00  +8.4900e-01
  -1.9836e-01  -1.9322e+00  +8.4900e-01
  -1.8297e-01  -1.9337e+00  +8.4900e-01
  -1.6756e-01  -1.9351e+00  +8.4900e-01
  -1.5215e-01  -1.9364e+00  +8.4900e-01
  -1.3673e-01  -1.9375e+00  +8.4900e-01
  -1.2130e-01  -1.9385e+00  +8.4900e-01
  -1.0586e-01  -1.9394e+00  +8.4900e-01
  -9.0410e-02  -1.9402e+00  +8.4900e-01
  -7.4958e-02  -1.9409e+00  +8.4900e-01
  -5.9502e-02  -1.9414e+00  +8.4900e-01
  -4.4041e-02  -1.9418e+00  +8.4900e-01
  -2.8579e-02  -1.9421e+00  +8.4900e-01
  -1.3113e-02  -1.9423e+00  +8.4900e-01
  +2.3518e-03  -1.9423e+00  +8.4900e-01
  +1.7818e-02  -1.9423e+00  +8.4900e-01
  +3.3282e-02  -1.9420e+00  +8.4900e-01
  +4.8745e-02  -1.9417e+00  +8.4900e-01
  +6.4203e-02  -1.9413e+00  +8.4900e-01
  +7.9660e-02  -1.9407e+00  +8.4900e-01
  +9.5109e-02  -1.9400e+00  +8.4900e-01
  +1.1055e-01  -1.9392e+00  +8.4900e-01
  +1.2599e-01  -1.9382e+00  +8.4900e-01
  +1.4142e-01  -1.9372e+00  +8.4900e-01
  +1.5684e-01  -1.9360e+00  +8.4900e-01
  +1.7225e-01  -1.9347e+00  +8.4900e-01
  +1.8765e-01  -1.9332e+00  +8.4900e-01
  +2.0304e-01  -1.9317e+00  +8.4900e-01
  +2.1841e-01  -1.9300e+00  +8.4900e-01
  +2.3377e-01  -1.9282e+00  +8.4900e-01
  +2.4912e-01  -1.9263e+00  +8.4900e-01
  +2.6445e-01  -1.9242e+00  +8.4900e-01
  +2.7976e-01  -1.9221e+00  +8.4900e-01
  +2.9506e-01  -1.9198e+00  +8.4900e-01
  +3.1033e-01  -1.9174e+00  +8.4900e-01
  +3.2559e-01  -1.9148e+00  +8.4900e-01
  +3.2559e-01  -1.9148e+00  +8.4900e-01
  +3.2704e-01  -1.9234e+00  +8.3431e-01
  +3.2849e-01  -1.9319e+00  +8.1962e-01
  +3.2994e-01  -1.9405e+00  +8.0493e-01
  +3.3140e-01  -1.9490e+00  +7.9024e-01
  +3.3285e-01  -1.9575e+00  +7.7556e-01
  +3.3430e-01  -1.9661e+00  +7.6087e-01
  +3.3575e-01  -1.9746e+00  +7.4618e-01
  +3.3720e-01  -1.9831e+00  +7.3149e-01
  +3.3865e-01  -1.9917e+00  +7.1680e-01
  +3.4010e-01  -2.0002e+00  +7.0211e-01
  +3.4155e-01  -2.0087e+00  +6.8742e-01
  +3.4300e-01  -2.0173e+00  +6.7273e-01
  +3.4446e-01  -2.0258e+00  +6.5804e-01
  +3.4591e-01  -2.0343e+00  +6.4336e-01
  +3.4736e-01  -2.0429e+00  +6.2867e-01
  +3.4881e-01  -2.0514e+00  +6.1398e-01
  +3.5026e-01  -2.0599e+00  +5.9929e-01
  +3.5171e-01  -2.0685e+00  +5.8460e-01
  +3.3523e-01  -2.0712e+00  +5.8460e-01
  +3.1873e-01  -2.0738e+00  +5.8460e-01
  +3.0221e-01  -2.0763e+00  +5.8460e-01
  +2.8566e-01  -2.0786e+00  +5.8460e-01
  +2.6910e-01  -2.0808e+00  +5.8460e-01
  +2.5253e-01  -2.0829e+00  +5.8460e-01
  +2.3593e-01  -2.0848e+00  +5.8460e-01
  +2.1933e-01  -2.0867e+00  +5.8460e-01
  +2.0270e-01  -2.0883e+00  +5.8460e-01
  +1.8607e-01  -2.0899e+00  +5.8460e-01
  +1.6942e-01  -2.0913e+00  +5.8460e-01
  +1.5277e-01  -2.0926e+00  +5.8460e-01
  +1.3610e-01  -2.0937e+00  +5.8460e-01
  +1.1942e-01  -2.0948e+00  +5.8460e-01
  +1.0274e-01  -2.0956e+00  +5.8460e-01
  +8.6050e-02  -2.0964e+00  +5.8460e-01
  +6.9354e-02  -2.0970e+00  +5.8460e-01
  +5.2656e-02  -2.0975e+00  +5.8460e-01
  +3.5952e-02  -2.0978e+00  +5.8460e-01
  +1.9248e-02  -2.0981e+00  +5.8460e-01
  +2.5405e-03  -2.0982e+00  +5.8460e-01
  -1.4165e-02  -2.0981e+00  +5.8460e-01
  -3.0871e-02  -2.0979e+00  +5.8460e-01
  -4.7574e-02  -2.0976e+00  +5.8460e-01
  -6.4276e-02  -2.0972e+00  +5.8460e-01
  -8.0971e-02  -2.0966e+00  +5.8460e-01
  -9.7663e-02  -2.0959e+00  +5.8460e-01
  -1.1435e-01  -2.0950e+00  +5.8460e-01
  -1.3103e-01  -2.0941e+00  +5.8460e-01
  -1.4770e-01  -2.0929e+00  +5.8460e-01
  -1.6436e-01  -2.0917e+00  +5.8460e-01
  -1.8101e-01  -2.0903e+00  +5.8460e-01
  -1.9764e-01  -2.0888e+00  +5.8460e-01
  -2.1427e-01  -2.0872e+00  +5.8460e-01
  -2.3088e-01  -2.0854e+00  +5.8460e-01
  -2.4748e-01  -2.0835e+00  +5.8460e-01
  -2.6406e-01  -2.0815e+00  +5.8460e-01
  -2.8063e-01  -2.0793e+00  +5.8460e-01
  -2.9717e-01  -2.0770e+00  +5.8460e-01
  -3.1370e-01  -2.0746e+00  +5.8460e-01
  -3.3021e-01  -2.0720e+00  +5.8460e-01
  -3.4670e-01  -2.0693e+00  +5.8460e-01
  -3.6316e-01  -2.0665e+00  +5.8460e-01
  -3.7961e-01  -2.0635e+00  +5.8460e-01
  -3.9603e-01  -2.0604e+00  +5.8460e-01
  -4.1242e-01  -2.0572e+00  +5.8460e-01
  -4.2879e-01  -2.0539e+00  +5.8460e-01
  -4.4513e-01  -2.0504e+00  +5.8460e-01
  -4.6144e-01  -2.0468e+00  +5.8460e-01
  -4.7772e-01  -2.0430e+00  +5.8460e-01
  -4.9398e-01  -2.0392e+00  +5.8460e-01
  -5.1020e-01  -2.0352e+00  +5.8460e-01
  -5.2639e-01  -2.0310e+00  +5.8460e-01
  -5.4254e-01  -2.0268e+00  +5.8460e-01
  -5.5866e-01  -2.0224e+00  +5.8460e-01
  -5.7475e-01  -2.0179e+00  +5.8460e-01
  -5.9080e-01  -2.0133e+00  +5.8460e-01
  -6.0681e-01  -2.0085e+00  +5.8460e-01
  -6.2278e-01  -2.0036e+00  +5.8460e-01
  -6.3872e-01  -1.9986e+00  +5.8460e-01
  -6.5461e-01  -1.9934e+00  +5.8460e-01
  -6.7046e-01  -1.9881e+00  +5.8460e-01
  -6.8627e-01  -1.9827e+00  +5.8460e-01
  -7.0204e-01  -1.9772e+00  +5.8460e-01
  -7.1776e-01  -1.9716e+00  +5.8460e-01
  -7.3343e-01  -1.9658e+00  +5.8460e-01
  -7.4906e-01  -1.9599e+00  +5.8460e-01
  -7.6464e-01  -1.9539e+00  +5.8460e-01
  -7.8018e-01  -1.9477e+00  +5.8460e-01
  -7.9566e-01  -1.9414e+00  +5.8460e-01
  -8.1109e-01  -1.9350e+00  +5.8460e-01
  -8.2648e-01  -1.9285e+00  +5.8460e-01
  -8.4180e-01  -1.9219e+00  +5.8460e-01
  -8.5708e-01  -1.9151e+00  +5.8460e-01
  -8.7230e-01  -1.9082e+00  +5.8460e-01
  -8.8747e-01  -1.9012e+00  +5.8460e-01
  -9.0258e-01  -1.8941e+00  +5.8460e-01
  -9.1763e-01  -1.8868e+00  +5.8460e-01
  -9.3263e-01  -1.8795e+00  +5.8460e-01
  -9.4756e-01  -1.8720e+00  +5.8460e-01
  -9.6244e-01  -1.8644e+00  +5.8460e-01
  -9.7725e-01  -1.8567e+00  +5.8460e-01
  +6.2184e-01  -2.0039e+00  +5.8460e-01
  +6.1927e-01  -1.9956e+00  +5.9929e-01
  +6.1671e-01  -1.9874e+00  +6.1398e-01
  +6.1414e-01  -1.9791e+00  +6.2867e-01
  +6.1158e-01  -1.9708e+00  +6.4336e-01
  +6.0901e-01  -1.9625e+00  +6.5804e-01
  +6.0645e-01  -1.9543e+00  +6.7273e-01
  +6.0388e-01  -1.9460e+00  +6.8742e-01
  +6.0132e-01  -1.9377e+00  +7.0211e-01
  +5.9875e-01  -1.9295e+00  +7.1680e-01
  +5.9618e-01  -1.9212e+00  +7.3149e-01
  +5.9362e-01  -1.9129e+00  +7.4618e-01
  +5.9105e-01  -1.9047e+00  +7.6087e-01
  +5.8849e-01  -1.8964e+00  +7.7556e-01
  +5.8592e-01  -1.8881e+00  +7.9024e-01
  +5.8336e-01  -1.8799e+00  +8.0493e-01
  +5.8079e-01  -1.8716e+00  +8.1962e-01
  +5.7822e-01  -1.8633e+00  +8.3431e-01
  +5.7566e-01  -1.8551e+00  +8.4900e-01
  +5.9041e-01  -1.8504e+00  +8.4900e-01
  +6.0513e-01  -1.8457e+00  +8.4900e-01
  +6.1980e-01  -1.8408e+00  +8.4900e-01
  +6.3444e-01  -1.8358e+00  +8.4900e-01
  +6.4904e-01  -1.8307e+00  +8.4900e-01
  +6.6359e-01  -1.8255e+00  +8.4900e-01
  +6.7811e-01  -1.8201e+00  +8.4900e-01
  +6.9258e-01  -1.8147e+00  +8.4900e-01
  +7.0701e-01  -1.8091e+00  +8.4900e-01
  +7.2139e-01  -1.8034e+00  +8.4900e-01
  +7.3573e-01  -1.7976e+00  +8.4900e-01
  +7.5002e-01  -1.7917e+00  +8.4900e-01
  +7.6426e-01  -1.7857e+00  +8.4900e-01
  +7.7845e-01  -1.7795e+00  +8.4900e-01
  +7.9260e-01  -1.7733e+00  +8.4900e-01
  +8.0669e-01  -1.7669e+00  +8.4900e-01
  +8.2073e-01  -1.7604e+00  +8.4900e-01
  +8.3472e-01  -1.7538e+00  +8.4900e-01
  +8.4866e-01  -1.7471e+00  +8.4900e-01
  +8.6255e-01  -1.7403e+00  +8.4900e-01
  +8.7638e-01  -1.7334e+00  +8.4900e-01
  +8.9015e-01  -1.7264e+00  +8.4900e-01
  +9.0387e-01  -1.7192e+00  +8.4900e-01
  +9.1753e-01  -1.7120e+00  +8.4900e-01
  +9.3113e-01  -1.7046e+00  +8.4900e-01
  +9.4468e-01  -1.6971e+00  +8.4900e-01
  +9.5816e-01  -1.6896e+00  +8.4900e-01
  +9.7158e-01  -1.6819e+00  +8.4900e-01
  +9.8494e-01  -1.6741e+00  +8.4900e-01
  +9.9824e-01  -1.6662e+00  +8.4900e-01
  +1.0115e+00  -1.6582e+00  +8.4900e-01
  +1.0246e+00  -1.6501e+00  +8.4900e-01
  +1.0378e+00  -1.6419e+00  +8.4900e-01
  +1.0508e+00  -1.6336e+00  +8.4900e-01
  +1.0638e+00  -1.6251e+00  +8.4900e-01
  +1.0767e+00  -1.6166e+00  +8.4900e-01
  +1.0895e+00  -1.6080e+00  +8.4900e-01
  +1.1023e+00  -1.5993e+00  +8.4900e-01
  +1.1150e+00  -1.5904e+00  +8.4900e-01
  +1.1276e+00  -1.5815e+00  +8.4900e-01
  +1.1402e+00  -1.5725e+00  +8.4900e-01
  +1.1527e+00  -1.5633e+00  +8.4900e-01
  +1.1651e+00  -1.5541e+00  +8.4900e-01
  +1.1774e+00  -1.5448e+00  +8.4900e-01
  +1.1897e+00  -1.5354e+00  +8.4900e-01
  +1.2018e+00  -1.5258e+00  +8.4900e-01
  +1.2140e+00  -1.5162e+00  +8.4900e-01
  +1.2260e+00  -1.5065e+00  +8.4900e-01
  +1.2380e+00  -1.4967e+00  +8.4900e-01
  +1.2498e+00  -1.4868e+00  +8.4900e-01
  +1.2616e+00  -1.4768e+00  +8.4900e-01
  +1.2733e+00  -1.4667e+00  +8.4900e-01
  +1.2850e+00  -1.4565e+00  +8.4900e-01
  +1.2965e+00  -1.4462e+00  +8.4900e-01
  +1.3080e+00  -1.4359e+00  +8.4900e-01
  +1.3194e+00  -1.4254e+00  +8.4900e-01
  +1.3307e+00  -1.4149e+00  +8.4900e-01
  +1.3419e+00  -1.4042e+00  +8.4900e-01
  +1.3531e+00  -1.3935e+00  +8.4900e-01
  +1.3641e+00  -1.3827e+00  +8.4900e-01
  +1.3751e+00  -1.3718e+00  +8.4900e-01
  +1.3860e+00  -1.3608e+00  +8.4900e-01
  +1.3968e+00  -1.3497e+00  +8.4900e-01
  +1.4075e+00  -1.3385e+00  +8.4900e-01
  +1.4181e+00  -1.3273e+00  +8.4900e-01
  +1.4286e+00  -1.3160e+00  +8.4900e-01
  +1.4390e+00  -1.3045e+00  +8.4900e-01
  +1.4494e+00  -1.2930e+00  +8.4900e-01
  +1.4596e+00  -1.2815e+00  +8.4900e-01
  +1.4698e+00  -1.2698e+00  +8.4900e-01
  +1.4799e+00  -1.2580e+00  +8.4900e-01
  +1.4898e+00  -1.2462e+00  +8.4900e-01
  +1.4997e+00  -1.2343e+00  +8.4900e-01
  +1.5095e+00  -1.2223e+00  +8.4900e-01
  +1.5192e+00  -1.2103e+00  +8.4900e-01
  +1.5288e+00  -1.1982e+00  +8.4900e-01
  +1.5382e+00  -1.1859e+00  +8.4900e-01
  +1.5476e+00  -1.1737e+00  +8.4900e-01
  +1.5569e+00  -1.1613e+00  +8.4900e-01
  +1.5661e+00  -1.1489e+00  +8.4900e-01
  +1.5752e+00  -1.1364e+00  +8.4900e-01
  +1.5842e+00  -1.1238e+00  +8.4900e-01
  +1.5842e+00  -1.1238e+00  +8.4900e-01
  +1.5913e+00  -1.1288e+00  +8.3431e-01
  +1.5984e+00  -1.1338e+00  +8.1962e-01
  +1.6054e+00  -1.1388e+00  +8.0493e-01
  +1.6125e+00  -1.1438e+00  +7.9024e-01
  +1.6195e+00  -1.1488e+00  +7.7556e-01
  +1.6266e+00  -1.1538e+00  +7.6087e-01
  +1.6337e+00  -1.1588e+00  +7.4618e-01
  +1.6407e+00  -1.1638e+00  +7.3149e-01
  +1.6478e+00  -1.1689e+00  +7.1680e-01
  +1.6548e+00  -1.1739e+00  +7.0211e-01
  +1.6619e+00  -1.1789e+00  +6.8742e-01
  +1.6690e+00  -1.1839e+00  +6.7273e-01
  +1.6760e+00  -1.1889e+00  +6.5804e-01
  +1.6831e+00  -1.1939e+00  +6.4336e-01
  +1.6901e+00  -1.1989e+00  +6.2867e-01
  +1.6972e+00  -1.2039e+00  +6.1398e-01
  +1.7043e+00  -1.2089e+00  +5.9929e-01
  +1.7113e+00  -1.2139e+00  +5.8460e-01
  +1.7016e+00  -1.2275e+00  +5.8460e-01
  +1.6918e+00  -1.2410e+00  +5.8460e-01
  +1.6818e+00  -1.2545e+00  +5.8460e-01
  +1.6718e+00  -1.2678e+00  +5.8460e-01
  +1.6616e+00  -1.2811e+00  +5.8460e-01
  +1.6514e+00  -1.2943e+00  +5.8460e-01
  +1.6410e+00  -1.3074e+00  +5.8460e-01
  +1.6306e+00  -1.3204e+00  +5.8460e-01
  +1.6200e+00  -1.3333e+00  +5.8460e-01
  +1.6093e+00  -1.3462e+00  +5.8460e-01
  +1.5986e+00  -1.3590e+00  +5.8460e-01
  +1.5877e+00  -1.3717e+00  +5.8460e-01
  +1.5767e+00  -1.3843e+00  +5.8460e-01
  +1.5657e+00  -1.3968e+00  +5.8460e-01
  +1.5545e+00  -1.4092e+00  +5.8460e-01
  +1.5432e+00  -1.4215e+00  +5.8460e-01
  +1.5318e+00  -1.4338e+00  +5.8460e-01
  +1.5204e+00  -1.4459e+00  +5.8460e-01
  +1.5088e+00  -1.4580e+00  +5.8460e-01
  +1.4972e+00  -1.4699e+00  +5.8460e-01
  +1.4854e+00  -1.4818e+00  +5.8460e-01
  +1.4736e+00  -1.4936e+00  +5.8460e-01
  +1.4616e+00  -1.5053e+00  +5.8460e-01
  +1.4496e+00  -1.5169e+00  +5.8460e-01
  +1.4375e+00  -1.5284e+00  +5.8460e-01
  +1.4253e+00  -1.5398e+00  +5.8460e-01
  +1.4130e+00  -1.5511e+00  +5.8460e-01
  +1.4006e+00  -1.5623e+00  +5.8460e-01
  +1.3881e+00  -1.5734e+00  +5.8460e-01
  +1.3755e+00  -1.5844e+00  +5.8460e-01
  +1.3628e+00  -1.5953e+00  +5.8460e-01
  +1.3501e+00  -1.6061e+00  +5.8460e-01
  +1.3373e+00  -1.6168e+00  +5.8460e-01
  +1.3243e+00  -1.6274e+00  +5.8460e-01
  +1.3113e+00  -1.6379e+00  +5.8460e-01
  +1.2983e+00  -1.6483e+00  +5.8460e-01
  +1.2851e+00  -1.6585e+00  +5.8460e-01
  +1.2719e+00  -1.6687e+00  +5.8460e-01
  +1.2585e+00  -1.6788e+00  +5.8460e-01
  +1.2451e+00  -1.6888e+00  +5.8460e-01
  +1.2316e+00  -1.6986e+00  +5.8460e-01
  +1.2181e+00  -1.7084e+00  +5.8460e-01
  +1.2044e+00  -1.7180e+00  +5.8460e-01
  +1.1907e+00  -1.7276e+00  +5.8460e-01
  +1.1769e+00  -1.7370e+00  +5.8460e-01
  +1.1630e+00  -1.7463e+00  +5.8460e-01
  +1.1491e+00  -1.7555e+00  +5.8460e-01
  +1.1351e+00  -1.7646e+00  +5.8460e-01
  +1.1210e+00  -1.7736e+00  +5.8460e-01
  +1.1068e+00  -1.7825e+00  +5.8460e-01
  +1.0926e+00  -1.7912e+00  +5.8460e-01
  +1.0783e+00  -1.7999e+00  +5.8460e-01
  +1.0640e+00  -1.8084e+00  +5.8460e-01
  +1.0495e+00  -1.8168e+00  +5.8460e-01
  +1.0350e+00  -1.8251e+00  +5.8460e-01
  +1.0205e+00  -1.8333e+00  +5.8460e-01
  +1.0058e+00  -1.8413e+00  +5.8460e-01
  +9.9114e-01  -1.8493e+00  +5.8460e-01
  +9.7638e-01  -1.8571e+00  +5.8460e-01
  +9.6156e-01  -1.8648e+00  +5.8460e-01
  +9.4668e-01  -1.8724e+00  +5.8460e-01
  +9.3174e-01  -1.8799e+00  +5.8460e-01
  +9.1675e-01  -1.8873e+00  +5.8460e-01
  +9.0169e-01  -1.8945e+00  +5.8460e-01
  +8.8658e-01  -1.9016e+00  +5.8460e-01
  +8.7141e-01  -1.9086e+00  +5.8460e-01
  +8.5618e-01  -1.9155e+00  +5.8460e-01
  +8.4090e-01  -1.9223e+00  +5.8460e-01
  +8.2557e-01  -1.9289e+00  +5.8460e-01
  +8.1018e-01  -1.9354e+00  +5.8460e-01
  +7.9475e-01  -1.9418e+00  +5.8460e-01
  +7.7926e-01  -1.9481e+00  +5.8460e-01
  +7.6373e-01  -1.9542e+00  +5.8460e-01
  +7.4814e-01  -1.9602e+00  +5.8460e-01
  +7.3251e-01  -1.9661e+00  +5.8460e-01
  +7.1683e-01  -1.9719e+00  +5.8460e-01
  +7.0110e-01  -1.9775e+00  +5.8460e-01
  +6.8534e-01  -1.9831e+00  +5.8460e-01
  +6.6952e-01  -1.9885e+00  +5.8460e-01
  +6.5367e-01  -1.9937e+00  +5.8460e-01
  +6.3778e-01  -1.9989e+00  +5.8460e-01
  +6.2184e-01  -2.0039e+00  +5.8460e-01
  +1.8567e+00  -9.7725e-01  +5.8460e-01
  +1.8490e+00  -9.7322e-01  +5.9929e-01
  +1.8413e+00  -9.6919e-01  +6.1398e-01
  +1.8337e+00  -9.6516e-01  +6.2867e-01
  +1.8260e+00  -9.6113e-01  +6.4336e-01
  +1.8184e+00  -9.5709e-01  +6.5804e-01
  +1.8107e+00  -9.5306e-01  +6.7273e-01
  +1.8030e+00  -9.4903e-01  +6.8742e-01
  +1.7954e+00  -9.4500e-01  +7.0211e-01
  +1.7877e+00  -9.4097e-01  +7.1680e-01
  +1.7801e+00  -9.3693e-01  +7.3149e-01
  +1.7724e+00  -9.3290e-01  +7.4618e-01
  +1.7647e+00  -9.2887e-01  +7.6087e-01
  +1.7571e+00  -9.2484e-01  +7.7556e-01
  +1.7494e+00  -9.2081e-01  +7.9024e-01
  +1.7418e+00  -9.1677e-01  +8.0493e-01
  +1.7341e+00  -9.1274e-01  +8.1962e-01
  +1.7264e+00  -9.0871e-01  +8.3431e-01
  +1.7188e+00  -9.0468e-01  +8.4900e-01
  +1.7259e+00  -8.9096e-01  +8.4900e-01
  +1.7330e+00  -8.7719e-01  +8.4900e-01
  +1.7399e+00  -8.6337e-01  +8.4900e-01
  +1.7467e+00  -8.4949e-01  +8.4900e-01
  +1.7534e+00  -8.3555e-01  +8.4900e-01
  +1.7600e+00  -8.2156e-01  +8.4900e-01
  +1.7665e+00  -8.0752e-01  +8.4900e-01
  +1.7729e+00  -7.9343e-01  +8.4900e-01
  +1.7791e+00  -7.7929e-01  +8.4900e-01
  +1.7853e+00  -7.6510e-01  +8.4900e-01
  +1.7913e+00  -7.5086e-01  +8.4900e-01
  +1.7973e+00  -7.3657e-01  +8.4900e-01
  +1.8031e+00  -7.2224e-01  +8.4900e-01
  +1.8088e+00  -7.0786e-01  +8.4900e-01
  +1.8143e+00  -6.9343e-01  +8.4900e-01
  +1.8198e+00  -6.7897e-01  +8.4900e-01
  +1.8251e+00  -6.6445e-01  +8.4900e-01
  +1.8304e+00  -6.4990e-01  +8.4900e-01
  +1.8355e+00  -6.3530e-01  +8.4900e-01
  +1.8405e+00  -6.2067e-01  +8.4900e-01
  +1.8454e+00  -6.0599e-01  +8.4900e-01
  +1.8501e+00  -5.9128e-01  +8.4900e-01
  +1.8548e+00  -5.7653e-01  +8.4900e-01
  +1.8593e+00  -5.6174e-01  +8.4900e-01
  +1.8637e+00  -5.4692e-01  +8.4900e-01
  +1.8680e+00  -5.3206e-01  +8.4900e-01
  +1.8722e+00  -5.1717e-01  +8.4900e-01
  +1.8763e+00  -5.0225e-01  +8.4900e-01
  +1.8802e+00  -4.8729e-01  +8.4900e-01
  +1.8840e+00  -4.7231e-01  +8.4900e-01
  +1.8877e+00  -4.5729e-01  +8.4900e-01
  +1.8913e+00  -4.4224e-01  +8.4900e-01
  +1.8948e+00  -4.2717e-01  +8.4900e-01
  +1.8981e+00  -4.1207e-01  +8.4900e-01
  +1.9013e+00  -3.9695e-01  +8.4900e-01
  +1.9044e+00  -3.8179e-01  +8.4900e-01
  +1.9074e+00  -3.6662e-01  +8.4900e-01
  +1.9103e+00  -3.5142e-01  +8.4900e-01
  +1.9130e+00  -3.3619e-01  +8.4900e-01
  +1.9156e+00  -3.2095e-01  +8.4900e-01
  +1.9181e+00  -3.0569e-01  +8.4900e-01
  +1.9205e+00  -2.9041e-01  +8.4900e-01
  +1.9228e+00  -2.7510e-01  +8.4900e-01
  +1.9249e+00  -2.5979e-01  +8.4900e-01
  +1.9269e+00  -2.4445e-01  +8.4900e-01
  +1.9288e+00  -2.2910e-01  +8.4900e-01
  +1.9305e+00  -2.1374e-01  +8.4900e-01
  +1.9322e+00  -1.9836e-01  +8.4900e-01
  +1.9337e+00  -1.8297e-01  +8.4900e-01
  +1.9351e+00  -1.6756e-01  +8.4900e-01
  +1.9364e+00  -1.5215e-01  +8.4900e-01
  +1.9375e+00  -1.3673e-01  +8.4900e-01
  +1.9385e+00  -1.2130e-01  +8.4900e-01
  +1.9394e+00  -1.0586e-01  +8.4900e-01
  +1.9402e+00  -9.0410e-02  +8.4900e-01
  +1.9409e+00  -7.4958e-02  +8.4900e-01
  +1.9414e+00  -5.9502e-02  +8.4900e-01
  +1.9418e+00  -4.4041e-02  +8.4900e-01
  +1.9421e+00  -2.8579e-02  +8.4900e-01
  +1.9423e+00  -1.3113e-02  +8.4900e-01
  +1.9423e+00  +2.3518e-03  +8.4900e-01
  +1.9423e+00  +1.7818e-02  +8.4900e-01
  +1.9420e+00  +3.3282e-02  +8.4900e-01
  +1.9417e+00  +4.8745e-02  +8.4900e-01
  +1.9413e+00  +6.4203e-02  +8.4900e-01
  +1.9407e+00  +7.9660e-02  +8.4900e-01
  +1.9400e+00  +9.5109e-02  +8.4900e-01
  +1.9392e+00  +1.1055e-01  +8.4900e-01
  +1.9382e+00  +1.2599e-01  +8.4900e-01
  +1.9372e+00  +1.4142e-01  +8.4900e-01
  +1.9360e+00  +1.5684e-01  +8.4900e-01
  +1.9347e+00  +1.7225e-01  +8.4900e-01
  +1.9332e+00  +1.8765e-01  +8.4900e-01
  +1.9317e+00  +2.0304e-01  +8.4900e-01
  +1.9300e+00  +2.1841e-01  +8.4900e-01
  +1.9282e+00  +2.3377e-01  +8.4900e-01
  +1.9263e+00  +2.4912e-01  +8.4900e-01
  +1.9242e+00  +2.6445e-01  +8.4900e-01
  +1.9221e+00  +2.7976e-01  +8.4900e-01
  +1.9198e+00  +2.9506e-01  +8.4900e-01
  +1.9174e+00  +3.1033e-01  +8.4900e-01
  +1.9148e+00  +3.2559e-01  +8.4900e-01
  +1.9148e+00  +3.2559e-01  +8.4900e-01
  +1.9234e+00  +3.2704e-01  +8.3431e-01
  +1.9319e+00  +3.2849e-01  +8.1962e-01
  +1.9405e+00  +3.2994e-01  +8.0493e-01
  +1.9490e+00  +3.3140e-01  +7.9024e-01
  +1.9575e+00  +3.3285e-01  +7.7556e-01
  +1.9661e+00  +3.3430e-01  +7.6087e-01
  +1.9746e+00  +3.3575e-01  +7.4618e-01
  +1.9831e+00  +3.3720e-01  +7.3149e-01
  +1.9917e+00  +3.3865e-01  +7.1680e-01
  +2.0002e+00  +3.4010e-01  +7.0211e-01
  +2.0087e+00  +3.4155e-01  +6.8742e-01
  +2.0173e+00  +3.4300e-01  +6.7273e-01
  +2.0258e+00  +3.4446e-01  +6.5804e-01
  +2.0343e+00  +3.4591e-01  +6.4336e-01
  +2.0429e+00  +3.4736e-01  +6.2867e-01
  +2.0514e+00  +3.4881e-01  +6.1398e-01
  +2.0599e+00  +3.5026e-01  +5.9929e-01
  +2.0685e+00  +3.5171e-01  +5.8460e-01
  +2.0712e+00  +3.3523e-01  +5.8460e-01
  +2.0738e+00  +3.1873e-01  +5.8460e-01
  +2.0763e+00  +3.0221e-01  +5.8460e-01
  +2.0786e+00  +2.8566e-01  +5.8460e-01
  +2.0808e+00  +2.6910e-01  +5.8460e-01
  +2.0829e+00  +2.5253e-01  +5.8460e-01
  +2.0848e+00  +2.3593e-01  +5.8460e-01
  +2.0867e+00  +2.1933e-01  +5.8460e-01
  +2.0883e+00  +2.0270e-01  +5.8460e-01
  +2.0899e+00  +1.8607e-01  +5.8460e-01
  +2.0913e+00  +1.6942e-01  +5.8460e-01
  +2.0926e+00  +1.5277e-01  +5.8460e-01
  +2.0937e+00  +1.3610e-01  +5.8460e-01
  +2.0948e+00  +1.1942e-01  +5.8460e-01
  +2.0956e+00  +1.0274e-01  +5.8460e-01
  +2.0964e+00  +8.6050e-02  +5.8460e-01
  +2.0970e+00  +6.9354e-02  +5.8460e-01
  +2.0975e+00  +5.2656e-02  +5.8460e-01
  +2.0978e+00  +3.5952e-02  +5.8460e-01
  +2.0981e+00  +1.9248e-02  +5.8460e-01
  +2.0982e+00  +2.5405e-03  +5.8460e-01
  +2.0981e+00  -1.4165e-02  +5.8460e-01
  +2.0979e+00  -3.0871e-02  +5.8460e-01
  +2.0976e+00  -4.7574e-02  +5.8460e-01
  +2.0972e+00  -6.4276e-02  +5.8460e-01
  +2.0966e+00  -8.0971e-02  +5.8460e-01
  +2.0959e+00  -9.7663e-02  +5.8460e-01
  +2.0950e+00  -1.1435e-01  +5.8460e-01
  +2.0941e+00  -1.3103e-01  +5.8460e-01
  +2.0929e+00  -1.4770e-01  +5.8460e-01
  +2.0917e+00  -1.6436e-01  +5.8460e-01
  +2.0903e+00  -1.8101e-01  +5.8460e-01
  +2.0888e+00  -1.9764e-01  +5.8460e-01
  +2.0872e+00  -2.1427e-01  +5.8460e-01
  +2.0854e+00  -2.3088e-01  +5.8460e-01
  +2.0835e+00  -2.4748e-01  +5.8460e-01
  +2.0815e+00  -2.6406e-01  +5.8460e-01
  +2.0793e+00  -2.8063e-01  +5.8460e-01
  +2.0770e+00  -2.9717e-01  +5.8460e-01
  +2.0746e+00  -3.1370e-01  +5.8460e-01
  +2.0720e+00  -3.3021e-01  +5.8460e-01
  +2.0693e+00  -3.4670e-01  +5.8460e-01
  +2.0665e+00  -3.6316e-01  +5.8460e-01
  +2.0635e+00  -3.7961e-01  +5.8460e-01
  +2.0604e+00  -3.9603e-01  +5.8460e-01
  +2.0572e+00  -4.1242e-01  +5.8460e-01
  +2.0539e+00  -4.2879e-01  +5.8460e-01
  +2.0504e+00  -4.4513e-01  +5.8460e-01
  +2.0468e+00  -4.6144e-01  +5.8460e-01
  +2.0430e+00  -4.7772e-01  +5.8460e-01
  +2.0392e+00  -4.9398e-01  +5.8460e-01
  +2.0352e+00  -5.1020e-01  +5.8460e-01
  +2.0310e+00  -5.2639e-01  +5.8460e-01
  +2.0268e+00  -5.4254e-01  +5.8460e-01
  +2.0224e+00  -5.5866e-01  +5.8460e-01
  +2.0179e+00  -5.7475e-01  +5.8460e-01
  +2.0133e+00  -5.9080e-01  +5.8460e-01
  +2.0085e+00  -6.0681e-01  +5.8460e-01
  +2.0036e+00  -6.2278e-01  +5.8460e-01
  +1.9986e+00  -6.3872e-01  +5.8460e-01
  +1.9934e+00  -6.5461e-01  +5.8460e-01
  +1.9881e+00  -6.7046e-01  +5.8460e-01
  +1.9827e+00  -6.8627e-01  +5.8460e-01
  +1.9772e+00  -7.0204e-01  +5.8460e-01
  +1.9716e+00  -7.1776e-01  +5.8460e-01
  +1.9658e+00  -7.3343e-01  +5.8460e-01
  +1.9599e+00  -7.4906e-01  +5.8460e-01
  +1.9539e+00  -7.6464e-01  +5.8460e-01
  +1.9477e+00  -7.8018e-01  +5.8460e-01
  +1.9414e+00  -7.9566e-01  +5.8460e-01
  +1.9350e+00  -8.1109e-01  +5.8460e-01
  +1.9285e+00  -8.2648e-01  +5.8460e-01
  +1.9219e+00  -8.4180e-01  +5.8460e-01
  +1.9151e+00  -8.5708e-01  +5.8460e-01
  +1.9082e+00  -8.7230e-01  +5.8460e-01
  +1.9012e+00  -8.8747e-01  +5.8460e-01
  +1.8941e+00  -9.0258e-01  +5.8460e-01
  +1.8868e+00  -9.1763e-01  +5.8460e-01
  +1.8795e+00  -9.3263e-01  +5.8460e-01
  +1.8720e+00  -9.4756e-01  +5.8460e-01
  +1.8644e+00  -9.6244e-01  +5.8460e-01
  +1.8567e+00  -9.7725e-01  +5.8460e-01
  