   12    1  121    1.00
   2.3898e+00   4.5139e-01  -3.2008e-01
   2.3898e+00   4.5139e-01  -2.8835e-01
   2.3898e+00   4.5139e-01  -2.5661e-01
   2.3898e+00   4.5139e-01  -2.2488e-01
   2.3898e+00   4.5139e-01  -1.9314e-01
   2.3898e+00   4.5139e-01  -1.6141e-01
   2.3898e+00   4.5139e-01  -1.2967e-01
   2.3898e+00   4.5139e-01  -9.7939e-02
   2.3898e+00   4.5139e-01  -6.6205e-02
   2.3898e+00   4.5139e-01  -3.4470e-02
   2.3898e+00   4.5139e-01  -2.7355e-03
   2.3898e+00   4.5139e-01   2.8999e-02
   2.3898e+00   4.5139e-01   6.0734e-02
   2.3898e+00   4.5139e-01   9.2468e-02
   2.3898e+00   4.5139e-01   1.2420e-01
   2.3898e+00   4.5139e-01   1.5594e-01
   2.3898e+00   4.5139e-01   1.8767e-01
   2.3898e+00   4.5139e-01   2.1941e-01
   2.3898e+00   4.5139e-01   2.5114e-01
   2.3898e+00   4.5139e-01   2.8288e-01
   2.3898e+00   4.5139e-01   3.1461e-01
   2.3838e+00   4.8184e-01   3.1461e-01
   2.3775e+00   5.1221e-01   3.1461e-01
   2.3708e+00   5.4249e-01   3.1461e-01
   2.3637e+00   5.7269e-01   3.1461e-01
   2.3562e+00   6.0279e-01   3.1461e-01
   2.3483e+00   6.3279e-01   3.1461e-01
   2.3400e+00   6.6269e-01   3.1461e-01
   2.3314e+00   6.9249e-01   3.1461e-01
   2.3224e+00   7.2217e-01   3.1461e-01
   2.3130e+00   7.5173e-01   3.1461e-01
   2.3032e+00   7.8117e-01   3.1461e-01
   2.2930e+00   8.1049e-01   3.1461e-01
   2.2825e+00   8.3967e-01   3.1461e-01
   2.2716e+00   8.6872e-01   3.1461e-01
   2.2603e+00   8.9762e-01   3.1461e-01
   2.2487e+00   9.2638e-01   3.1461e-01
   2.2367e+00   9.5499e-01   3.1461e-01
   2.2243e+00   9.8344e-01   3.1461e-01
   2.2116e+00   1.0117e+00   3.1461e-01
   2.1985e+00   1.0399e+00   3.1461e-01
   2.1851e+00   1.0678e+00   3.1461e-01
   2.1713e+00   1.0956e+00   3.1461e-01
   2.1571e+00   1.1232e+00   3.1461e-01
   2.1426e+00   1.1506e+00   3.1461e-01
   2.1278e+00   1.1779e+00   3.1461e-01
   2.1126e+00   1.2049e+00   3.1461e-01
   2.0971e+00   1.2318e+00   3.1461e-01
   2.0812e+00   1.2584e+00   3.1461e-01
   2.0650e+00   1.2849e+00   3.1461e-01
   2.0484e+00   1.3111e+00   3.1461e-01
   2.0315e+00   1.3371e+00   3.1461e-01
   2.0143e+00   1.3629e+00   3.1461e-01
   1.9967e+00   1.3885e+00   3.1461e-01
   1.9789e+00   1.4139e+00   3.1461e-01
   1.9607e+00   1.4390e+00   3.1461e-01
   1.9422e+00   1.4639e+00   3.1461e-01
   1.9233e+00   1.4885e+00   3.1461e-01
   1.9042e+00   1.5129e+00   3.1461e-01
   1.8847e+00   1.5371e+00   3.1461e-01
   1.8650e+00   1.5610e+00   3.1461e-01
   1.8650e+00   1.5610e+00   2.8288e-01
   1.8650e+00   1.5610e+00   2.5114e-01
   1.8650e+00   1.5610e+00   2.1941e-01
   1.8650e+00   1.5610e+00   1.8767e-01
   1.8650e+00   1.5610e+00   1.5594e-01
   1.8650e+00   1.5610e+00   1.2420e-01
   1.8650e+00   1.5610e+00   9.2468e-02
   1.8650e+00   1.5610e+00   6.0734e-02
   1.8650e+00   1.5610e+00   2.8999e-02
   1.8650e+00   1.5610e+00  -2.7355e-03
   1.8650e+00   1.5610e+00  -3.4470e-02
   1.8650e+00   1.5610e+00  -6.6205e-02
   1.8650e+00   1.5610e+00  -9.7939e-02
   1.8650e+00   1.5610e+00  -1.2967e-01
   1.8650e+00   1.5610e+00  -1.6141e-01
   1.8650e+00   1.5610e+00  -1.9314e-01
   1.8650e+00   1.5610e+00  -2.2488e-01
   1.8650e+00   1.5610e+00  -2.5661e-01
   1.8650e+00   1.5610e+00  -2.8835e-01
   1.8650e+00   1.5610e+00  -3.2008e-01
   1.8847e+00   1.5371e+00  -3.2008e-01
   1.9042e+00   1.5129e+00  -3.2008e-01
   1.9233e+00   1.4885e+00  -3.2008e-01
   1.9422e+00   1.4639e+00  -3.2008e-01
   1.9607e+00   1.4390e+00  -3.2008e-01
   1.9789e+00   1.4139e+00  -3.2008e-01
   1.9967e+00   1.3885e+00  -3.2008e-01
   2.0143e+00   1.3629e+00  -3.2008e-01
   2.0315e+00   1.3371e+00  -3.2008e-01
   2.0484e+00   1.3111e+00  -3.2008e-01
   2.0650e+00   1.2849e+00  -3.2008e-01
   2.0812e+00   1.2584e+00  -3.2008e-01
   2.0971e+00   1.2318e+00  -3.2008e-01
   2.1126e+00   1.2049e+00  -3.2008e-01
   2.1278e+00   1.1779e+00  -3.2008e-01
   2.1426e+00   1.1506e+00  -3.2008e-01
   2.1571e+00   1.1232e+00  -3.2008e-01
   2.1713e+00   1.0956e+00  -3.2008e-01
   2.1851e+00   1.0678e+00  -3.2008e-01
   2.1985e+00   1.0399e+00  -3.2008e-01
   2.2116e+00   1.0117e+00  -3.2008e-01
   2.2243e+00   9.8344e-01  -3.2008e-01
   2.2367e+00   9.5499e-01  -3.2008e-01
   2.2487e+00   9.2638e-01  -3.2008e-01
   2.2603e+00   8.9762e-01  -3.2008e-01
   2.2716e+00   8.6872e-01  -3.2008e-01
   2.2825e+00   8.3967e-01  -3.2008e-01
   2.2930e+00   8.1049e-01  -3.2008e-01
   2.3032e+00   7.8117e-01  -3.2008e-01
   2.3130e+00   7.5173e-01  -3.2008e-01
   2.3224e+00   7.2217e-01  -3.2008e-01
   2.3314e+00   6.9249e-01  -3.2008e-01
   2.3400e+00   6.6269e-01  -3.2008e-01
   2.3483e+00   6.3279e-01  -3.2008e-01
   2.3562e+00   6.0279e-01  -3.2008e-01
   2.3637e+00   5.7269e-01  -3.2008e-01
   2.3708e+00   5.4249e-01  -3.2008e-01
   2.3775e+00   5.1221e-01  -3.2008e-01
   2.3838e+00   4.8184e-01  -3.2008e-01
   2.3898e+00   4.5139e-01  -3.2008e-01
   1.8424e+00   1.5876e+00  -3.2675e-01
   1.8424e+00   1.5876e+00  -2.9468e-01
   1.8424e+00   1.5876e+00  -2.6261e-01
   1.8424e+00   1.5876e+00  -2.3054e-01
   1.8424e+00   1.5876e+00  -1.9847e-01
   1.8424e+00   1.5876e+00  -1.6641e-01
   1.8424e+00   1.5876e+00  -1.3434e-01
   1.8424e+00   1.5876e+00  -1.0227e-01
   1.8424e+00   1.5876e+00  -7.0204e-02
   1.8424e+00   1.5876e+00  -3.8136e-02
   1.8424e+00   1.5876e+00  -6.0680e-03
   1.8424e+00   1.5876e+00   2.6000e-02
   1.8424e+00   1.5876e+00   5.8068e-02
   1.8424e+00   1.5876e+00   9.0135e-02
   1.8424e+00   1.5876e+00   1.2220e-01
   1.8424e+00   1.5876e+00   1.5427e-01
   1.8424e+00   1.5876e+00   1.8634e-01
   1.8424e+00   1.5876e+00   2.1841e-01
   1.8424e+00   1.5876e+00   2.5047e-01
   1.8424e+00   1.5876e+00   2.8254e-01
   1.8424e+00   1.5876e+00   3.1461e-01
   1.8222e+00   1.6108e+00   3.1461e-01
   1.8017e+00   1.6336e+00   3.1461e-01
   1.7809e+00   1.6562e+00   3.1461e-01
   1.7599e+00   1.6786e+00   3.1461e-01
   1.7386e+00   1.7007e+00   3.1461e-01
   1.7169e+00   1.7225e+00   3.1461e-01
   1.6951e+00   1.7440e+00   3.1461e-01
   1.6729e+00   1.7653e+00   3.1461e-01
   1.6505e+00   1.7863e+00   3.1461e-01
   1.6278e+00   1.8069e+00   3.1461e-01
   1.6049e+00   1.8274e+00   3.1461e-01
   1.5817e+00   1.8475e+00   3.1461e-01
   1.5582e+00   1.8673e+00   3.1461e-01
   1.5345e+00   1.8868e+00   3.1461e-01
   1.5106e+00   1.9060e+00   3.1461e-01
   1.4864e+00   1.9249e+00   3.1461e-01
   1.4620e+00   1.9435e+00   3.1461e-01
   1.4374e+00   1.9618e+00   3.1461e-01
   1.4125e+00   1.9798e+00   3.1461e-01
   1.3874e+00   1.9975e+00   3.1461e-01
   1.3621e+00   2.0149e+00   3.1461e-01
   1.3365e+00   2.0319e+00   3.1461e-01
   1.3108e+00   2.0486e+00   3.1461e-01
   1.2848e+00   2.0650e+00   3.1461e-01
   1.2586e+00   2.0810e+00   3.1461e-01
   1.2323e+00   2.0968e+00   3.1461e-01
   1.2057e+00   2.1121e+00   3.1461e-01
   1.1789e+00   2.1272e+00   3.1461e-01
   1.1520e+00   2.1419e+00   3.1461e-01
   1.1249e+00   2.1563e+00   3.1461e-01
   1.0976e+00   2.1703e+00   3.1461e-01
   1.0701e+00   2.1840e+00   3.1461e-01
   1.0424e+00   2.1973e+00   3.1461e-01
   1.0146e+00   2.2103e+00   3.1461e-01
   9.8662e-01   2.2229e+00   3.1461e-01
   9.5848e-01   2.2352e+00   3.1461e-01
   9.3019e-01   2.2471e+00   3.1461e-01
   9.0175e-01   2.2587e+00   3.1461e-01
   8.7317e-01   2.2699e+00   3.1461e-01
   8.4445e-01   2.2807e+00   3.1461e-01
   8.4445e-01   2.2807e+00   2.8254e-01
   8.4445e-01   2.2807e+00   2.5047e-01
   8.4445e-01   2.2807e+00   2.1841e-01
   8.4445e-01   2.2807e+00   1.8634e-01
   8.4445e-01   2.2807e+00   1.5427e-01
   8.4445e-01   2.2807e+00   1.2220e-01
   8.4445e-01   2.2807e+00   9.0135e-02
   8.4445e-01   2.2807e+00   5.8068e-02
   8.4445e-01   2.2807e+00   2.6000e-02
   8.4445e-01   2.2807e+00  -6.0680e-03
   8.4445e-01   2.2807e+00  -3.8136e-02
   8.4445e-01   2.2807e+00  -7.0204e-02
   8.4445e-01   2.2807e+00  -1.0227e-01
   8.4445e-01   2.2807e+00  -1.3434e-01
   8.4445e-01   2.2807e+00  -1.6641e-01
   8.4445e-01   2.2807e+00  -1.9847e-01
   8.4445e-01   2.2807e+00  -2.3054e-01
   8.4445e-01   2.2807e+00  -2.6261e-01
   8.4445e-01   2.2807e+00  -2.9468e-01
   8.4445e-01   2.2807e+00  -3.2675e-01
   8.7317e-01   2.2699e+00  -3.2675e-01
   9.0175e-01   2.2587e+00  -3.2675e-01
   9.3019e-01   2.2471e+00  -3.2675e-01
   9.5848e-01   2.2352e+00  -3.2675e-01
   9.8662e-01   2.2229e+00  -3.2675e-01
   1.0146e+00   2.2103e+00  -3.2675e-01
   1.0424e+00   2.1973e+00  -3.2675e-01
   1.0701e+00   2.1840e+00  -3.2675e-01
   1.0976e+00   2.1703e+00  -3.2675e-01
   1.1249e+00   2.1563e+00  -3.2675e-01
   1.1520e+00   2.1419e+00  -3.2675e-01
   1.1789e+00   2.1272e+00  -3.2675e-01
   1.2057e+00   2.1121e+00  -3.2675e-01
   1.2323e+00   2.0968e+00  -3.2675e-01
   1.2586e+00   2.0810e+00  -3.2675e-01
   1.2848e+00   2.0650e+00  -3.2675e-01
   1.3108e+00   2.0486e+00  -3.2675e-01
   1.3365e+00   2.0319e+00  -3.2675e-01
   1.3621e+00   2.0149e+00  -3.2675e-01
   1.3874e+00   1.9975e+00  -3.2675e-01
   1.4125e+00   1.9798e+00  -3.2675e-01
   1.4374e+00   1.9618e+00  -3.2675e-01
   1.4620e+00   1.9435e+00  -3.2675e-01
   1.4864e+00   1.9249e+00  -3.2675e-01
   1.5106e+00   1.9060e+00  -3.2675e-01
   1.5345e+00   1.8868e+00  -3.2675e-01
   1.5582e+00   1.8673e+00  -3.2675e-01
   1.5817e+00   1.8475e+00  -3.2675e-01
   1.6049e+00   1.8274e+00  -3.2675e-01
   1.6278e+00   1.8069e+00  -3.2675e-01
   1.6505e+00   1.7863e+00  -3.2675e-01
   1.6729e+00   1.7653e+00  -3.2675e-01
   1.6951e+00   1.7440e+00  -3.2675e-01
   1.7169e+00   1.7225e+00  -3.2675e-01
   1.7386e+00   1.7007e+00  -3.2675e-01
   1.7599e+00   1.6786e+00  -3.2675e-01
   1.7809e+00   1.6562e+00  -3.2675e-01
   1.8017e+00   1.6336e+00  -3.2675e-01
   1.8222e+00   1.6108e+00  -3.2675e-01
   1.8424e+00   1.5876e+00  -3.2675e-01
   8.1161e-01   2.2926e+00  -3.2675e-01
   8.1161e-01   2.2926e+00  -2.9468e-01
   8.1161e-01   2.2926e+00  -2.6261e-01
   8.1161e-01   2.2926e+00  -2.3054e-01
   8.1161e-01   2.2926e+00  -1.9847e-01
   8.1161e-01   2.2926e+00  -1.6641e-01
   8.1161e-01   2.2926e+00  -1.3434e-01
   8.1161e-01   2.2926e+00  -1.0227e-01
   8.1161e-01   2.2926e+00  -7.0204e-02
   8.1161e-01   2.2926e+00  -3.8136e-02
   8.1161e-01   2.2926e+00  -6.0680e-03
   8.1161e-01   2.2926e+00   2.6000e-02
   8.1161e-01   2.2926e+00   5.8068e-02
   8.1161e-01   2.2926e+00   9.0135e-02
   8.1161e-01   2.2926e+00   1.2220e-01
   8.1161e-01   2.2926e+00   1.5427e-01
   8.1161e-01   2.2926e+00   1.8634e-01
   8.1161e-01   2.2926e+00   2.1841e-01
   8.1161e-01   2.2926e+00   2.5047e-01
   8.1161e-01   2.2926e+00   2.8254e-01
   8.1161e-01   2.2926e+00   3.1461e-01
   7.8261e-01   2.3027e+00   3.1461e-01
   7.5348e-01   2.3124e+00   3.1461e-01
   7.2423e-01   2.3217e+00   3.1461e-01
   6.9487e-01   2.3307e+00   3.1461e-01
   6.6539e-01   2.3393e+00   3.1461e-01
   6.3581e-01   2.3475e+00   3.1461e-01
   6.0613e-01   2.3553e+00   3.1461e-01
   5.7635e-01   2.3628e+00   3.1461e-01
   5.4648e-01   2.3699e+00   3.1461e-01
   5.1652e-01   2.3766e+00   3.1461e-01
   4.8648e-01   2.3829e+00   3.1461e-01
   4.5636e-01   2.3888e+00   3.1461e-01
   4.2617e-01   2.3944e+00   3.1461e-01
   3.9591e-01   2.3996e+00   3.1461e-01
   3.6559e-01   2.4044e+00   3.1461e-01
   3.3521e-01   2.4088e+00   3.1461e-01
   3.0478e-01   2.4129e+00   3.1461e-01
   2.7430e-01   2.4165e+00   3.1461e-01
   2.4377e-01   2.4198e+00   3.1461e-01
   2.1321e-01   2.4227e+00   3.1461e-01
   1.8261e-01   2.4252e+00   3.1461e-01
   1.5199e-01   2.4273e+00   3.1461e-01
   1.2133e-01   2.4290e+00   3.1461e-01
   9.0663e-02   2.4304e+00   3.1461e-01
   5.9978e-02   2.4313e+00   3.1461e-01
   2.9284e-02   2.4319e+00   3.1461e-01
  -1.4156e-03   2.4320e+00   3.1461e-01
  -3.2115e-02   2.4318e+00   3.1461e-01
  -6.2809e-02   2.4312e+00   3.1461e-01
  -9.3493e-02   2.4303e+00   3.1461e-01
  -1.2416e-01   2.4289e+00   3.1461e-01
  -1.5481e-01   2.4271e+00   3.1461e-01
  -1.8544e-01   2.4250e+00   3.1461e-01
  -2.1603e-01   2.4224e+00   3.1461e-01
  -2.4659e-01   2.4195e+00   3.1461e-01
  -2.7711e-01   2.4162e+00   3.1461e-01
  -3.0759e-01   2.4125e+00   3.1461e-01
  -3.3802e-01   2.4084e+00   3.1461e-01
  -3.6839e-01   2.4040e+00   3.1461e-01
  -3.9871e-01   2.3991e+00   3.1461e-01
  -3.9871e-01   2.3991e+00   2.8254e-01
  -3.9871e-01   2.3991e+00   2.5047e-01
  -3.9871e-01   2.3991e+00   2.1841e-01
  -3.9871e-01   2.3991e+00   1.8634e-01
  -3.9871e-01   2.3991e+00   1.5427e-01
  -3.9871e-01   2.3991e+00   1.2220e-01
  -3.9871e-01   2.3991e+00   9.0135e-02
  -3.9871e-01   2.3991e+00   5.8068e-02
  -3.9871e-01   2.3991e+00   2.6000e-02
  -3.9871e-01   2.3991e+00  -6.0680e-03
  -3.9871e-01   2.3991e+00  -3.8136e-02
  -3.9871e-01   2.3991e+00  -7.0204e-02
  -3.9871e-01   2.3991e+00  -1.0227e-01
  -3.9871e-01   2.3991e+00  -1.3434e-01
  -3.9871e-01   2.3991e+00  -1.6641e-01
  -3.9871e-01   2.3991e+00  -1.9847e-01
  -3.9871e-01   2.3991e+00  -2.3054e-01
  -3.9871e-01   2.3991e+00  -2.6261e-01
  -3.9871e-01   2.3991e+00  -2.9468e-01
  -3.9871e-01   2.3991e+00  -3.2675e-01
  -3.6839e-01   2.4040e+00  -3.2675e-01
  -3.3802e-01   2.4084e+00  -3.2675e-01
  -3.0759e-01   2.4125e+00  -3.2675e-01
  -2.7711e-01   2.4162e+00  -3.2675e-01
  -2.4659e-01   2.4195e+00  -3.2675e-01
  -2.1603e-01   2.4224e+00  -3.2675e-01
  -1.8544e-01   2.4250e+00  -3.2675e-01
  -1.5481e-01   2.4271e+00  -3.2675e-01
  -1.2416e-01   2.4289e+00  -3.2675e-01
  -9.3493e-02   2.4303e+00  -3.2675e-01
  -6.2809e-02   2.4312e+00  -3.2675e-01
  -3.2115e-02   2.4318e+00  -3.2675e-01
  -1.4156e-03   2.4320e+00  -3.2675e-01
   2.9284e-02   2.4319e+00  -3.2675e-01
   5.9978e-02   2.4313e+00  -3.2675e-01
   9.0663e-02   2.4304e+00  -3.2675e-01
   1.2133e-01   2.4290e+00  -3.2675e-01
   1.5199e-01   2.4273e+00  -3.2675e-01
   1.8261e-01   2.4252e+00  -3.2675e-01
   2.1321e-01   2.4227e+00  -3.2675e-01
   2.4377e-01   2.4198e+00  -3.2675e-01
   2.7430e-01   2.4165e+00  -3.2675e-01
   3.0478e-01   2.4129e+00  -3.2675e-01
   3.3521e-01   2.4088e+00  -3.2675e-01
   3.6559e-01   2.4044e+00  -3.2675e-01
   3.9591e-01   2.3996e+00  -3.2675e-01
   4.2617e-01   2.3944e+00  -3.2675e-01
   4.5636e-01   2.3888e+00  -3.2675e-01
   4.8648e-01   2.3829e+00  -3.2675e-01
   5.1652e-01   2.3766e+00  -3.2675e-01
   5.4648e-01   2.3699e+00  -3.2675e-01
   5.7635e-01   2.3628e+00  -3.2675e-01
   6.0613e-01   2.3553e+00  -3.2675e-01
   6.3581e-01   2.3475e+00  -3.2675e-01
   6.6539e-01   2.3393e+00  -3.2675e-01
   6.9487e-01   2.3307e+00  -3.2675e-01
   7.2423e-01   2.3217e+00  -3.2675e-01
   7.5348e-01   2.3124e+00  -3.2675e-01
   7.8261e-01   2.3027e+00  -3.2675e-01
   8.1161e-01   2.2926e+00  -3.2675e-01
  -4.3312e-01   2.3932e+00  -3.2675e-01
  -4.3312e-01   2.3932e+00  -2.9468e-01
  -4.3312e-01   2.3932e+00  -2.6261e-01
  -4.3312e-01   2.3932e+00  -2.3054e-01
  -4.3312e-01   2.3932e+00  -1.9847e-01
  -4.3312e-01   2.3932e+00  -1.6641e-01
  -4.3312e-01   2.3932e+00  -1.3434e-01
  -4.3312e-01   2.3932e+00  -1.0227e-01
  -4.3312e-01   2.3932e+00  -7.0203e-02
  -4.3312e-01   2.3932e+00  -3.8135e-02
  -4.3312e-01   2.3932e+00  -6.0677e-03
  -4.3312e-01   2.3932e+00   2.6000e-02
  -4.3312e-01   2.3932e+00   5.8068e-02
  -4.3312e-01   2.3932e+00   9.0136e-02
  -4.3312e-01   2.3932e+00   1.2220e-01
  -4.3312e-01   2.3932e+00   1.5427e-01
  -4.3312e-01   2.3932e+00   1.8634e-01
  -4.3312e-01   2.3932e+00   2.1841e-01
  -4.3312e-01   2.3932e+00   2.5047e-01
  -4.3312e-01   2.3932e+00   2.8254e-01
  -4.3312e-01   2.3932e+00   3.1461e-01
  -4.6329e-01   2.3875e+00   3.1461e-01
  -4.9339e-01   2.3815e+00   3.1461e-01
  -5.2341e-01   2.3751e+00   3.1461e-01
  -5.5335e-01   2.3683e+00   3.1461e-01
  -5.8320e-01   2.3611e+00   3.1461e-01
  -6.1296e-01   2.3535e+00   3.1461e-01
  -6.4262e-01   2.3456e+00   3.1461e-01
  -6.7218e-01   2.3373e+00   3.1461e-01
  -7.0163e-01   2.3286e+00   3.1461e-01
  -7.3096e-01   2.3196e+00   3.1461e-01
  -7.6018e-01   2.3102e+00   3.1461e-01
  -7.8929e-01   2.3004e+00   3.1461e-01
  -8.1826e-01   2.2903e+00   3.1461e-01
  -8.4710e-01   2.2798e+00   3.1461e-01
  -8.7581e-01   2.2689e+00   3.1461e-01
  -9.0438e-01   2.2576e+00   3.1461e-01
  -9.3281e-01   2.2460e+00   3.1461e-01
  -9.6109e-01   2.2341e+00   3.1461e-01
  -9.8921e-01   2.2218e+00   3.1461e-01
  -1.0172e+00   2.2091e+00   3.1461e-01
  -1.0450e+00   2.1961e+00   3.1461e-01
  -1.0726e+00   2.1827e+00   3.1461e-01
  -1.1001e+00   2.1690e+00   3.1461e-01
  -1.1274e+00   2.1550e+00   3.1461e-01
  -1.1545e+00   2.1406e+00   3.1461e-01
  -1.1814e+00   2.1258e+00   3.1461e-01
  -1.2082e+00   2.1107e+00   3.1461e-01
  -1.2347e+00   2.0953e+00   3.1461e-01
  -1.2611e+00   2.0796e+00   3.1461e-01
  -1.2872e+00   2.0635e+00   3.1461e-01
  -1.3131e+00   2.0471e+00   3.1461e-01
  -1.3389e+00   2.0303e+00   3.1461e-01
  -1.3644e+00   2.0133e+00   3.1461e-01
  -1.3897e+00   1.9959e+00   3.1461e-01
  -1.4148e+00   1.9782e+00   3.1461e-01
  -1.4396e+00   1.9602e+00   3.1461e-01
  -1.4643e+00   1.9418e+00   3.1461e-01
  -1.4887e+00   1.9232e+00   3.1461e-01
  -1.5128e+00   1.9043e+00   3.1461e-01
  -1.5367e+00   1.8850e+00   3.1461e-01
  -1.5367e+00   1.8850e+00   2.8254e-01
  -1.5367e+00   1.8850e+00   2.5047e-01
  -1.5367e+00   1.8850e+00   2.1841e-01
  -1.5367e+00   1.8850e+00   1.8634e-01
  -1.5367e+00   1.8850e+00   1.5427e-01
  -1.5367e+00   1.8850e+00   1.2220e-01
  -1.5367e+00   1.8850e+00   9.0136e-02
  -1.5367e+00   1.8850e+00   5.8068e-02
  -1.5367e+00   1.8850e+00   2.6000e-02
  -1.5367e+00   1.8850e+00  -6.0677e-03
  -1.5367e+00   1.8850e+00  -3.8135e-02
  -1.5367e+00   1.8850e+00  -7.0203e-02
  -1.5367e+00   1.8850e+00  -1.0227e-01
  -1.5367e+00   1.8850e+00  -1.3434e-01
  -1.5367e+00   1.8850e+00  -1.6641e-01
  -1.5367e+00   1.8850e+00  -1.9847e-01
  -1.5367e+00   1.8850e+00  -2.3054e-01
  -1.5367e+00   1.8850e+00  -2.6261e-01
  -1.5367e+00   1.8850e+00  -2.9468e-01
  -1.5367e+00   1.8850e+00  -3.2675e-01
  -1.5128e+00   1.9043e+00  -3.2675e-01
  -1.4887e+00   1.9232e+00  -3.2675e-01
  -1.4643e+00   1.9418e+00  -3.2675e-01
  -1.4396e+00   1.9602e+00  -3.2675e-01
  -1.4148e+00   1.9782e+00  -3.2675e-01
  -1.3897e+00   1.9959e+00  -3.2675e-01
  -1.3644e+00   2.0133e+00  -3.2675e-01
  -1.3389e+00   2.0303e+00  -3.2675e-01
  -1.3131e+00   2.0471e+00  -3.2675e-01
  -1.2872e+00   2.0635e+00  -3.2675e-01
  -1.2611e+00   2.0796e+00  -3.2675e-01
  -1.2347e+00   2.0953e+00  -3.2675e-01
  -1.2082e+00   2.1107e+00  -3.2675e-01
  -1.1814e+00   2.1258e+00  -3.2675e-01
  -1.1545e+00   2.1406e+00  -3.2675e-01
  -1.1274e+00   2.1550e+00  -3.2675e-01
  -1.1001e+00   2.1690e+00  -3.2675e-01
  -1.0726e+00   2.1827e+00  -3.2675e-01
  -1.0450e+00   2.1961e+00  -3.2675e-01
  -1.0172e+00   2.2091e+00  -3.2675e-01
  -9.8921e-01   2.2218e+00  -3.2675e-01
  -9.6109e-01   2.2341e+00  -3.2675e-01
  -9.3281e-01   2.2460e+00  -3.2675e-01
  -9.0438e-01   2.2576e+00  -3.2675e-01
  -8.7581e-01   2.2689e+00  -3.2675e-01
  -8.4710e-01   2.2798e+00  -3.2675e-01
  -8.1826e-01   2.2903e+00  -3.2675e-01
  -7.8929e-01   2.3004e+00  -3.2675e-01
  -7.6018e-01   2.3102e+00  -3.2675e-01
  -7.3096e-01   2.3196e+00  -3.2675e-01
  -7.0163e-01   2.3286e+00  -3.2675e-01
  -6.7218e-01   2.3373e+00  -3.2675e-01
  -6.4262e-01   2.3456e+00  -3.2675e-01
  -6.1296e-01   2.3535e+00  -3.2675e-01
  -5.8320e-01   2.3611e+00  -3.2675e-01
  -5.5335e-01   2.3683e+00  -3.2675e-01
  -5.2341e-01   2.3751e+00  -3.2675e-01
  -4.9339e-01   2.3815e+00  -3.2675e-01
  -4.6329e-01   2.3875e+00  -3.2675e-01
  -4.3312e-01   2.3932e+00  -3.2675e-01
  -1.5637e+00   1.8628e+00  -3.4773e-01
  -1.5637e+00   1.8628e+00  -3.1566e-01
  -1.5637e+00   1.8628e+00  -2.8359e-01
  -1.5637e+00   1.8628e+00  -2.5152e-01
  -1.5637e+00   1.8628e+00  -2.1946e-01
  -1.5637e+00   1.8628e+00  -1.8739e-01
  -1.5637e+00   1.8628e+00  -1.5532e-01
  -1.5637e+00   1.8628e+00  -1.2325e-01
  -1.5637e+00   1.8628e+00  -9.1185e-02
  -1.5637e+00   1.8628e+00  -5.9118e-02
  -1.5637e+00   1.8628e+00  -2.7050e-02
  -1.5637e+00   1.8628e+00   5.0171e-03
  -1.5637e+00   1.8628e+00   3.7085e-02
  -1.5637e+00   1.8628e+00   6.9152e-02
  -1.5637e+00   1.8628e+00   1.0122e-01
  -1.5637e+00   1.8628e+00   1.3329e-01
  -1.5637e+00   1.8628e+00   1.6535e-01
  -1.5637e+00   1.8628e+00   1.9742e-01
  -1.5637e+00   1.8628e+00   2.2949e-01
  -1.5637e+00   1.8628e+00   2.6156e-01
  -1.5637e+00   1.8628e+00   2.9362e-01
  -1.5870e+00   1.8429e+00   2.9362e-01
  -1.6102e+00   1.8227e+00   2.9362e-01
  -1.6331e+00   1.8022e+00   2.9362e-01
  -1.6557e+00   1.7815e+00   2.9362e-01
  -1.6780e+00   1.7604e+00   2.9362e-01
  -1.7001e+00   1.7391e+00   2.9362e-01
  -1.7219e+00   1.7175e+00   2.9362e-01
  -1.7435e+00   1.6956e+00   2.9362e-01
  -1.7647e+00   1.6735e+00   2.9362e-01
  -1.7857e+00   1.6511e+00   2.9362e-01
  -1.8064e+00   1.6284e+00   2.9362e-01
  -1.8268e+00   1.6055e+00   2.9362e-01
  -1.8470e+00   1.5823e+00   2.9362e-01
  -1.8668e+00   1.5588e+00   2.9362e-01
  -1.8863e+00   1.5352e+00   2.9362e-01
  -1.9055e+00   1.5112e+00   2.9362e-01
  -1.9245e+00   1.4870e+00   2.9362e-01
  -1.9431e+00   1.4626e+00   2.9362e-01
  -1.9614e+00   1.4380e+00   2.9362e-01
  -1.9794e+00   1.4131e+00   2.9362e-01
  -1.9971e+00   1.3880e+00   2.9362e-01
  -2.0144e+00   1.3627e+00   2.9362e-01
  -2.0315e+00   1.3372e+00   2.9362e-01
  -2.0482e+00   1.3114e+00   2.9362e-01
  -2.0646e+00   1.2855e+00   2.9362e-01
  -2.0806e+00   1.2593e+00   2.9362e-01
  -2.0964e+00   1.2329e+00   2.9362e-01
  -2.1118e+00   1.2064e+00   2.9362e-01
  -2.1268e+00   1.1796e+00   2.9362e-01
  -2.1415e+00   1.1527e+00   2.9362e-01
  -2.1559e+00   1.1256e+00   2.9362e-01
  -2.1700e+00   1.0983e+00   2.9362e-01
  -2.1836e+00   1.0708e+00   2.9362e-01
  -2.1970e+00   1.0431e+00   2.9362e-01
  -2.2100e+00   1.0153e+00   2.9362e-01
  -2.2226e+00   9.8733e-01   2.9362e-01
  -2.2349e+00   9.5920e-01   2.9362e-01
  -2.2468e+00   9.3091e-01   2.9362e-01
  -2.2584e+00   9.0248e-01   2.9362e-01
  -2.2696e+00   8.7390e-01   2.9362e-01
  -2.2696e+00   8.7390e-01   2.6156e-01
  -2.2696e+00   8.7390e-01   2.2949e-01
  -2.2696e+00   8.7390e-01   1.9742e-01
  -2.2696e+00   8.7390e-01   1.6535e-01
  -2.2696e+00   8.7390e-01   1.3329e-01
  -2.2696e+00   8.7390e-01   1.0122e-01
  -2.2696e+00   8.7390e-01   6.9152e-02
  -2.2696e+00   8.7390e-01   3.7085e-02
  -2.2696e+00   8.7390e-01   5.0171e-03
  -2.2696e+00   8.7390e-01  -2.7050e-02
  -2.2696e+00   8.7390e-01  -5.9118e-02
  -2.2696e+00   8.7390e-01  -9.1185e-02
  -2.2696e+00   8.7390e-01  -1.2325e-01
  -2.2696e+00   8.7390e-01  -1.5532e-01
  -2.2696e+00   8.7390e-01  -1.8739e-01
  -2.2696e+00   8.7390e-01  -2.1946e-01
  -2.2696e+00   8.7390e-01  -2.5152e-01
  -2.2696e+00   8.7390e-01  -2.8359e-01
  -2.2696e+00   8.7390e-01  -3.1566e-01
  -2.2696e+00   8.7390e-01  -3.4773e-01
  -2.2584e+00   9.0248e-01  -3.4773e-01
  -2.2468e+00   9.3091e-01  -3.4773e-01
  -2.2349e+00   9.5920e-01  -3.4773e-01
  -2.2226e+00   9.8733e-01  -3.4773e-01
  -2.2100e+00   1.0153e+00  -3.4773e-01
  -2.1970e+00   1.0431e+00  -3.4773e-01
  -2.1836e+00   1.0708e+00  -3.4773e-01
  -2.1700e+00   1.0983e+00  -3.4773e-01
  -2.1559e+00   1.1256e+00  -3.4773e-01
  -2.1415e+00   1.1527e+00  -3.4773e-01
  -2.1268e+00   1.1796e+00  -3.4773e-01
  -2.1118e+00   1.2064e+00  -3.4773e-01
  -2.0964e+00   1.2329e+00  -3.4773e-01
  -2.0806e+00   1.2593e+00  -3.4773e-01
  -2.0646e+00   1.2855e+00  -3.4773e-01
  -2.0482e+00   1.3114e+00  -3.4773e-01
  -2.0315e+00   1.3372e+00  -3.4773e-01
  -2.0144e+00   1.3627e+00  -3.4773e-01
  -1.9971e+00   1.3880e+00  -3.4773e-01
  -1.9794e+00   1.4131e+00  -3.4773e-01
  -1.9614e+00   1.4380e+00  -3.4773e-01
  -1.9431e+00   1.4626e+00  -3.4773e-01
  -1.9245e+00   1.4870e+00  -3.4773e-01
  -1.9055e+00   1.5112e+00  -3.4773e-01
  -1.8863e+00   1.5352e+00  -3.4773e-01
  -1.8668e+00   1.5588e+00  -3.4773e-01
  -1.8470e+00   1.5823e+00  -3.4773e-01
  -1.8268e+00   1.6055e+00  -3.4773e-01
  -1.8064e+00   1.6284e+00  -3.4773e-01
  -1.7857e+00   1.6511e+00  -3.4773e-01
  -1.7647e+00   1.6735e+00  -3.4773e-01
  -1.7435e+00   1.6956e+00  -3.4773e-01
  -1.7219e+00   1.7175e+00  -3.4773e-01
  -1.7001e+00   1.7391e+00  -3.4773e-01
  -1.6780e+00   1.7604e+00  -3.4773e-01
  -1.6557e+00   1.7815e+00  -3.4773e-01
  -1.6331e+00   1.8022e+00  -3.4773e-01
  -1.6102e+00   1.8227e+00  -3.4773e-01
  -1.5870e+00   1.8429e+00  -3.4773e-01
  -1.5637e+00   1.8628e+00  -3.4773e-01
  -2.2819e+00   8.4122e-01  -3.2689e-01
  -2.2819e+00   8.4122e-01  -2.9607e-01
  -2.2819e+00   8.4122e-01  -2.6526e-01
  -2.2819e+00   8.4122e-01  -2.3445e-01
  -2.2819e+00   8.4122e-01  -2.0364e-01
  -2.2819e+00   8.4122e-01  -1.7283e-01
  -2.2819e+00   8.4122e-01  -1.4202e-01
  -2.2819e+00   8.4122e-01  -1.1120e-01
  -2.2819e+00   8.4122e-01  -8.0392e-02
  -2.2819e+00   8.4122e-01  -4.9580e-02
  -2.2819e+00   8.4122e-01  -1.8768e-02
  -2.2819e+00   8.4122e-01   1.2043e-02
  -2.2819e+00   8.4122e-01   4.2855e-02
  -2.2819e+00   8.4122e-01   7.3667e-02
  -2.2819e+00   8.4122e-01   1.0448e-01
  -2.2819e+00   8.4122e-01   1.3529e-01
  -2.2819e+00   8.4122e-01   1.6610e-01
  -2.2819e+00   8.4122e-01   1.9691e-01
  -2.2819e+00   8.4122e-01   2.2773e-01
  -2.2819e+00   8.4122e-01   2.5854e-01
  -2.2819e+00   8.4122e-01   2.8935e-01
  -2.2928e+00   8.1117e-01   2.8935e-01
  -2.3032e+00   7.8097e-01   2.8935e-01
  -2.3133e+00   7.5065e-01   2.8935e-01
  -2.3230e+00   7.2019e-01   2.8935e-01
  -2.3322e+00   6.8961e-01   2.8935e-01
  -2.3411e+00   6.5891e-01   2.8935e-01
  -2.3495e+00   6.2810e-01   2.8935e-01
  -2.3576e+00   5.9718e-01   2.8935e-01
  -2.3652e+00   5.6616e-01   2.8935e-01
  -2.3725e+00   5.3504e-01   2.8935e-01
  -2.3793e+00   5.0382e-01   2.8935e-01
  -2.3857e+00   4.7252e-01   2.8935e-01
  -2.3917e+00   4.4114e-01   2.8935e-01
  -2.3973e+00   4.0968e-01   2.8935e-01
  -2.4025e+00   3.7815e-01   2.8935e-01
  -2.4072e+00   3.4655e-01   2.8935e-01
  -2.4116e+00   3.1490e-01   2.8935e-01
  -2.4155e+00   2.8319e-01   2.8935e-01
  -2.4190e+00   2.5143e-01   2.8935e-01
  -2.4221e+00   2.1963e-01   2.8935e-01
  -2.4248e+00   1.8779e-01   2.8935e-01
  -2.4270e+00   1.5592e-01   2.8935e-01
  -2.4289e+00   1.2402e-01   2.8935e-01
  -2.4303e+00   9.2104e-02   2.8935e-01
  -2.4313e+00   6.0168e-02   2.8935e-01
  -2.4319e+00   2.8222e-02   2.8935e-01
  -2.4320e+00  -3.7288e-03   2.8935e-01
  -2.4318e+00  -3.5679e-02   2.8935e-01
  -2.4311e+00  -6.7623e-02   2.8935e-01
  -2.4300e+00  -9.9556e-02   2.8935e-01
  -2.4285e+00  -1.3147e-01   2.8935e-01
  -2.4266e+00  -1.6336e-01   2.8935e-01
  -2.4242e+00  -1.9523e-01   2.8935e-01
  -2.4214e+00  -2.2706e-01   2.8935e-01
  -2.4182e+00  -2.5885e-01   2.8935e-01
  -2.4146e+00  -2.9060e-01   2.8935e-01
  -2.4106e+00  -3.2229e-01   2.8935e-01
  -2.4062e+00  -3.5393e-01   2.8935e-01
  -2.4013e+00  -3.8551e-01   2.8935e-01
  -2.3960e+00  -4.1703e-01   2.8935e-01
  -2.3960e+00  -4.1703e-01   2.5854e-01
  -2.3960e+00  -4.1703e-01   2.2773e-01
  -2.3960e+00  -4.1703e-01   1.9691e-01
  -2.3960e+00  -4.1703e-01   1.6610e-01
  -2.3960e+00  -4.1703e-01   1.3529e-01
  -2.3960e+00  -4.1703e-01   1.0448e-01
  -2.3960e+00  -4.1703e-01   7.3667e-02
  -2.3960e+00  -4.1703e-01   4.2855e-02
  -2.3960e+00  -4.1703e-01   1.2043e-02
  -2.3960e+00  -4.1703e-01  -1.8768e-02
  -2.3960e+00  -4.1703e-01  -4.9580e-02
  -2.3960e+00  -4.1703e-01  -8.0392e-02
  -2.3960e+00  -4.1703e-01  -1.1120e-01
  -2.3960e+00  -4.1703e-01  -1.4202e-01
  -2.3960e+00  -4.1703e-01  -1.7283e-01
  -2.3960e+00  -4.1703e-01  -2.0364e-01
  -2.3960e+00  -4.1703e-01  -2.3445e-01
  -2.3960e+00  -4.1703e-01  -2.6526e-01
  -2.3960e+00  -4.1703e-01  -2.9607e-01
  -2.3960e+00  -4.1703e-01  -3.2689e-01
  -2.4013e+00  -3.8551e-01  -3.2689e-01
  -2.4062e+00  -3.5393e-01  -3.2689e-01
  -2.4106e+00  -3.2229e-01  -3.2689e-01
  -2.4146e+00  -2.9060e-01  -3.2689e-01
  -2.4182e+00  -2.5885e-01  -3.2689e-01
  -2.4214e+00  -2.2706e-01  -3.2689e-01
  -2.4242e+00  -1.9523e-01  -3.2689e-01
  -2.4266e+00  -1.6336e-01  -3.2689e-01
  -2.4285e+00  -1.3147e-01  -3.2689e-01
  -2.4300e+00  -9.9556e-02  -3.2689e-01
  -2.4311e+00  -6.7623e-02  -3.2689e-01
  -2.4318e+00  -3.5679e-02  -3.2689e-01
  -2.4320e+00  -3.7288e-03  -3.2689e-01
  -2.4319e+00   2.8222e-02  -3.2689e-01
  -2.4313e+00   6.0168e-02  -3.2689e-01
  -2.4303e+00   9.2104e-02  -3.2689e-01
  -2.4289e+00   1.2402e-01  -3.2689e-01
  -2.4270e+00   1.5592e-01  -3.2689e-01
  -2.4248e+00   1.8779e-01  -3.2689e-01
  -2.4221e+00   2.1963e-01  -3.2689e-01
  -2.4190e+00   2.5143e-01  -3.2689e-01
  -2.4155e+00   2.8319e-01  -3.2689e-01
  -2.4116e+00   3.1490e-01  -3.2689e-01
  -2.4072e+00   3.4655e-01  -3.2689e-01
  -2.4025e+00   3.7815e-01  -3.2689e-01
  -2.3973e+00   4.0968e-01  -3.2689e-01
  -2.3917e+00   4.4114e-01  -3.2689e-01
  -2.3857e+00   4.7252e-01  -3.2689e-01
  -2.3793e+00   5.0382e-01  -3.2689e-01
  -2.3725e+00   5.3504e-01  -3.2689e-01
  -2.3652e+00   5.6616e-01  -3.2689e-01
  -2.3576e+00   5.9718e-01  -3.2689e-01
  -2.3495e+00   6.2810e-01  -3.2689e-01
  -2.3411e+00   6.5891e-01  -3.2689e-01
  -2.3322e+00   6.8961e-01  -3.2689e-01
  -2.3230e+00   7.2019e-01  -3.2689e-01
  -2.3133e+00   7.5065e-01  -3.2689e-01
  -2.3032e+00   7.8097e-01  -3.2689e-01
  -2.2928e+00   8.1117e-01  -3.2689e-01
  -2.2819e+00   8.4122e-01  -3.2689e-01
  -2.3898e+00  -4.5139e-01  -3.2403e-01
  -2.3898e+00  -4.5139e-01  -2.9223e-01
  -2.3898e+00  -4.5139e-01  -2.6044e-01
  -2.3898e+00  -4.5139e-01  -2.2864e-01
  -2.3898e+00  -4.5139e-01  -1.9685e-01
  -2.3898e+00  -4.5139e-01  -1.6505e-01
  -2.3898e+00  -4.5139e-01  -1.3325e-01
  -2.3898e+00  -4.5139e-01  -1.0146e-01
  -2.3898e+00  -4.5139e-01  -6.9661e-02
  -2.3898e+00  -4.5139e-01  -3.7865e-02
  -2.3898e+00  -4.5139e-01  -6.0686e-03
  -2.3898e+00  -4.5139e-01   2.5728e-02
  -2.3898e+00  -4.5139e-01   5.7524e-02
  -2.3898e+00  -4.5139e-01   8.9320e-02
  -2.3898e+00  -4.5139e-01   1.2112e-01
  -2.3898e+00  -4.5139e-01   1.5291e-01
  -2.3898e+00  -4.5139e-01   1.8471e-01
  -2.3898e+00  -4.5139e-01   2.1650e-01
  -2.3898e+00  -4.5139e-01   2.4830e-01
  -2.3898e+00  -4.5139e-01   2.8010e-01
  -2.3898e+00  -4.5139e-01   3.1189e-01
  -2.3839e+00  -4.8178e-01   3.1189e-01
  -2.3775e+00  -5.1209e-01   3.1189e-01
  -2.3708e+00  -5.4231e-01   3.1189e-01
  -2.3637e+00  -5.7245e-01   3.1189e-01
  -2.3562e+00  -6.0250e-01   3.1189e-01
  -2.3484e+00  -6.3244e-01   3.1189e-01
  -2.3401e+00  -6.6229e-01   3.1189e-01
  -2.3315e+00  -6.9203e-01   3.1189e-01
  -2.3225e+00  -7.2165e-01   3.1189e-01
  -2.3131e+00  -7.5116e-01   3.1189e-01
  -2.3034e+00  -7.8055e-01   3.1189e-01
  -2.2933e+00  -8.0981e-01   3.1189e-01
  -2.2828e+00  -8.3894e-01   3.1189e-01
  -2.2719e+00  -8.6793e-01   3.1189e-01
  -2.2607e+00  -8.9678e-01   3.1189e-01
  -2.2491e+00  -9.2549e-01   3.1189e-01
  -2.2371e+00  -9.5405e-01   3.1189e-01
  -2.2248e+00  -9.8245e-01   3.1189e-01
  -2.2121e+00  -1.0107e+00   3.1189e-01
  -2.1990e+00  -1.0388e+00   3.1189e-01
  -2.1856e+00  -1.0667e+00   3.1189e-01
  -2.1719e+00  -1.0944e+00   3.1189e-01
  -2.1578e+00  -1.1220e+00   3.1189e-01
  -2.1433e+00  -1.1494e+00   3.1189e-01
  -2.1285e+00  -1.1766e+00   3.1189e-01
  -2.1134e+00  -1.2036e+00   3.1189e-01
  -2.0979e+00  -1.2304e+00   3.1189e-01
  -2.0820e+00  -1.2570e+00   3.1189e-01
  -2.0659e+00  -1.2834e+00   3.1189e-01
  -2.0494e+00  -1.3096e+00   3.1189e-01
  -2.0325e+00  -1.3356e+00   3.1189e-01
  -2.0154e+00  -1.3613e+00   3.1189e-01
  -1.9979e+00  -1.3869e+00   3.1189e-01
  -1.9800e+00  -1.4122e+00   3.1189e-01
  -1.9619e+00  -1.4373e+00   3.1189e-01
  -1.9435e+00  -1.4621e+00   3.1189e-01
  -1.9247e+00  -1.4868e+00   3.1189e-01
  -1.9056e+00  -1.5111e+00   3.1189e-01
  -1.8862e+00  -1.5353e+00   3.1189e-01
  -1.8665e+00  -1.5592e+00   3.1189e-01
  -1.8665e+00  -1.5592e+00   2.8010e-01
  -1.8665e+00  -1.5592e+00   2.4830e-01
  -1.8665e+00  -1.5592e+00   2.1650e-01
  -1.8665e+00  -1.5592e+00   1.8471e-01
  -1.8665e+00  -1.5592e+00   1.5291e-01
  -1.8665e+00  -1.5592e+00   1.2112e-01
  -1.8665e+00  -1.5592e+00   8.9320e-02
  -1.8665e+00  -1.5592e+00   5.7524e-02
  -1.8665e+00  -1.5592e+00   2.5728e-02
  -1.8665e+00  -1.5592e+00  -6.0686e-03
  -1.8665e+00  -1.5592e+00  -3.7865e-02
  -1.8665e+00  -1.5592e+00  -6.9661e-02
  -1.8665e+00  -1.5592e+00  -1.0146e-01
  -1.8665e+00  -1.5592e+00  -1.3325e-01
  -1.8665e+00  -1.5592e+00  -1.6505e-01
  -1.8665e+00  -1.5592e+00  -1.9685e-01
  -1.8665e+00  -1.5592e+00  -2.2864e-01
  -1.8665e+00  -1.5592e+00  -2.6044e-01
  -1.8665e+00  -1.5592e+00  -2.9223e-01
  -1.8665e+00  -1.5592e+00  -3.2403e-01
  -1.8862e+00  -1.5353e+00  -3.2403e-01
  -1.9056e+00  -1.5111e+00  -3.2403e-01
  -1.9247e+00  -1.4868e+00  -3.2403e-01
  -1.9435e+00  -1.4621e+00  -3.2403e-01
  -1.9619e+00  -1.4373e+00  -3.2403e-01
  -1.9800e+00  -1.4122e+00  -3.2403e-01
  -1.9979e+00  -1.3869e+00  -3.2403e-01
  -2.0154e+00  -1.3613e+00  -3.2403e-01
  -2.0325e+00  -1.3356e+00  -3.2403e-01
  -2.0494e+00  -1.3096e+00  -3.2403e-01
  -2.0659e+00  -1.2834e+00  -3.2403e-01
  -2.0820e+00  -1.2570e+00  -3.2403e-01
  -2.0979e+00  -1.2304e+00  -3.2403e-01
  -2.1134e+00  -1.2036e+00  -3.2403e-01
  -2.1285e+00  -1.1766e+00  -3.2403e-01
  -2.1433e+00  -1.1494e+00  -3.2403e-01
  -2.1578e+00  -1.1220e+00  -3.2403e-01
  -2.1719e+00  -1.0944e+00  -3.2403e-01
  -2.1856e+00  -1.0667e+00  -3.2403e-01
  -2.1990e+00  -1.0388e+00  -3.2403e-01
  -2.2121e+00  -1.0107e+00  -3.2403e-01
  -2.2248e+00  -9.8245e-01  -3.2403e-01
  -2.2371e+00  -9.5405e-01  -3.2403e-01
  -2.2491e+00  -9.2549e-01  -3.2403e-01
  -2.2607e+00  -8.9678e-01  -3.2403e-01
  -2.2719e+00  -8.6793e-01  -3.2403e-01
  -2.2828e+00  -8.3894e-01  -3.2403e-01
  -2.2933e+00  -8.0981e-01  -3.2403e-01
  -2.3034e+00  -7.8055e-01  -3.2403e-01
  -2.3131e+00  -7.5116e-01  -3.2403e-01
  -2.3225e+00  -7.2165e-01  -3.2403e-01
  -2.3315e+00  -6.9203e-01  -3.2403e-01
  -2.3401e+00  -6.6229e-01  -3.2403e-01
  -2.3484e+00  -6.3244e-01  -3.2403e-01
  -2.3562e+00  -6.0250e-01  -3.2403e-01
  -2.3637e+00  -5.7245e-01  -3.2403e-01
  -2.3708e+00  -5.4231e-01  -3.2403e-01
  -2.3775e+00  -5.1209e-01  -3.2403e-01
  -2.3839e+00  -4.8178e-01  -3.2403e-01
  -2.3898e+00  -4.5139e-01  -3.2403e-01
  -1.8439e+00  -1.5858e+00  -3.2675e-01
  -1.8439e+00  -1.5858e+00  -2.9468e-01
  -1.8439e+00  -1.5858e+00  -2.6261e-01
  -1.8439e+00  -1.5858e+00  -2.3054e-01
  -1.8439e+00  -1.5858e+00  -1.9847e-01
  -1.8439e+00  -1.5858e+00  -1.6641e-01
  -1.8439e+00  -1.5858e+00  -1.3434e-01
  -1.8439e+00  -1.5858e+00  -1.0227e-01
  -1.8439e+00  -1.5858e+00  -7.0203e-02
  -1.8439e+00  -1.5858e+00  -3.8135e-02
  -1.8439e+00  -1.5858e+00  -6.0677e-03
  -1.8439e+00  -1.5858e+00   2.6000e-02
  -1.8439e+00  -1.5858e+00   5.8068e-02
  -1.8439e+00  -1.5858e+00   9.0136e-02
  -1.8439e+00  -1.5858e+00   1.2220e-01
  -1.8439e+00  -1.5858e+00   1.5427e-01
  -1.8439e+00  -1.5858e+00   1.8634e-01
  -1.8439e+00  -1.5858e+00   2.1841e-01
  -1.8439e+00  -1.5858e+00   2.5047e-01
  -1.8439e+00  -1.5858e+00   2.8254e-01
  -1.8439e+00  -1.5858e+00   3.1461e-01
  -1.8238e+00  -1.6090e+00   3.1461e-01
  -1.8033e+00  -1.6319e+00   3.1461e-01
  -1.7826e+00  -1.6545e+00   3.1461e-01
  -1.7615e+00  -1.6769e+00   3.1461e-01
  -1.7402e+00  -1.6990e+00   3.1461e-01
  -1.7186e+00  -1.7208e+00   3.1461e-01
  -1.6968e+00  -1.7423e+00   3.1461e-01
  -1.6747e+00  -1.7636e+00   3.1461e-01
  -1.6523e+00  -1.7846e+00   3.1461e-01
  -1.6296e+00  -1.8053e+00   3.1461e-01
  -1.6067e+00  -1.8258e+00   3.1461e-01
  -1.5835e+00  -1.8459e+00   3.1461e-01
  -1.5601e+00  -1.8657e+00   3.1461e-01
  -1.5364e+00  -1.8853e+00   3.1461e-01
  -1.5125e+00  -1.9045e+00   3.1461e-01
  -1.4883e+00  -1.9235e+00   3.1461e-01
  -1.4639e+00  -1.9421e+00   3.1461e-01
  -1.4393e+00  -1.9604e+00   3.1461e-01
  -1.4144e+00  -1.9784e+00   3.1461e-01
  -1.3894e+00  -1.9961e+00   3.1461e-01
  -1.3640e+00  -2.0135e+00   3.1461e-01
  -1.3385e+00  -2.0306e+00   3.1461e-01
  -1.3128e+00  -2.0473e+00   3.1461e-01
  -1.2868e+00  -2.0637e+00   3.1461e-01
  -1.2607e+00  -2.0798e+00   3.1461e-01
  -1.2343e+00  -2.0955e+00   3.1461e-01
  -1.2078e+00  -2.1110e+00   3.1461e-01
  -1.1810e+00  -2.1260e+00   3.1461e-01
  -1.1541e+00  -2.1408e+00   3.1461e-01
  -1.1270e+00  -2.1552e+00   3.1461e-01
  -1.0997e+00  -2.1692e+00   3.1461e-01
  -1.0722e+00  -2.1829e+00   3.1461e-01
  -1.0446e+00  -2.1963e+00   3.1461e-01
  -1.0168e+00  -2.2093e+00   3.1461e-01
  -9.8882e-01  -2.2220e+00   3.1461e-01
  -9.6069e-01  -2.2343e+00   3.1461e-01
  -9.3241e-01  -2.2462e+00   3.1461e-01
  -9.0399e-01  -2.2578e+00   3.1461e-01
  -8.7541e-01  -2.2690e+00   3.1461e-01
  -8.4670e-01  -2.2799e+00   3.1461e-01
  -8.4670e-01  -2.2799e+00   2.8254e-01
  -8.4670e-01  -2.2799e+00   2.5047e-01
  -8.4670e-01  -2.2799e+00   2.1841e-01
  -8.4670e-01  -2.2799e+00   1.8634e-01
  -8.4670e-01  -2.2799e+00   1.5427e-01
  -8.4670e-01  -2.2799e+00   1.2220e-01
  -8.4670e-01  -2.2799e+00   9.0136e-02
  -8.4670e-01  -2.2799e+00   5.8068e-02
  -8.4670e-01  -2.2799e+00   2.6000e-02
  -8.4670e-01  -2.2799e+00  -6.0677e-03
  -8.4670e-01  -2.2799e+00  -3.8135e-02
  -8.4670e-01  -2.2799e+00  -7.0203e-02
  -8.4670e-01  -2.2799e+00  -1.0227e-01
  -8.4670e-01  -2.2799e+00  -1.3434e-01
  -8.4670e-01  -2.2799e+00  -1.6641e-01
  -8.4670e-01  -2.2799e+00  -1.9847e-01
  -8.4670e-01  -2.2799e+00  -2.3054e-01
  -8.4670e-01  -2.2799e+00  -2.6261e-01
  -8.4670e-01  -2.2799e+00  -2.9468e-01
  -8.4670e-01  -2.2799e+00  -3.2675e-01
  -8.7541e-01  -2.2690e+00  -3.2675e-01
  -9.0399e-01  -2.2578e+00  -3.2675e-01
  -9.3241e-01  -2.2462e+00  -3.2675e-01
  -9.6069e-01  -2.2343e+00  -3.2675e-01
  -9.8882e-01  -2.2220e+00  -3.2675e-01
  -1.0168e+00  -2.2093e+00  -3.2675e-01
  -1.0446e+00  -2.1963e+00  -3.2675e-01
  -1.0722e+00  -2.1829e+00  -3.2675e-01
  -1.0997e+00  -2.1692e+00  -3.2675e-01
  -1.1270e+00  -2.1552e+00  -3.2675e-01
  -1.1541e+00  -2.1408e+00  -3.2675e-01
  -1.1810e+00  -2.1260e+00  -3.2675e-01
  -1.2078e+00  -2.1110e+00  -3.2675e-01
  -1.2343e+00  -2.0955e+00  -3.2675e-01
  -1.2607e+00  -2.0798e+00  -3.2675e-01
  -1.2868e+00  -2.0637e+00  -3.2675e-01
  -1.3128e+00  -2.0473e+00  -3.2675e-01
  -1.3385e+00  -2.0306e+00  -3.2675e-01
  -1.3640e+00  -2.0135e+00  -3.2675e-01
  -1.3894e+00  -1.9961e+00  -3.2675e-01
  -1.4144e+00  -1.9784e+00  -3.2675e-01
  -1.4393e+00  -1.9604e+00  -3.2675e-01
  -1.4639e+00  -1.9421e+00  -3.2675e-01
  -1.4883e+00  -1.9235e+00  -3.2675e-01
  -1.5125e+00  -1.9045e+00  -3.2675e-01
  -1.5364e+00  -1.8853e+00  -3.2675e-01
  -1.5601e+00  -1.8657e+00  -3.2675e-01
  -1.5835e+00  -1.8459e+00  -3.2675e-01
  -1.6067e+00  -1.8258e+00  -3.2675e-01
  -1.6296e+00  -1.8053e+00  -3.2675e-01
  -1.6523e+00  -1.7846e+00  -3.2675e-01
  -1.6747e+00  -1.7636e+00  -3.2675e-01
  -1.6968e+00  -1.7423e+00  -3.2675e-01
  -1.7186e+00  -1.7208e+00  -3.2675e-01
  -1.7402e+00  -1.6990e+00  -3.2675e-01
  -1.7615e+00  -1.6769e+00  -3.2675e-01
  -1.7826e+00  -1.6545e+00  -3.2675e-01
  -1.8033e+00  -1.6319e+00  -3.2675e-01
  -1.8238e+00  -1.6090e+00  -3.2675e-01
  -1.8439e+00  -1.5858e+00  -3.2675e-01
  -8.1388e-01  -2.2918e+00  -3.2675e-01
  -8.1388e-01  -2.2918e+00  -2.9468e-01
  -8.1388e-01  -2.2918e+00  -2.6261e-01
  -8.1388e-01  -2.2918e+00  -2.3054e-01
  -8.1388e-01  -2.2918e+00  -1.9847e-01
  -8.1388e-01  -2.2918e+00  -1.6641e-01
  -8.1388e-01  -2.2918e+00  -1.3434e-01
  -8.1388e-01  -2.2918e+00  -1.0227e-01
  -8.1388e-01  -2.2918e+00  -7.0203e-02
  -8.1388e-01  -2.2918e+00  -3.8135e-02
  -8.1388e-01  -2.2918e+00  -6.0677e-03
  -8.1388e-01  -2.2918e+00   2.6000e-02
  -8.1388e-01  -2.2918e+00   5.8068e-02
  -8.1388e-01  -2.2918e+00   9.0136e-02
  -8.1388e-01  -2.2918e+00   1.2220e-01
  -8.1388e-01  -2.2918e+00   1.5427e-01
  -8.1388e-01  -2.2918e+00   1.8634e-01
  -8.1388e-01  -2.2918e+00   2.1841e-01
  -8.1388e-01  -2.2918e+00   2.5047e-01
  -8.1388e-01  -2.2918e+00   2.8254e-01
  -8.1388e-01  -2.2918e+00   3.1461e-01
  -7.8488e-01  -2.3019e+00   3.1461e-01
  -7.5576e-01  -2.3116e+00   3.1461e-01
  -7.2652e-01  -2.3210e+00   3.1461e-01
  -6.9717e-01  -2.3300e+00   3.1461e-01
  -6.6770e-01  -2.3386e+00   3.1461e-01
  -6.3813e-01  -2.3468e+00   3.1461e-01
  -6.0845e-01  -2.3547e+00   3.1461e-01
  -5.7868e-01  -2.3622e+00   3.1461e-01
  -5.4882e-01  -2.3693e+00   3.1461e-01
  -5.1887e-01  -2.3761e+00   3.1461e-01
  -4.8883e-01  -2.3824e+00   3.1461e-01
  -4.5872e-01  -2.3884e+00   3.1461e-01
  -4.2854e-01  -2.3940e+00   3.1461e-01
  -3.9828e-01  -2.3992e+00   3.1461e-01
  -3.6797e-01  -2.4041e+00   3.1461e-01
  -3.3759e-01  -2.4085e+00   3.1461e-01
  -3.0716e-01  -2.4126e+00   3.1461e-01
  -2.7669e-01  -2.4163e+00   3.1461e-01
  -2.4616e-01  -2.4196e+00   3.1461e-01
  -2.1560e-01  -2.4225e+00   3.1461e-01
  -1.8501e-01  -2.4250e+00   3.1461e-01
  -1.5438e-01  -2.4271e+00   3.1461e-01
  -1.2373e-01  -2.4289e+00   3.1461e-01
  -9.3064e-02  -2.4303e+00   3.1461e-01
  -6.2380e-02  -2.4312e+00   3.1461e-01
  -3.1686e-02  -2.4318e+00   3.1461e-01
  -9.8690e-04  -2.4320e+00   3.1461e-01
   2.9712e-02  -2.4319e+00   3.1461e-01
   6.0407e-02  -2.4313e+00   3.1461e-01
   9.1092e-02  -2.4303e+00   3.1461e-01
   1.2176e-01  -2.4290e+00   3.1461e-01
   1.5241e-01  -2.4273e+00   3.1461e-01
   1.8304e-01  -2.4252e+00   3.1461e-01
   2.1364e-01  -2.4226e+00   3.1461e-01
   2.4420e-01  -2.4198e+00   3.1461e-01
   2.7473e-01  -2.4165e+00   3.1461e-01
   3.0521e-01  -2.4128e+00   3.1461e-01
   3.3564e-01  -2.4088e+00   3.1461e-01
   3.6602e-01  -2.4043e+00   3.1461e-01
   3.9634e-01  -2.3995e+00   3.1461e-01
   3.9634e-01  -2.3995e+00   2.8254e-01
   3.9634e-01  -2.3995e+00   2.5047e-01
   3.9634e-01  -2.3995e+00   2.1841e-01
   3.9634e-01  -2.3995e+00   1.8634e-01
   3.9634e-01  -2.3995e+00   1.5427e-01
   3.9634e-01  -2.3995e+00   1.2220e-01
   3.9634e-01  -2.3995e+00   9.0136e-02
   3.9634e-01  -2.3995e+00   5.8068e-02
   3.9634e-01  -2.3995e+00   2.6000e-02
   3.9634e-01  -2.3995e+00  -6.0677e-03
   3.9634e-01  -2.3995e+00  -3.8135e-02
   3.9634e-01  -2.3995e+00  -7.0203e-02
   3.9634e-01  -2.3995e+00  -1.0227e-01
   3.9634e-01  -2.3995e+00  -1.3434e-01
   3.9634e-01  -2.3995e+00  -1.6641e-01
   3.9634e-01  -2.3995e+00  -1.9847e-01
   3.9634e-01  -2.3995e+00  -2.3054e-01
   3.9634e-01  -2.3995e+00  -2.6261e-01
   3.9634e-01  -2.3995e+00  -2.9468e-01
   3.9634e-01  -2.3995e+00  -3.2675e-01
   3.6602e-01  -2.4043e+00  -3.2675e-01
   3.3564e-01  -2.4088e+00  -3.2675e-01
   3.0521e-01  -2.4128e+00  -3.2675e-01
   2.7473e-01  -2.4165e+00  -3.2675e-01
   2.4420e-01  -2.4198e+00  -3.2675e-01
   2.1364e-01  -2.4226e+00  -3.2675e-01
   1.8304e-01  -2.4252e+00  -3.2675e-01
   1.5241e-01  -2.4273e+00  -3.2675e-01
   1.2176e-01  -2.4290e+00  -3.2675e-01
   9.1092e-02  -2.4303e+00  -3.2675e-01
   6.0407e-02  -2.4313e+00  -3.2675e-01
   2.9712e-02  -2.4319e+00  -3.2675e-01
  -9.8690e-04  -2.4320e+00  -3.2675e-01
  -3.1686e-02  -2.4318e+00  -3.2675e-01
  -6.2380e-02  -2.4312e+00  -3.2675e-01
  -9.3064e-02  -2.4303e+00  -3.2675e-01
  -1.2373e-01  -2.4289e+00  -3.2675e-01
  -1.5438e-01  -2.4271e+00  -3.2675e-01
  -1.8501e-01  -2.4250e+00  -3.2675e-01
  -2.1560e-01  -2.4225e+00  -3.2675e-01
  -2.4616e-01  -2.4196e+00  -3.2675e-01
  -2.7669e-01  -2.4163e+00  -3.2675e-01
  -3.0716e-01  -2.4126e+00  -3.2675e-01
  -3.3759e-01  -2.4085e+00  -3.2675e-01
  -3.6797e-01  -2.4041e+00  -3.2675e-01
  -3.9828e-01  -2.3992e+00  -3.2675e-01
  -4.2854e-01  -2.3940e+00  -3.2675e-01
  -4.5872e-01  -2.3884e+00  -3.2675e-01
  -4.8883e-01  -2.3824e+00  -3.2675e-01
  -5.1887e-01  -2.3761e+00  -3.2675e-01
  -5.4882e-01  -2.3693e+00  -3.2675e-01
  -5.7868e-01  -2.3622e+00  -3.2675e-01
  -6.0845e-01  -2.3547e+00  -3.2675e-01
  -6.3813e-01  -2.3468e+00  -3.2675e-01
  -6.6770e-01  -2.3386e+00  -3.2675e-01
  -6.9717e-01  -2.3300e+00  -3.2675e-01
  -7.2652e-01  -2.3210e+00  -3.2675e-01
  -7.5576e-01  -2.3116e+00  -3.2675e-01
  -7.8488e-01  -2.3019e+00  -3.2675e-01
  -8.1388e-01  -2.2918e+00  -3.2675e-01
   4.3075e-01  -2.3936e+00  -3.2675e-01
   4.3075e-01  -2.3936e+00  -2.9468e-01
   4.3075e-01  -2.3936e+00  -2.6261e-01
   4.3075e-01  -2.3936e+00  -2.3054e-01
   4.3075e-01  -2.3936e+00  -1.9847e-01
   4.3075e-01  -2.3936e+00  -1.6641e-01
   4.3075e-01  -2.3936e+00  -1.3434e-01
   4.3075e-01  -2.3936e+00  -1.0227e-01
   4.3075e-01  -2.3936e+00  -7.0203e-02
   4.3075e-01  -2.3936e+00  -3.8135e-02
   4.3075e-01  -2.3936e+00  -6.0677e-03
   4.3075e-01  -2.3936e+00   2.6000e-02
   4.3075e-01  -2.3936e+00   5.8068e-02
   4.3075e-01  -2.3936e+00   9.0136e-02
   4.3075e-01  -2.3936e+00   1.2220e-01
   4.3075e-01  -2.3936e+00   1.5427e-01
   4.3075e-01  -2.3936e+00   1.8634e-01
   4.3075e-01  -2.3936e+00   2.1841e-01
   4.3075e-01  -2.3936e+00   2.5047e-01
   4.3075e-01  -2.3936e+00   2.8254e-01
   4.3075e-01  -2.3936e+00   3.1461e-01
   4.6093e-01  -2.3880e+00   3.1461e-01
   4.9104e-01  -2.3820e+00   3.1461e-01
   5.2107e-01  -2.3756e+00   3.1461e-01
   5.5101e-01  -2.3688e+00   3.1461e-01
   5.8087e-01  -2.3617e+00   3.1461e-01
   6.1063e-01  -2.3541e+00   3.1461e-01
   6.4030e-01  -2.3462e+00   3.1461e-01
   6.6987e-01  -2.3380e+00   3.1461e-01
   6.9932e-01  -2.3293e+00   3.1461e-01
   7.2867e-01  -2.3203e+00   3.1461e-01
   7.5790e-01  -2.3109e+00   3.1461e-01
   7.8701e-01  -2.3012e+00   3.1461e-01
   8.1600e-01  -2.2911e+00   3.1461e-01
   8.4485e-01  -2.2806e+00   3.1461e-01
   8.7357e-01  -2.2697e+00   3.1461e-01
   9.0215e-01  -2.2585e+00   3.1461e-01
   9.3059e-01  -2.2470e+00   3.1461e-01
   9.5888e-01  -2.2350e+00   3.1461e-01
   9.8701e-01  -2.2228e+00   3.1461e-01
   1.0150e+00  -2.2101e+00   3.1461e-01
   1.0428e+00  -2.1971e+00   3.1461e-01
   1.0705e+00  -2.1838e+00   3.1461e-01
   1.0979e+00  -2.1701e+00   3.1461e-01
   1.1252e+00  -2.1561e+00   3.1461e-01
   1.1524e+00  -2.1417e+00   3.1461e-01
   1.1793e+00  -2.1270e+00   3.1461e-01
   1.2061e+00  -2.1119e+00   3.1461e-01
   1.2326e+00  -2.0965e+00   3.1461e-01
   1.2590e+00  -2.0808e+00   3.1461e-01
   1.2852e+00  -2.0648e+00   3.1461e-01
   1.3111e+00  -2.0484e+00   3.1461e-01
   1.3369e+00  -2.0317e+00   3.1461e-01
   1.3624e+00  -2.0146e+00   3.1461e-01
   1.3877e+00  -1.9973e+00   3.1461e-01
   1.4128e+00  -1.9796e+00   3.1461e-01
   1.4377e+00  -1.9616e+00   3.1461e-01
   1.4624e+00  -1.9433e+00   3.1461e-01
   1.4868e+00  -1.9247e+00   3.1461e-01
   1.5109e+00  -1.9058e+00   3.1461e-01
   1.5349e+00  -1.8865e+00   3.1461e-01
   1.5349e+00  -1.8865e+00   2.8254e-01
   1.5349e+00  -1.8865e+00   2.5047e-01
   1.5349e+00  -1.8865e+00   2.1841e-01
   1.5349e+00  -1.8865e+00   1.8634e-01
   1.5349e+00  -1.8865e+00   1.5427e-01
   1.5349e+00  -1.8865e+00   1.2220e-01
   1.5349e+00  -1.8865e+00   9.0136e-02
   1.5349e+00  -1.8865e+00   5.8068e-02
   1.5349e+00  -1.8865e+00   2.6000e-02
   1.5349e+00  -1.8865e+00  -6.0677e-03
   1.5349e+00  -1.8865e+00  -3.8135e-02
   1.5349e+00  -1.8865e+00  -7.0203e-02
   1.5349e+00  -1.8865e+00  -1.0227e-01
   1.5349e+00  -1.8865e+00  -1.3434e-01
   1.5349e+00  -1.8865e+00  -1.6641e-01
   1.5349e+00  -1.8865e+00  -1.9847e-01
   1.5349e+00  -1.8865e+00  -2.3054e-01
   1.5349e+00  -1.8865e+00  -2.6261e-01
   1.5349e+00  -1.8865e+00  -2.9468e-01
   1.5349e+00  -1.8865e+00  -3.2675e-01
   1.5109e+00  -1.9058e+00  -3.2675e-01
   1.4868e+00  -1.9247e+00  -3.2675e-01
   1.4624e+00  -1.9433e+00  -3.2675e-01
   1.4377e+00  -1.9616e+00  -3.2675e-01
   1.4128e+00  -1.9796e+00  -3.2675e-01
   1.3877e+00  -1.9973e+00  -3.2675e-01
   1.3624e+00  -2.0146e+00  -3.2675e-01
   1.3369e+00  -2.0317e+00  -3.2675e-01
   1.3111e+00  -2.0484e+00  -3.2675e-01
   1.2852e+00  -2.0648e+00  -3.2675e-01
   1.2590e+00  -2.0808e+00  -3.2675e-01
   1.2326e+00  -2.0965e+00  -3.2675e-01
   1.2061e+00  -2.1119e+00  -3.2675e-01
   1.1793e+00  -2.1270e+00  -3.2675e-01
   1.1524e+00  -2.1417e+00  -3.2675e-01
   1.1252e+00  -2.1561e+00  -3.2675e-01
   1.0979e+00  -2.1701e+00  -3.2675e-01
   1.0705e+00  -2.1838e+00  -3.2675e-01
   1.0428e+00  -2.1971e+00  -3.2675e-01
   1.0150e+00  -2.2101e+00  -3.2675e-01
   9.8701e-01  -2.2228e+00  -3.2675e-01
   9.5888e-01  -2.2350e+00  -3.2675e-01
   9.3059e-01  -2.2470e+00  -3.2675e-01
   9.0215e-01  -2.2585e+00  -3.2675e-01
   8.7357e-01  -2.2697e+00  -3.2675e-01
   8.4485e-01  -2.2806e+00  -3.2675e-01
   8.1600e-01  -2.2911e+00  -3.2675e-01
   7.8701e-01  -2.3012e+00  -3.2675e-01
   7.5790e-01  -2.3109e+00  -3.2675e-01
   7.2867e-01  -2.3203e+00  -3.2675e-01
   6.9932e-01  -2.3293e+00  -3.2675e-01
   6.6987e-01  -2.3380e+00  -3.2675e-01
   6.4030e-01  -2.3462e+00  -3.2675e-01
   6.1063e-01  -2.3541e+00  -3.2675e-01
   5.8087e-01  -2.3617e+00  -3.2675e-01
   5.5101e-01  -2.3688e+00  -3.2675e-01
   5.2107e-01  -2.3756e+00  -3.2675e-01
   4.9104e-01  -2.3820e+00  -3.2675e-01
   4.6093e-01  -2.3880e+00  -3.2675e-01
   4.3075e-01  -2.3936e+00  -3.2675e-01
   1.5618e+00  -1.8643e+00  -3.2682e-01
   1.5618e+00  -1.8643e+00  -2.9474e-01
   1.5618e+00  -1.8643e+00  -2.6267e-01
   1.5618e+00  -1.8643e+00  -2.3059e-01
   1.5618e+00  -1.8643e+00  -1.9852e-01
   1.5618e+00  -1.8643e+00  -1.6644e-01
   1.5618e+00  -1.8643e+00  -1.3437e-01
   1.5618e+00  -1.8643e+00  -1.0229e-01
   1.5618e+00  -1.8643e+00  -7.0218e-02
   1.5618e+00  -1.8643e+00  -3.8143e-02
   1.5618e+00  -1.8643e+00  -6.0681e-03
   1.5618e+00  -1.8643e+00   2.6007e-02
   1.5618e+00  -1.8643e+00   5.8082e-02
   1.5618e+00  -1.8643e+00   9.0157e-02
   1.5618e+00  -1.8643e+00   1.2223e-01
   1.5618e+00  -1.8643e+00   1.5431e-01
   1.5618e+00  -1.8643e+00   1.8638e-01
   1.5618e+00  -1.8643e+00   2.1846e-01
   1.5618e+00  -1.8643e+00   2.5053e-01
   1.5618e+00  -1.8643e+00   2.8261e-01
   1.5618e+00  -1.8643e+00   3.1468e-01
   1.5852e+00  -1.8444e+00   3.1468e-01
   1.6084e+00  -1.8243e+00   3.1468e-01
   1.6313e+00  -1.8038e+00   3.1468e-01
   1.6539e+00  -1.7831e+00   3.1468e-01
   1.6763e+00  -1.7621e+00   3.1468e-01
   1.6984e+00  -1.7408e+00   3.1468e-01
   1.7202e+00  -1.7192e+00   3.1468e-01
   1.7418e+00  -1.6974e+00   3.1468e-01
   1.7630e+00  -1.6753e+00   3.1468e-01
   1.7840e+00  -1.6529e+00   3.1468e-01
   1.8048e+00  -1.6302e+00   3.1468e-01
   1.8252e+00  -1.6073e+00   3.1468e-01
   1.8453e+00  -1.5842e+00   3.1468e-01
   1.8652e+00  -1.5608e+00   3.1468e-01
   1.8847e+00  -1.5371e+00   3.1468e-01
   1.9040e+00  -1.5132e+00   3.1468e-01
   1.9229e+00  -1.4890e+00   3.1468e-01
   1.9416e+00  -1.4647e+00   3.1468e-01
   1.9599e+00  -1.4400e+00   3.1468e-01
   1.9779e+00  -1.4152e+00   3.1468e-01
   1.9956e+00  -1.3901e+00   3.1468e-01
   2.0130e+00  -1.3648e+00   3.1468e-01
   2.0301e+00  -1.3393e+00   3.1468e-01
   2.0468e+00  -1.3136e+00   3.1468e-01
   2.0632e+00  -1.2876e+00   3.1468e-01
   2.0793e+00  -1.2615e+00   3.1468e-01
   2.0950e+00  -1.2352e+00   3.1468e-01
   2.1105e+00  -1.2086e+00   3.1468e-01
   2.1256e+00  -1.1819e+00   3.1468e-01
   2.1403e+00  -1.1550e+00   3.1468e-01
   2.1547e+00  -1.1279e+00   3.1468e-01
   2.1688e+00  -1.1006e+00   3.1468e-01
   2.1825e+00  -1.0731e+00   3.1468e-01
   2.1959e+00  -1.0455e+00   3.1468e-01
   2.2089e+00  -1.0177e+00   3.1468e-01
   2.2215e+00  -9.8976e-01   3.1468e-01
   2.2339e+00  -9.6165e-01   3.1468e-01
   2.2458e+00  -9.3338e-01   3.1468e-01
   2.2574e+00  -9.0496e-01   3.1468e-01
   2.2687e+00  -8.7640e-01   3.1468e-01
   2.2687e+00  -8.7640e-01   2.8261e-01
   2.2687e+00  -8.7640e-01   2.5053e-01
   2.2687e+00  -8.7640e-01   2.1846e-01
   2.2687e+00  -8.7640e-01   1.8638e-01
   2.2687e+00  -8.7640e-01   1.5431e-01
   2.2687e+00  -8.7640e-01   1.2223e-01
   2.2687e+00  -8.7640e-01   9.0157e-02
   2.2687e+00  -8.7640e-01   5.8082e-02
   2.2687e+00  -8.7640e-01   2.6007e-02
   2.2687e+00  -8.7640e-01  -6.0681e-03
   2.2687e+00  -8.7640e-01  -3.8143e-02
   2.2687e+00  -8.7640e-01  -7.0218e-02
   2.2687e+00  -8.7640e-01  -1.0229e-01
   2.2687e+00  -8.7640e-01  -1.3437e-01
   2.2687e+00  -8.7640e-01  -1.6644e-01
   2.2687e+00  -8.7640e-01  -1.9852e-01
   2.2687e+00  -8.7640e-01  -2.3059e-01
   2.2687e+00  -8.7640e-01  -2.6267e-01
   2.2687e+00  -8.7640e-01  -2.9474e-01
   2.2687e+00  -8.7640e-01  -3.2682e-01
   2.2574e+00  -9.0496e-01  -3.2682e-01
   2.2458e+00  -9.3338e-01  -3.2682e-01
   2.2339e+00  -9.6165e-01  -3.2682e-01
   2.2215e+00  -9.8976e-01  -3.2682e-01
   2.2089e+00  -1.0177e+00  -3.2682e-01
   2.1959e+00  -1.0455e+00  -3.2682e-01
   2.1825e+00  -1.0731e+00  -3.2682e-01
   2.1688e+00  -1.1006e+00  -3.2682e-01
   2.1547e+00  -1.1279e+00  -3.2682e-01
   2.1403e+00  -1.1550e+00  -3.2682e-01
   2.1256e+00  -1.1819e+00  -3.2682e-01
   2.1105e+00  -1.2086e+00  -3.2682e-01
   2.0950e+00  -1.2352e+00  -3.2682e-01
   2.0793e+00  -1.2615e+00  -3.2682e-01
   2.0632e+00  -1.2876e+00  -3.2682e-01
   2.0468e+00  -1.3136e+00  -3.2682e-01
   2.0301e+00  -1.3393e+00  -3.2682e-01
   2.0130e+00  -1.3648e+00  -3.2682e-01
   1.9956e+00  -1.3901e+00  -3.2682e-01
   1.9779e+00  -1.4152e+00  -3.2682e-01
   1.9599e+00  -1.4400e+00  -3.2682e-01
   1.9416e+00  -1.4647e+00  -3.2682e-01
   1.9229e+00  -1.4890e+00  -3.2682e-01
   1.9040e+00  -1.5132e+00  -3.2682e-01
   1.8847e+00  -1.5371e+00  -3.2682e-01
   1.8652e+00  -1.5608e+00  -3.2682e-01
   1.8453e+00  -1.5842e+00  -3.2682e-01
   1.8252e+00  -1.6073e+00  -3.2682e-01
   1.8048e+00  -1.6302e+00  -3.2682e-01
   1.7840e+00  -1.6529e+00  -3.2682e-01
   1.7630e+00  -1.6753e+00  -3.2682e-01
   1.7418e+00  -1.6974e+00  -3.2682e-01
   1.7202e+00  -1.7192e+00  -3.2682e-01
   1.6984e+00  -1.7408e+00  -3.2682e-01
   1.6763e+00  -1.7621e+00  -3.2682e-01
   1.6539e+00  -1.7831e+00  -3.2682e-01
   1.6313e+00  -1.8038e+00  -3.2682e-01
   1.6084e+00  -1.8243e+00  -3.2682e-01
   1.5852e+00  -1.8444e+00  -3.2682e-01
   1.5618e+00  -1.8643e+00  -3.2682e-01
   2.2810e+00  -8.4373e-01  -3.1354e-01
   2.2810e+00  -8.4373e-01  -2.8279e-01
   2.2810e+00  -8.4373e-01  -2.5205e-01
   2.2810e+00  -8.4373e-01  -2.2130e-01
   2.2810e+00  -8.4373e-01  -1.9055e-01
   2.2810e+00  -8.4373e-01  -1.5980e-01
   2.2810e+00  -8.4373e-01  -1.2906e-01
   2.2810e+00  -8.4373e-01  -9.8310e-02
   2.2810e+00  -8.4373e-01  -6.7563e-02
   2.2810e+00  -8.4373e-01  -3.6815e-02
   2.2810e+00  -8.4373e-01  -6.0682e-03
   2.2810e+00  -8.4373e-01   2.4679e-02
   2.2810e+00  -8.4373e-01   5.5426e-02
   2.2810e+00  -8.4373e-01   8.6173e-02
   2.2810e+00  -8.4373e-01   1.1692e-01
   2.2810e+00  -8.4373e-01   1.4767e-01
   2.2810e+00  -8.4373e-01   1.7841e-01
   2.2810e+00  -8.4373e-01   2.0916e-01
   2.2810e+00  -8.4373e-01   2.3991e-01
   2.2810e+00  -8.4373e-01   2.7066e-01
   2.2810e+00  -8.4373e-01   3.0140e-01
   2.2919e+00  -8.1363e-01   3.0140e-01
   2.3024e+00  -7.8339e-01   3.0140e-01
   2.3125e+00  -7.5301e-01   3.0140e-01
   2.3223e+00  -7.2250e-01   3.0140e-01
   2.3316e+00  -6.9186e-01   3.0140e-01
   2.3405e+00  -6.6111e-01   3.0140e-01
   2.3490e+00  -6.3024e-01   3.0140e-01
   2.3571e+00  -5.9926e-01   3.0140e-01
   2.3647e+00  -5.6818e-01   3.0140e-01
   2.3720e+00  -5.3700e-01   3.0140e-01
   2.3789e+00  -5.0572e-01   3.0140e-01
   2.3853e+00  -4.7436e-01   3.0140e-01
   2.3914e+00  -4.4292e-01   3.0140e-01
   2.3970e+00  -4.1140e-01   3.0140e-01
   2.4022e+00  -3.7981e-01   3.0140e-01
   2.4070e+00  -3.4815e-01   3.0140e-01
   2.4114e+00  -3.1643e-01   3.0140e-01
   2.4153e+00  -2.8466e-01   3.0140e-01
   2.4189e+00  -2.5283e-01   3.0140e-01
   2.4220e+00  -2.2097e-01   3.0140e-01
   2.4247e+00  -1.8906e-01   3.0140e-01
   2.4270e+00  -1.5713e-01   3.0140e-01
   2.4288e+00  -1.2516e-01   3.0140e-01
   2.4303e+00  -9.3176e-02   3.0140e-01
   2.4313e+00  -6.1174e-02   3.0140e-01
   2.4319e+00  -2.9161e-02   3.0140e-01
   2.4320e+00   2.8569e-03   3.0140e-01
   2.4318e+00   3.4874e-02   3.0140e-01
   2.4311e+00   6.6886e-02   3.0140e-01
   2.4300e+00   9.8886e-02   3.0140e-01
   2.4285e+00   1.3087e-01   3.0140e-01
   2.4266e+00   1.6283e-01   3.0140e-01
   2.4242e+00   1.9476e-01   3.0140e-01
   2.4215e+00   2.2666e-01   3.0140e-01
   2.4183e+00   2.5852e-01   3.0140e-01
   2.4147e+00   2.9033e-01   3.0140e-01
   2.4106e+00   3.2209e-01   3.0140e-01
   2.4062e+00   3.5380e-01   3.0140e-01
   2.4013e+00   3.8545e-01   3.0140e-01
   2.3960e+00   4.1703e-01   3.0140e-01
   2.3960e+00   4.1703e-01   2.7066e-01
   2.3960e+00   4.1703e-01   2.3991e-01
   2.3960e+00   4.1703e-01   2.0916e-01
   2.3960e+00   4.1703e-01   1.7841e-01
   2.3960e+00   4.1703e-01   1.4767e-01
   2.3960e+00   4.1703e-01   1.1692e-01
   2.3960e+00   4.1703e-01   8.6173e-02
   2.3960e+00   4.1703e-01   5.5426e-02
   2.3960e+00   4.1703e-01   2.4679e-02
   2.3960e+00   4.1703e-01  -6.0682e-03
   2.3960e+00   4.1703e-01  -3.6815e-02
   2.3960e+00   4.1703e-01  -6.7563e-02
   2.3960e+00   4.1703e-01  -9.8310e-02
   2.3960e+00   4.1703e-01  -1.2906e-01
   2.3960e+00   4.1703e-01  -1.5980e-01
   2.3960e+00   4.1703e-01  -1.9055e-01
   2.3960e+00   4.1703e-01  -2.2130e-01
   2.3960e+00   4.1703e-01  -2.5205e-01
   2.3960e+00   4.1703e-01  -2.8279e-01
   2.3960e+00   4.1703e-01  -3.1354e-01
   2.4013e+00   3.8545e-01  -3.1354e-01
   2.4062e+00   3.5380e-01  -3.1354e-01
   2.4106e+00   3.2209e-01  -3.1354e-01
   2.4147e+00   2.9033e-01  -3.1354e-01
   2.4183e+00   2.5852e-01  -3.1354e-01
   2.4215e+00   2.2666e-01  -3.1354e-01
   2.4242e+00   1.9476e-01  -3.1354e-01
   2.4266e+00   1.6283e-01  -3.1354e-01
   2.4285e+00   1.3087e-01  -3.1354e-01
   2.4300e+00   9.8886e-02  -3.1354e-01
   2.4311e+00   6.6886e-02  -3.1354e-01
   2.4318e+00   3.4874e-02  -3.1354e-01
   2.4320e+00   2.8569e-03  -3.1354e-01
   2.4319e+00  -2.9161e-02  -3.1354e-01
   2.4313e+00  -6.1174e-02  -3.1354e-01
   2.4303e+00  -9.3176e-02  -3.1354e-01
   2.4288e+00  -1.2516e-01  -3.1354e-01
   2.4270e+00  -1.5713e-01  -3.1354e-01
   2.4247e+00  -1.8906e-01  -3.1354e-01
   2.4220e+00  -2.2097e-01  -3.1354e-01
   2.4189e+00  -2.5283e-01  -3.1354e-01
   2.4153e+00  -2.8466e-01  -3.1354e-01
   2.4114e+00  -3.1643e-01  -3.1354e-01
   2.4070e+00  -3.4815e-01  -3.1354e-01
   2.4022e+00  -3.7981e-01  -3.1354e-01
   2.3970e+00  -4.1140e-01  -3.1354e-01
   2.3914e+00  -4.4292e-01  -3.1354e-01
   2.3853e+00  -4.7436e-01  -3.1354e-01
   2.3789e+00  -5.0572e-01  -3.1354e-01
   2.3720e+00  -5.3700e-01  -3.1354e-01
   2.3647e+00  -5.6818e-01  -3.1354e-01
   2.3571e+00  -5.9926e-01  -3.1354e-01
   2.3490e+00  -6.3024e-01  -3.1354e-01
   2.3405e+00  -6.6111e-01  -3.1354e-01
   2.3316e+00  -6.9186e-01  -3.1354e-01
   2.3223e+00  -7.2250e-01  -3.1354e-01
   2.3125e+00  -7.5301e-01  -3.1354e-01
   2.3024e+00  -7.8339e-01  -3.1354e-01
   2.2919e+00  -8.1363e-01  -3.1354e-01
   2.2810e+00  -8.4373e-01  -3.1354e-01
