    12    1  121    4.00
   2.3752e+00   5.2294e-01  -3.4135e-01
   2.3752e+00   5.2294e-01  -3.1008e-01
   2.3752e+00   5.2294e-01  -2.7880e-01
   2.3752e+00   5.2294e-01  -2.4753e-01
   2.3752e+00   5.2294e-01  -2.1626e-01
   2.3752e+00   5.2294e-01  -1.8498e-01
   2.3752e+00   5.2294e-01  -1.5371e-01
   2.3752e+00   5.2294e-01  -1.2243e-01
   2.3752e+00   5.2294e-01  -9.1161e-02
   2.3752e+00   5.2294e-01  -5.9887e-02
   2.3752e+00   5.2294e-01  -2.8614e-02
   2.3752e+00   5.2294e-01   2.6602e-03
   2.3752e+00   5.2294e-01   3.3934e-02
   2.3752e+00   5.2294e-01   6.5208e-02
   2.3752e+00   5.2294e-01   9.6481e-02
   2.3752e+00   5.2294e-01   1.2776e-01
   2.3752e+00   5.2294e-01   1.5903e-01
   2.3752e+00   5.2294e-01   1.9030e-01
   2.3752e+00   5.2294e-01   2.2158e-01
   2.3752e+00   5.2294e-01   2.5285e-01
   2.3752e+00   5.2294e-01   2.8412e-01
   2.3692e+00   5.4938e-01   2.8412e-01
   2.3629e+00   5.7576e-01   2.8412e-01
   2.3563e+00   6.0207e-01   2.8412e-01
   2.3495e+00   6.2830e-01   2.8412e-01
   2.3423e+00   6.5446e-01   2.8412e-01
   2.3349e+00   6.8053e-01   2.8412e-01
   2.3272e+00   7.0652e-01   2.8412e-01
   2.3191e+00   7.3242e-01   2.8412e-01
   2.3108e+00   7.5823e-01   2.8412e-01
   2.3022e+00   7.8394e-01   2.8412e-01
   2.2934e+00   8.0956e-01   2.8412e-01
   2.2842e+00   8.3508e-01   2.8412e-01
   2.2747e+00   8.6049e-01   2.8412e-01
   2.2650e+00   8.8580e-01   2.8412e-01
   2.2550e+00   9.1100e-01   2.8412e-01
   2.2447e+00   9.3608e-01   2.8412e-01
   2.2341e+00   9.6105e-01   2.8412e-01
   2.2233e+00   9.8589e-01   2.8412e-01
   2.2121e+00   1.0106e+00   2.8412e-01
   2.2007e+00   1.0352e+00   2.8412e-01
   2.1890e+00   1.0597e+00   2.8412e-01
   2.1771e+00   1.0840e+00   2.8412e-01
   2.1649e+00   1.1082e+00   2.8412e-01
   2.1524e+00   1.1323e+00   2.8412e-01
   2.1396e+00   1.1562e+00   2.8412e-01
   2.1266e+00   1.1800e+00   2.8412e-01
   2.1133e+00   1.2036e+00   2.8412e-01
   2.0998e+00   1.2271e+00   2.8412e-01
   2.0860e+00   1.2505e+00   2.8412e-01
   2.0719e+00   1.2736e+00   2.8412e-01
   2.0576e+00   1.2967e+00   2.8412e-01
   2.0430e+00   1.3195e+00   2.8412e-01
   2.0281e+00   1.3422e+00   2.8412e-01
   2.0130e+00   1.3647e+00   2.8412e-01
   1.9977e+00   1.3871e+00   2.8412e-01
   1.9821e+00   1.4093e+00   2.8412e-01
   1.9663e+00   1.4313e+00   2.8412e-01
   1.9502e+00   1.4531e+00   2.8412e-01
   1.9339e+00   1.4748e+00   2.8412e-01
   1.9173e+00   1.4962e+00   2.8412e-01
   1.9173e+00   1.4962e+00   2.5285e-01
   1.9173e+00   1.4962e+00   2.2158e-01
   1.9173e+00   1.4962e+00   1.9030e-01
   1.9173e+00   1.4962e+00   1.5903e-01
   1.9173e+00   1.4962e+00   1.2776e-01
   1.9173e+00   1.4962e+00   9.6481e-02
   1.9173e+00   1.4962e+00   6.5208e-02
   1.9173e+00   1.4962e+00   3.3934e-02
   1.9173e+00   1.4962e+00   2.6602e-03
   1.9173e+00   1.4962e+00  -2.8614e-02
   1.9173e+00   1.4962e+00  -5.9887e-02
   1.9173e+00   1.4962e+00  -9.1161e-02
   1.9173e+00   1.4962e+00  -1.2243e-01
   1.9173e+00   1.4962e+00  -1.5371e-01
   1.9173e+00   1.4962e+00  -1.8498e-01
   1.9173e+00   1.4962e+00  -2.1626e-01
   1.9173e+00   1.4962e+00  -2.4753e-01
   1.9173e+00   1.4962e+00  -2.7880e-01
   1.9173e+00   1.4962e+00  -3.1008e-01
   1.9173e+00   1.4962e+00  -3.4135e-01
   1.9339e+00   1.4748e+00  -3.4135e-01
   1.9502e+00   1.4531e+00  -3.4135e-01
   1.9663e+00   1.4313e+00  -3.4135e-01
   1.9821e+00   1.4093e+00  -3.4135e-01
   1.9977e+00   1.3871e+00  -3.4135e-01
   2.0130e+00   1.3647e+00  -3.4135e-01
   2.0281e+00   1.3422e+00  -3.4135e-01
   2.0430e+00   1.3195e+00  -3.4135e-01
   2.0576e+00   1.2967e+00  -3.4135e-01
   2.0719e+00   1.2736e+00  -3.4135e-01
   2.0860e+00   1.2505e+00  -3.4135e-01
   2.0998e+00   1.2271e+00  -3.4135e-01
   2.1133e+00   1.2036e+00  -3.4135e-01
   2.1266e+00   1.1800e+00  -3.4135e-01
   2.1396e+00   1.1562e+00  -3.4135e-01
   2.1524e+00   1.1323e+00  -3.4135e-01
   2.1649e+00   1.1082e+00  -3.4135e-01
   2.1771e+00   1.0840e+00  -3.4135e-01
   2.1890e+00   1.0597e+00  -3.4135e-01
   2.2007e+00   1.0352e+00  -3.4135e-01
   2.2121e+00   1.0106e+00  -3.4135e-01
   2.2233e+00   9.8589e-01  -3.4135e-01
   2.2341e+00   9.6105e-01  -3.4135e-01
   2.2447e+00   9.3608e-01  -3.4135e-01
   2.2550e+00   9.1100e-01  -3.4135e-01
   2.2650e+00   8.8580e-01  -3.4135e-01
   2.2747e+00   8.6049e-01  -3.4135e-01
   2.2842e+00   8.3508e-01  -3.4135e-01
   2.2934e+00   8.0956e-01  -3.4135e-01
   2.3022e+00   7.8394e-01  -3.4135e-01
   2.3108e+00   7.5823e-01  -3.4135e-01
   2.3191e+00   7.3242e-01  -3.4135e-01
   2.3272e+00   7.0652e-01  -3.4135e-01
   2.3349e+00   6.8053e-01  -3.4135e-01
   2.3423e+00   6.5446e-01  -3.4135e-01
   2.3495e+00   6.2830e-01  -3.4135e-01
   2.3563e+00   6.0207e-01  -3.4135e-01
   2.3629e+00   5.7576e-01  -3.4135e-01
   2.3692e+00   5.4938e-01  -3.4135e-01
   2.3752e+00   5.2294e-01  -3.4135e-01
   1.8072e+00   1.6276e+00  -3.4135e-01
   1.8072e+00   1.6276e+00  -3.1008e-01
   1.8072e+00   1.6276e+00  -2.7880e-01
   1.8072e+00   1.6276e+00  -2.4753e-01
   1.8072e+00   1.6276e+00  -2.1626e-01
   1.8072e+00   1.6276e+00  -1.8498e-01
   1.8072e+00   1.6276e+00  -1.5371e-01
   1.8072e+00   1.6276e+00  -1.2243e-01
   1.8072e+00   1.6276e+00  -9.1161e-02
   1.8072e+00   1.6276e+00  -5.9887e-02
   1.8072e+00   1.6276e+00  -2.8614e-02
   1.8072e+00   1.6276e+00   2.6602e-03
   1.8072e+00   1.6276e+00   3.3934e-02
   1.8072e+00   1.6276e+00   6.5208e-02
   1.8072e+00   1.6276e+00   9.6481e-02
   1.8072e+00   1.6276e+00   1.2776e-01
   1.8072e+00   1.6276e+00   1.5903e-01
   1.8072e+00   1.6276e+00   1.9030e-01
   1.8072e+00   1.6276e+00   2.2158e-01
   1.8072e+00   1.6276e+00   2.5285e-01
   1.8072e+00   1.6276e+00   2.8412e-01
   1.7888e+00   1.6478e+00   2.8412e-01
   1.7701e+00   1.6678e+00   2.8412e-01
   1.7513e+00   1.6876e+00   2.8412e-01
   1.7322e+00   1.7072e+00   2.8412e-01
   1.7129e+00   1.7265e+00   2.8412e-01
   1.6934e+00   1.7457e+00   2.8412e-01
   1.6737e+00   1.7646e+00   2.8412e-01
   1.6537e+00   1.7833e+00   2.8412e-01
   1.6336e+00   1.8018e+00   2.8412e-01
   1.6132e+00   1.8200e+00   2.8412e-01
   1.5926e+00   1.8380e+00   2.8412e-01
   1.5719e+00   1.8558e+00   2.8412e-01
   1.5509e+00   1.8734e+00   2.8412e-01
   1.5298e+00   1.8907e+00   2.8412e-01
   1.5084e+00   1.9078e+00   2.8412e-01
   1.4869e+00   1.9246e+00   2.8412e-01
   1.4652e+00   1.9412e+00   2.8412e-01
   1.4433e+00   1.9575e+00   2.8412e-01
   1.4212e+00   1.9736e+00   2.8412e-01
   1.3989e+00   1.9895e+00   2.8412e-01
   1.3764e+00   2.0051e+00   2.8412e-01
   1.3538e+00   2.0204e+00   2.8412e-01
   1.3310e+00   2.0355e+00   2.8412e-01
   1.3081e+00   2.0503e+00   2.8412e-01
   1.2849e+00   2.0649e+00   2.8412e-01
   1.2616e+00   2.0792e+00   2.8412e-01
   1.2382e+00   2.0933e+00   2.8412e-01
   1.2146e+00   2.1071e+00   2.8412e-01
   1.1908e+00   2.1206e+00   2.8412e-01
   1.1669e+00   2.1338e+00   2.8412e-01
   1.1428e+00   2.1468e+00   2.8412e-01
   1.1186e+00   2.1595e+00   2.8412e-01
   1.0943e+00   2.1720e+00   2.8412e-01
   1.0698e+00   2.1841e+00   2.8412e-01
   1.0452e+00   2.1960e+00   2.8412e-01
   1.0205e+00   2.2076e+00   2.8412e-01
   9.9558e-01   2.2189e+00   2.8412e-01
   9.7057e-01   2.2300e+00   2.8412e-01
   9.4545e-01   2.2408e+00   2.8412e-01
   9.2020e-01   2.2512e+00   2.8412e-01
   9.2020e-01   2.2512e+00   2.5285e-01
   9.2020e-01   2.2512e+00   2.2158e-01
   9.2020e-01   2.2512e+00   1.9030e-01
   9.2020e-01   2.2512e+00   1.5903e-01
   9.2020e-01   2.2512e+00   1.2776e-01
   9.2020e-01   2.2512e+00   9.6481e-02
   9.2020e-01   2.2512e+00   6.5208e-02
   9.2020e-01   2.2512e+00   3.3934e-02
   9.2020e-01   2.2512e+00   2.6602e-03
   9.2020e-01   2.2512e+00  -2.8614e-02
   9.2020e-01   2.2512e+00  -5.9887e-02
   9.2020e-01   2.2512e+00  -9.1161e-02
   9.2020e-01   2.2512e+00  -1.2243e-01
   9.2020e-01   2.2512e+00  -1.5371e-01
   9.2020e-01   2.2512e+00  -1.8498e-01
   9.2020e-01   2.2512e+00  -2.1626e-01
   9.2020e-01   2.2512e+00  -2.4753e-01
   9.2020e-01   2.2512e+00  -2.7880e-01
   9.2020e-01   2.2512e+00  -3.1008e-01
   9.2020e-01   2.2512e+00  -3.4135e-01
   9.4545e-01   2.2408e+00  -3.4135e-01
   9.7057e-01   2.2300e+00  -3.4135e-01
   9.9558e-01   2.2189e+00  -3.4135e-01
   1.0205e+00   2.2076e+00  -3.4135e-01
   1.0452e+00   2.1960e+00  -3.4135e-01
   1.0698e+00   2.1841e+00  -3.4135e-01
   1.0943e+00   2.1720e+00  -3.4135e-01
   1.1186e+00   2.1595e+00  -3.4135e-01
   1.1428e+00   2.1468e+00  -3.4135e-01
   1.1669e+00   2.1338e+00  -3.4135e-01
   1.1908e+00   2.1206e+00  -3.4135e-01
   1.2146e+00   2.1071e+00  -3.4135e-01
   1.2382e+00   2.0933e+00  -3.4135e-01
   1.2616e+00   2.0792e+00  -3.4135e-01
   1.2849e+00   2.0649e+00  -3.4135e-01
   1.3081e+00   2.0503e+00  -3.4135e-01
   1.3310e+00   2.0355e+00  -3.4135e-01
   1.3538e+00   2.0204e+00  -3.4135e-01
   1.3764e+00   2.0051e+00  -3.4135e-01
   1.3989e+00   1.9895e+00  -3.4135e-01
   1.4212e+00   1.9736e+00  -3.4135e-01
   1.4433e+00   1.9575e+00  -3.4135e-01
   1.4652e+00   1.9412e+00  -3.4135e-01
   1.4869e+00   1.9246e+00  -3.4135e-01
   1.5084e+00   1.9078e+00  -3.4135e-01
   1.5298e+00   1.8907e+00  -3.4135e-01
   1.5509e+00   1.8734e+00  -3.4135e-01
   1.5719e+00   1.8558e+00  -3.4135e-01
   1.5926e+00   1.8380e+00  -3.4135e-01
   1.6132e+00   1.8200e+00  -3.4135e-01
   1.6336e+00   1.8018e+00  -3.4135e-01
   1.6537e+00   1.7833e+00  -3.4135e-01
   1.6737e+00   1.7646e+00  -3.4135e-01
   1.6934e+00   1.7457e+00  -3.4135e-01
   1.7129e+00   1.7265e+00  -3.4135e-01
   1.7322e+00   1.7072e+00  -3.4135e-01
   1.7513e+00   1.6876e+00  -3.4135e-01
   1.7701e+00   1.6678e+00  -3.4135e-01
   1.7888e+00   1.6478e+00  -3.4135e-01
   1.8072e+00   1.6276e+00  -3.4135e-01
   7.8343e-01   2.3024e+00  -3.3119e-01
   7.8343e-01   2.3024e+00  -3.0106e-01
   7.8343e-01   2.3024e+00  -2.7093e-01
   7.8343e-01   2.3024e+00  -2.4080e-01
   7.8343e-01   2.3024e+00  -2.1067e-01
   7.8343e-01   2.3024e+00  -1.8054e-01
   7.8343e-01   2.3024e+00  -1.5041e-01
   7.8343e-01   2.3024e+00  -1.2028e-01
   7.8343e-01   2.3024e+00  -9.0145e-02
   7.8343e-01   2.3024e+00  -6.0014e-02
   7.8343e-01   2.3024e+00  -2.9884e-02
   7.8343e-01   2.3024e+00   2.4725e-04
   7.8343e-01   2.3024e+00   3.0378e-02
   7.8343e-01   2.3024e+00   6.0509e-02
   7.8343e-01   2.3024e+00   9.0639e-02
   7.8343e-01   2.3024e+00   1.2077e-01
   7.8343e-01   2.3024e+00   1.5090e-01
   7.8343e-01   2.3024e+00   1.8103e-01
   7.8343e-01   2.3024e+00   2.1116e-01
   7.8343e-01   2.3024e+00   2.4129e-01
   7.8343e-01   2.3024e+00   2.7142e-01
   7.5654e-01   2.3114e+00   2.7142e-01
   7.2954e-01   2.3201e+00   2.7142e-01
   7.0245e-01   2.3284e+00   2.7142e-01
   6.7525e-01   2.3364e+00   2.7142e-01
   6.4797e-01   2.3441e+00   2.7142e-01
   6.2060e-01   2.3515e+00   2.7142e-01
   5.9314e-01   2.3586e+00   2.7142e-01
   5.6561e-01   2.3654e+00   2.7142e-01
   5.3799e-01   2.3718e+00   2.7142e-01
   5.1031e-01   2.3779e+00   2.7142e-01
   4.8255e-01   2.3837e+00   2.7142e-01
   4.5473e-01   2.3892e+00   2.7142e-01
   4.2685e-01   2.3943e+00   2.7142e-01
   3.9891e-01   2.3991e+00   2.7142e-01
   3.7091e-01   2.4036e+00   2.7142e-01
   3.4287e-01   2.4078e+00   2.7142e-01
   3.1477e-01   2.4116e+00   2.7142e-01
   2.8664e-01   2.4151e+00   2.7142e-01
   2.5846e-01   2.4183e+00   2.7142e-01
   2.3026e-01   2.4211e+00   2.7142e-01
   2.0202e-01   2.4236e+00   2.7142e-01
   1.7375e-01   2.4258e+00   2.7142e-01
   1.4546e-01   2.4277e+00   2.7142e-01
   1.1714e-01   2.4292e+00   2.7142e-01
   8.8818e-02   2.4304e+00   2.7142e-01
   6.0478e-02   2.4313e+00   2.7142e-01
   3.2131e-02   2.4318e+00   2.7142e-01
   3.7791e-03   2.4320e+00   2.7142e-01
  -2.4573e-02   2.4319e+00   2.7142e-01
  -5.2922e-02   2.4315e+00   2.7142e-01
  -8.1264e-02   2.4307e+00   2.7142e-01
  -1.0959e-01   2.4296e+00   2.7142e-01
  -1.3791e-01   2.4281e+00   2.7142e-01
  -1.6621e-01   2.4264e+00   2.7142e-01
  -1.9448e-01   2.4243e+00   2.7142e-01
  -2.2273e-01   2.4218e+00   2.7142e-01
  -2.5095e-01   2.4191e+00   2.7142e-01
  -2.7913e-01   2.4160e+00   2.7142e-01
  -3.0728e-01   2.4126e+00   2.7142e-01
  -3.3538e-01   2.4088e+00   2.7142e-01
  -3.3538e-01   2.4088e+00   2.4129e-01
  -3.3538e-01   2.4088e+00   2.1116e-01
  -3.3538e-01   2.4088e+00   1.8103e-01
  -3.3538e-01   2.4088e+00   1.5090e-01
  -3.3538e-01   2.4088e+00   1.2077e-01
  -3.3538e-01   2.4088e+00   9.0640e-02
  -3.3538e-01   2.4088e+00   6.0509e-02
  -3.3538e-01   2.4088e+00   3.0378e-02
  -3.3538e-01   2.4088e+00   2.4725e-04
  -3.3538e-01   2.4088e+00  -2.9884e-02
  -3.3538e-01   2.4088e+00  -6.0014e-02
  -3.3538e-01   2.4088e+00  -9.0145e-02
  -3.3538e-01   2.4088e+00  -1.2028e-01
  -3.3538e-01   2.4088e+00  -1.5041e-01
  -3.3538e-01   2.4088e+00  -1.8054e-01
  -3.3538e-01   2.4088e+00  -2.1067e-01
  -3.3538e-01   2.4088e+00  -2.4080e-01
  -3.3538e-01   2.4088e+00  -2.7093e-01
  -3.3538e-01   2.4088e+00  -3.0106e-01
  -3.3538e-01   2.4088e+00  -3.3119e-01
  -3.0728e-01   2.4126e+00  -3.3119e-01
  -2.7913e-01   2.4160e+00  -3.3119e-01
  -2.5095e-01   2.4191e+00  -3.3119e-01
  -2.2273e-01   2.4218e+00  -3.3119e-01
  -1.9448e-01   2.4243e+00  -3.3119e-01
  -1.6621e-01   2.4264e+00  -3.3119e-01
  -1.3791e-01   2.4281e+00  -3.3119e-01
  -1.0959e-01   2.4296e+00  -3.3119e-01
  -8.1264e-02   2.4307e+00  -3.3119e-01
  -5.2922e-02   2.4315e+00  -3.3119e-01
  -2.4573e-02   2.4319e+00  -3.3119e-01
   3.7791e-03   2.4320e+00  -3.3119e-01
   3.2131e-02   2.4318e+00  -3.3119e-01
   6.0478e-02   2.4313e+00  -3.3119e-01
   8.8818e-02   2.4304e+00  -3.3119e-01
   1.1714e-01   2.4292e+00  -3.3119e-01
   1.4546e-01   2.4277e+00  -3.3119e-01
   1.7375e-01   2.4258e+00  -3.3119e-01
   2.0202e-01   2.4236e+00  -3.3119e-01
   2.3026e-01   2.4211e+00  -3.3119e-01
   2.5846e-01   2.4183e+00  -3.3119e-01
   2.8664e-01   2.4151e+00  -3.3119e-01
   3.1477e-01   2.4116e+00  -3.3119e-01
   3.4287e-01   2.4078e+00  -3.3119e-01
   3.7091e-01   2.4036e+00  -3.3119e-01
   3.9891e-01   2.3991e+00  -3.3119e-01
   4.2685e-01   2.3943e+00  -3.3119e-01
   4.5473e-01   2.3892e+00  -3.3119e-01
   4.8255e-01   2.3837e+00  -3.3119e-01
   5.1031e-01   2.3779e+00  -3.3119e-01
   5.3799e-01   2.3718e+00  -3.3119e-01
   5.6561e-01   2.3654e+00  -3.3119e-01
   5.9314e-01   2.3586e+00  -3.3119e-01
   6.2060e-01   2.3515e+00  -3.3119e-01
   6.4797e-01   2.3441e+00  -3.3119e-01
   6.7525e-01   2.3364e+00  -3.3119e-01
   7.0245e-01   2.3284e+00  -3.3119e-01
   7.2954e-01   2.3201e+00  -3.3119e-01
   7.5654e-01   2.3114e+00  -3.3119e-01
   7.8343e-01   2.3024e+00  -3.3119e-01
  -4.8184e-01   2.3838e+00  -3.3487e-01
  -4.8184e-01   2.3838e+00  -3.0424e-01
  -4.8184e-01   2.3838e+00  -2.7361e-01
  -4.8184e-01   2.3838e+00  -2.4298e-01
  -4.8184e-01   2.3838e+00  -2.1234e-01
  -4.8184e-01   2.3838e+00  -1.8171e-01
  -4.8184e-01   2.3838e+00  -1.5108e-01
  -4.8184e-01   2.3838e+00  -1.2045e-01
  -4.8184e-01   2.3838e+00  -8.9814e-02
  -4.8184e-01   2.3838e+00  -5.9182e-02
  -4.8184e-01   2.3838e+00  -2.8550e-02
  -4.8184e-01   2.3838e+00   2.0828e-03
  -4.8184e-01   2.3838e+00   3.2715e-02
  -4.8184e-01   2.3838e+00   6.3348e-02
  -4.8184e-01   2.3838e+00   9.3980e-02
  -4.8184e-01   2.3838e+00   1.2461e-01
  -4.8184e-01   2.3838e+00   1.5524e-01
  -4.8184e-01   2.3838e+00   1.8588e-01
  -4.8184e-01   2.3838e+00   2.1651e-01
  -4.8184e-01   2.3838e+00   2.4714e-01
  -4.8184e-01   2.3838e+00   2.7777e-01
  -5.0912e-01   2.3782e+00   2.7777e-01
  -5.3634e-01   2.3722e+00   2.7777e-01
  -5.6349e-01   2.3659e+00   2.7777e-01
  -5.9056e-01   2.3593e+00   2.7777e-01
  -6.1756e-01   2.3523e+00   2.7777e-01
  -6.4447e-01   2.3451e+00   2.7777e-01
  -6.7131e-01   2.3376e+00   2.7777e-01
  -6.9805e-01   2.3297e+00   2.7777e-01
  -7.2470e-01   2.3216e+00   2.7777e-01
  -7.5126e-01   2.3131e+00   2.7777e-01
  -7.7771e-01   2.3044e+00   2.7777e-01
  -8.0407e-01   2.2953e+00   2.7777e-01
  -8.3032e-01   2.2859e+00   2.7777e-01
  -8.5646e-01   2.2763e+00   2.7777e-01
  -8.8249e-01   2.2663e+00   2.7777e-01
  -9.0840e-01   2.2560e+00   2.7777e-01
  -9.3419e-01   2.2455e+00   2.7777e-01
  -9.5986e-01   2.2346e+00   2.7777e-01
  -9.8540e-01   2.2235e+00   2.7777e-01
  -1.0108e+00   2.2120e+00   2.7777e-01
  -1.0361e+00   2.2003e+00   2.7777e-01
  -1.0612e+00   2.1883e+00   2.7777e-01
  -1.0863e+00   2.1760e+00   2.7777e-01
  -1.1111e+00   2.1634e+00   2.7777e-01
  -1.1358e+00   2.1505e+00   2.7777e-01
  -1.1604e+00   2.1374e+00   2.7777e-01
  -1.1848e+00   2.1239e+00   2.7777e-01
  -1.2091e+00   2.1102e+00   2.7777e-01
  -1.2332e+00   2.0962e+00   2.7777e-01
  -1.2571e+00   2.0819e+00   2.7777e-01
  -1.2809e+00   2.0674e+00   2.7777e-01
  -1.3045e+00   2.0526e+00   2.7777e-01
  -1.3279e+00   2.0375e+00   2.7777e-01
  -1.3512e+00   2.0222e+00   2.7777e-01
  -1.3743e+00   2.0065e+00   2.7777e-01
  -1.3972e+00   1.9907e+00   2.7777e-01
  -1.4199e+00   1.9745e+00   2.7777e-01
  -1.4424e+00   1.9581e+00   2.7777e-01
  -1.4648e+00   1.9415e+00   2.7777e-01
  -1.4869e+00   1.9245e+00   2.7777e-01
  -1.4869e+00   1.9245e+00   2.4714e-01
  -1.4869e+00   1.9245e+00   2.1651e-01
  -1.4869e+00   1.9245e+00   1.8588e-01
  -1.4869e+00   1.9245e+00   1.5524e-01
  -1.4869e+00   1.9245e+00   1.2461e-01
  -1.4869e+00   1.9245e+00   9.3980e-02
  -1.4869e+00   1.9245e+00   6.3348e-02
  -1.4869e+00   1.9245e+00   3.2715e-02
  -1.4869e+00   1.9245e+00   2.0828e-03
  -1.4869e+00   1.9245e+00  -2.8550e-02
  -1.4869e+00   1.9245e+00  -5.9182e-02
  -1.4869e+00   1.9245e+00  -8.9814e-02
  -1.4869e+00   1.9245e+00  -1.2045e-01
  -1.4869e+00   1.9245e+00  -1.5108e-01
  -1.4869e+00   1.9245e+00  -1.8171e-01
  -1.4869e+00   1.9245e+00  -2.1234e-01
  -1.4869e+00   1.9245e+00  -2.4298e-01
  -1.4869e+00   1.9245e+00  -2.7361e-01
  -1.4869e+00   1.9245e+00  -3.0424e-01
  -1.4869e+00   1.9245e+00  -3.3487e-01
  -1.4648e+00   1.9415e+00  -3.3487e-01
  -1.4424e+00   1.9581e+00  -3.3487e-01
  -1.4199e+00   1.9745e+00  -3.3487e-01
  -1.3972e+00   1.9907e+00  -3.3487e-01
  -1.3743e+00   2.0065e+00  -3.3487e-01
  -1.3512e+00   2.0222e+00  -3.3487e-01
  -1.3279e+00   2.0375e+00  -3.3487e-01
  -1.3045e+00   2.0526e+00  -3.3487e-01
  -1.2809e+00   2.0674e+00  -3.3487e-01
  -1.2571e+00   2.0819e+00  -3.3487e-01
  -1.2332e+00   2.0962e+00  -3.3487e-01
  -1.2091e+00   2.1102e+00  -3.3487e-01
  -1.1848e+00   2.1239e+00  -3.3487e-01
  -1.1604e+00   2.1374e+00  -3.3487e-01
  -1.1358e+00   2.1505e+00  -3.3487e-01
  -1.1111e+00   2.1634e+00  -3.3487e-01
  -1.0863e+00   2.1760e+00  -3.3487e-01
  -1.0612e+00   2.1883e+00  -3.3487e-01
  -1.0361e+00   2.2003e+00  -3.3487e-01
  -1.0108e+00   2.2120e+00  -3.3487e-01
  -9.8540e-01   2.2235e+00  -3.3487e-01
  -9.5986e-01   2.2346e+00  -3.3487e-01
  -9.3419e-01   2.2455e+00  -3.3487e-01
  -9.0840e-01   2.2560e+00  -3.3487e-01
  -8.8249e-01   2.2663e+00  -3.3487e-01
  -8.5646e-01   2.2763e+00  -3.3487e-01
  -8.3032e-01   2.2859e+00  -3.3487e-01
  -8.0407e-01   2.2953e+00  -3.3487e-01
  -7.7771e-01   2.3044e+00  -3.3487e-01
  -7.5126e-01   2.3131e+00  -3.3487e-01
  -7.2470e-01   2.3216e+00  -3.3487e-01
  -6.9805e-01   2.3297e+00  -3.3487e-01
  -6.7131e-01   2.3376e+00  -3.3487e-01
  -6.4447e-01   2.3451e+00  -3.3487e-01
  -6.1756e-01   2.3523e+00  -3.3487e-01
  -5.9056e-01   2.3593e+00  -3.3487e-01
  -5.6349e-01   2.3659e+00  -3.3487e-01
  -5.3634e-01   2.3722e+00  -3.3487e-01
  -5.0912e-01   2.3782e+00  -3.3487e-01
  -4.8184e-01   2.3838e+00  -3.3487e-01
  -1.5902e+00   1.8402e+00  -3.2103e-01
  -1.5902e+00   1.8402e+00  -2.9258e-01
  -1.5902e+00   1.8402e+00  -2.6413e-01
  -1.5902e+00   1.8402e+00  -2.3569e-01
  -1.5902e+00   1.8402e+00  -2.0724e-01
  -1.5902e+00   1.8402e+00  -1.7879e-01
  -1.5902e+00   1.8402e+00  -1.5034e-01
  -1.5902e+00   1.8402e+00  -1.2189e-01
  -1.5902e+00   1.8402e+00  -9.3447e-02
  -1.5902e+00   1.8402e+00  -6.4999e-02
  -1.5902e+00   1.8402e+00  -3.6551e-02
  -1.5902e+00   1.8402e+00  -8.1026e-03
  -1.5902e+00   1.8402e+00   2.0345e-02
  -1.5902e+00   1.8402e+00   4.8793e-02
  -1.5902e+00   1.8402e+00   7.7241e-02
  -1.5902e+00   1.8402e+00   1.0569e-01
  -1.5902e+00   1.8402e+00   1.3414e-01
  -1.5902e+00   1.8402e+00   1.6259e-01
  -1.5902e+00   1.8402e+00   1.9103e-01
  -1.5902e+00   1.8402e+00   2.1948e-01
  -1.5902e+00   1.8402e+00   2.4793e-01
  -1.6124e+00   1.8207e+00   2.4793e-01
  -1.6344e+00   1.8010e+00   2.4793e-01
  -1.6561e+00   1.7811e+00   2.4793e-01
  -1.6776e+00   1.7608e+00   2.4793e-01
  -1.6988e+00   1.7403e+00   2.4793e-01
  -1.7198e+00   1.7196e+00   2.4793e-01
  -1.7406e+00   1.6986e+00   2.4793e-01
  -1.7611e+00   1.6774e+00   2.4793e-01
  -1.7813e+00   1.6559e+00   2.4793e-01
  -1.8012e+00   1.6341e+00   2.4793e-01
  -1.8209e+00   1.6121e+00   2.4793e-01
  -1.8404e+00   1.5899e+00   2.4793e-01
  -1.8595e+00   1.5675e+00   2.4793e-01
  -1.8784e+00   1.5448e+00   2.4793e-01
  -1.8970e+00   1.5219e+00   2.4793e-01
  -1.9154e+00   1.4988e+00   2.4793e-01
  -1.9334e+00   1.4754e+00   2.4793e-01
  -1.9512e+00   1.4518e+00   2.4793e-01
  -1.9686e+00   1.4280e+00   2.4793e-01
  -1.9858e+00   1.4040e+00   2.4793e-01
  -2.0027e+00   1.3798e+00   2.4793e-01
  -2.0193e+00   1.3554e+00   2.4793e-01
  -2.0356e+00   1.3308e+00   2.4793e-01
  -2.0516e+00   1.3060e+00   2.4793e-01
  -2.0673e+00   1.2810e+00   2.4793e-01
  -2.0827e+00   1.2559e+00   2.4793e-01
  -2.0978e+00   1.2305e+00   2.4793e-01
  -2.1126e+00   1.2049e+00   2.4793e-01
  -2.1270e+00   1.1792e+00   2.4793e-01
  -2.1412e+00   1.1533e+00   2.4793e-01
  -2.1550e+00   1.1272e+00   2.4793e-01
  -2.1686e+00   1.1010e+00   2.4793e-01
  -2.1818e+00   1.0746e+00   2.4793e-01
  -2.1946e+00   1.0481e+00   2.4793e-01
  -2.2072e+00   1.0213e+00   2.4793e-01
  -2.2194e+00   9.9449e-01   2.4793e-01
  -2.2313e+00   9.6748e-01   2.4793e-01
  -2.2429e+00   9.4033e-01   2.4793e-01
  -2.2542e+00   9.1304e-01   2.4793e-01
  -2.2651e+00   8.8562e-01   2.4793e-01
  -2.2651e+00   8.8562e-01   2.1948e-01
  -2.2651e+00   8.8562e-01   1.9103e-01
  -2.2651e+00   8.8562e-01   1.6259e-01
  -2.2651e+00   8.8562e-01   1.3414e-01
  -2.2651e+00   8.8562e-01   1.0569e-01
  -2.2651e+00   8.8562e-01   7.7241e-02
  -2.2651e+00   8.8562e-01   4.8793e-02
  -2.2651e+00   8.8562e-01   2.0345e-02
  -2.2651e+00   8.8562e-01  -8.1026e-03
  -2.2651e+00   8.8562e-01  -3.6551e-02
  -2.2651e+00   8.8562e-01  -6.4999e-02
  -2.2651e+00   8.8562e-01  -9.3447e-02
  -2.2651e+00   8.8562e-01  -1.2189e-01
  -2.2651e+00   8.8562e-01  -1.5034e-01
  -2.2651e+00   8.8562e-01  -1.7879e-01
  -2.2651e+00   8.8562e-01  -2.0724e-01
  -2.2651e+00   8.8562e-01  -2.3569e-01
  -2.2651e+00   8.8562e-01  -2.6413e-01
  -2.2651e+00   8.8562e-01  -2.9258e-01
  -2.2651e+00   8.8562e-01  -3.2103e-01
  -2.2542e+00   9.1304e-01  -3.2103e-01
  -2.2429e+00   9.4033e-01  -3.2103e-01
  -2.2313e+00   9.6748e-01  -3.2103e-01
  -2.2194e+00   9.9449e-01  -3.2103e-01
  -2.2072e+00   1.0213e+00  -3.2103e-01
  -2.1946e+00   1.0481e+00  -3.2103e-01
  -2.1818e+00   1.0746e+00  -3.2103e-01
  -2.1686e+00   1.1010e+00  -3.2103e-01
  -2.1550e+00   1.1272e+00  -3.2103e-01
  -2.1412e+00   1.1533e+00  -3.2103e-01
  -2.1270e+00   1.1792e+00  -3.2103e-01
  -2.1126e+00   1.2049e+00  -3.2103e-01
  -2.0978e+00   1.2305e+00  -3.2103e-01
  -2.0827e+00   1.2559e+00  -3.2103e-01
  -2.0673e+00   1.2810e+00  -3.2103e-01
  -2.0516e+00   1.3060e+00  -3.2103e-01
  -2.0356e+00   1.3308e+00  -3.2103e-01
  -2.0193e+00   1.3554e+00  -3.2103e-01
  -2.0027e+00   1.3798e+00  -3.2103e-01
  -1.9858e+00   1.4040e+00  -3.2103e-01
  -1.9686e+00   1.4280e+00  -3.2103e-01
  -1.9512e+00   1.4518e+00  -3.2103e-01
  -1.9334e+00   1.4754e+00  -3.2103e-01
  -1.9154e+00   1.4988e+00  -3.2103e-01
  -1.8970e+00   1.5219e+00  -3.2103e-01
  -1.8784e+00   1.5448e+00  -3.2103e-01
  -1.8595e+00   1.5675e+00  -3.2103e-01
  -1.8404e+00   1.5899e+00  -3.2103e-01
  -1.8209e+00   1.6121e+00  -3.2103e-01
  -1.8012e+00   1.6341e+00  -3.2103e-01
  -1.7813e+00   1.6559e+00  -3.2103e-01
  -1.7611e+00   1.6774e+00  -3.2103e-01
  -1.7406e+00   1.6986e+00  -3.2103e-01
  -1.7198e+00   1.7196e+00  -3.2103e-01
  -1.6988e+00   1.7403e+00  -3.2103e-01
  -1.6776e+00   1.7608e+00  -3.2103e-01
  -1.6561e+00   1.7811e+00  -3.2103e-01
  -1.6344e+00   1.8010e+00  -3.2103e-01
  -1.6124e+00   1.8207e+00  -3.2103e-01
  -1.5902e+00   1.8402e+00  -3.2103e-01
  -2.3025e+00   7.8304e-01  -3.2103e-01
  -2.3025e+00   7.8304e-01  -2.9258e-01
  -2.3025e+00   7.8304e-01  -2.6413e-01
  -2.3025e+00   7.8304e-01  -2.3569e-01
  -2.3025e+00   7.8304e-01  -2.0724e-01
  -2.3025e+00   7.8304e-01  -1.7879e-01
  -2.3025e+00   7.8304e-01  -1.5034e-01
  -2.3025e+00   7.8304e-01  -1.2189e-01
  -2.3025e+00   7.8304e-01  -9.3447e-02
  -2.3025e+00   7.8304e-01  -6.4999e-02
  -2.3025e+00   7.8304e-01  -3.6551e-02
  -2.3025e+00   7.8304e-01  -8.1026e-03
  -2.3025e+00   7.8304e-01   2.0345e-02
  -2.3025e+00   7.8304e-01   4.8793e-02
  -2.3025e+00   7.8304e-01   7.7241e-02
  -2.3025e+00   7.8304e-01   1.0569e-01
  -2.3025e+00   7.8304e-01   1.3414e-01
  -2.3025e+00   7.8304e-01   1.6259e-01
  -2.3025e+00   7.8304e-01   1.9103e-01
  -2.3025e+00   7.8304e-01   2.1948e-01
  -2.3025e+00   7.8304e-01   2.4793e-01
  -2.3118e+00   7.5521e-01   2.4793e-01
  -2.3208e+00   7.2727e-01   2.4793e-01
  -2.3294e+00   6.9922e-01   2.4793e-01
  -2.3376e+00   6.7107e-01   2.4793e-01
  -2.3456e+00   6.4283e-01   2.4793e-01
  -2.3531e+00   6.1449e-01   2.4793e-01
  -2.3604e+00   5.8606e-01   2.4793e-01
  -2.3673e+00   5.5754e-01   2.4793e-01
  -2.3738e+00   5.2895e-01   2.4793e-01
  -2.3800e+00   5.0027e-01   2.4793e-01
  -2.3859e+00   4.7153e-01   2.4793e-01
  -2.3914e+00   4.4272e-01   2.4793e-01
  -2.3966e+00   4.1384e-01   2.4793e-01
  -2.4014e+00   3.8490e-01   2.4793e-01
  -2.4059e+00   3.5590e-01   2.4793e-01
  -2.4100e+00   3.2686e-01   2.4793e-01
  -2.4138e+00   2.9776e-01   2.4793e-01
  -2.4172e+00   2.6863e-01   2.4793e-01
  -2.4202e+00   2.3945e-01   2.4793e-01
  -2.4229e+00   2.1024e-01   2.4793e-01
  -2.4253e+00   1.8100e-01   2.4793e-01
  -2.4273e+00   1.5173e-01   2.4793e-01
  -2.4290e+00   1.2244e-01   2.4793e-01
  -2.4303e+00   9.3132e-02   2.4793e-01
  -2.4312e+00   6.3811e-02   2.4793e-01
  -2.4318e+00   3.4480e-02   2.4793e-01
  -2.4320e+00   5.1441e-03   2.4793e-01
  -2.4319e+00  -2.4192e-02   2.4793e-01
  -2.4315e+00  -5.3525e-02   2.4793e-01
  -2.4306e+00  -8.2851e-02   2.4793e-01
  -2.4295e+00  -1.1216e-01   2.4793e-01
  -2.4279e+00  -1.4146e-01   2.4793e-01
  -2.4260e+00  -1.7074e-01   2.4793e-01
  -2.4238e+00  -1.9999e-01   2.4793e-01
  -2.4212e+00  -2.2921e-01   2.4793e-01
  -2.4183e+00  -2.5840e-01   2.4793e-01
  -2.4150e+00  -2.8755e-01   2.4793e-01
  -2.4113e+00  -3.1666e-01   2.4793e-01
  -2.4074e+00  -3.4572e-01   2.4793e-01
  -2.4030e+00  -3.7474e-01   2.4793e-01
  -2.4030e+00  -3.7474e-01   2.1948e-01
  -2.4030e+00  -3.7474e-01   1.9103e-01
  -2.4030e+00  -3.7474e-01   1.6259e-01
  -2.4030e+00  -3.7474e-01   1.3414e-01
  -2.4030e+00  -3.7474e-01   1.0569e-01
  -2.4030e+00  -3.7474e-01   7.7241e-02
  -2.4030e+00  -3.7474e-01   4.8793e-02
  -2.4030e+00  -3.7474e-01   2.0345e-02
  -2.4030e+00  -3.7474e-01  -8.1026e-03
  -2.4030e+00  -3.7474e-01  -3.6551e-02
  -2.4030e+00  -3.7474e-01  -6.4999e-02
  -2.4030e+00  -3.7474e-01  -9.3447e-02
  -2.4030e+00  -3.7474e-01  -1.2189e-01
  -2.4030e+00  -3.7474e-01  -1.5034e-01
  -2.4030e+00  -3.7474e-01  -1.7879e-01
  -2.4030e+00  -3.7474e-01  -2.0724e-01
  -2.4030e+00  -3.7474e-01  -2.3569e-01
  -2.4030e+00  -3.7474e-01  -2.6413e-01
  -2.4030e+00  -3.7474e-01  -2.9258e-01
  -2.4030e+00  -3.7474e-01  -3.2103e-01
  -2.4074e+00  -3.4572e-01  -3.2103e-01
  -2.4113e+00  -3.1666e-01  -3.2103e-01
  -2.4150e+00  -2.8755e-01  -3.2103e-01
  -2.4183e+00  -2.5840e-01  -3.2103e-01
  -2.4212e+00  -2.2921e-01  -3.2103e-01
  -2.4238e+00  -1.9999e-01  -3.2103e-01
  -2.4260e+00  -1.7074e-01  -3.2103e-01
  -2.4279e+00  -1.4146e-01  -3.2103e-01
  -2.4295e+00  -1.1216e-01  -3.2103e-01
  -2.4306e+00  -8.2851e-02  -3.2103e-01
  -2.4315e+00  -5.3525e-02  -3.2103e-01
  -2.4319e+00  -2.4192e-02  -3.2103e-01
  -2.4320e+00   5.1441e-03  -3.2103e-01
  -2.4318e+00   3.4480e-02  -3.2103e-01
  -2.4312e+00   6.3811e-02  -3.2103e-01
  -2.4303e+00   9.3132e-02  -3.2103e-01
  -2.4290e+00   1.2244e-01  -3.2103e-01
  -2.4273e+00   1.5173e-01  -3.2103e-01
  -2.4253e+00   1.8100e-01  -3.2103e-01
  -2.4229e+00   2.1024e-01  -3.2103e-01
  -2.4202e+00   2.3945e-01  -3.2103e-01
  -2.4172e+00   2.6863e-01  -3.2103e-01
  -2.4138e+00   2.9776e-01  -3.2103e-01
  -2.4100e+00   3.2686e-01  -3.2103e-01
  -2.4059e+00   3.5590e-01  -3.2103e-01
  -2.4014e+00   3.8490e-01  -3.2103e-01
  -2.3966e+00   4.1384e-01  -3.2103e-01
  -2.3914e+00   4.4272e-01  -3.2103e-01
  -2.3859e+00   4.7153e-01  -3.2103e-01
  -2.3800e+00   5.0027e-01  -3.2103e-01
  -2.3738e+00   5.2895e-01  -3.2103e-01
  -2.3673e+00   5.5754e-01  -3.2103e-01
  -2.3604e+00   5.8606e-01  -3.2103e-01
  -2.3531e+00   6.1449e-01  -3.2103e-01
  -2.3456e+00   6.4283e-01  -3.2103e-01
  -2.3376e+00   6.7107e-01  -3.2103e-01
  -2.3294e+00   6.9922e-01  -3.2103e-01
  -2.3208e+00   7.2727e-01  -3.2103e-01
  -2.3118e+00   7.5521e-01  -3.2103e-01
  -2.3025e+00   7.8304e-01  -3.2103e-01
  -2.3853e+00  -4.7477e-01  -3.1722e-01
  -2.3853e+00  -4.7477e-01  -2.8896e-01
  -2.3853e+00  -4.7477e-01  -2.6071e-01
  -2.3853e+00  -4.7477e-01  -2.3245e-01
  -2.3853e+00  -4.7477e-01  -2.0419e-01
  -2.3853e+00  -4.7477e-01  -1.7593e-01
  -2.3853e+00  -4.7477e-01  -1.4768e-01
  -2.3853e+00  -4.7477e-01  -1.1942e-01
  -2.3853e+00  -4.7477e-01  -9.1161e-02
  -2.3853e+00  -4.7477e-01  -6.2903e-02
  -2.3853e+00  -4.7477e-01  -3.4646e-02
  -2.3853e+00  -4.7477e-01  -6.3881e-03
  -2.3853e+00  -4.7477e-01   2.1869e-02
  -2.3853e+00  -4.7477e-01   5.0127e-02
  -2.3853e+00  -4.7477e-01   7.8384e-02
  -2.3853e+00  -4.7477e-01   1.0664e-01
  -2.3853e+00  -4.7477e-01   1.3490e-01
  -2.3853e+00  -4.7477e-01   1.6316e-01
  -2.3853e+00  -4.7477e-01   1.9141e-01
  -2.3853e+00  -4.7477e-01   2.1967e-01
  -2.3853e+00  -4.7477e-01   2.4793e-01
  -2.3792e+00  -5.0425e-01   2.4793e-01
  -2.3728e+00  -5.3365e-01   2.4793e-01
  -2.3660e+00  -5.6296e-01   2.4793e-01
  -2.3588e+00  -5.9219e-01   2.4793e-01
  -2.3513e+00  -6.2134e-01   2.4793e-01
  -2.3435e+00  -6.5038e-01   2.4793e-01
  -2.3352e+00  -6.7933e-01   2.4793e-01
  -2.3267e+00  -7.0817e-01   2.4793e-01
  -2.3177e+00  -7.3690e-01   2.4793e-01
  -2.3084e+00  -7.6552e-01   2.4793e-01
  -2.2988e+00  -7.9403e-01   2.4793e-01
  -2.2888e+00  -8.2241e-01   2.4793e-01
  -2.2784e+00  -8.5067e-01   2.4793e-01
  -2.2677e+00  -8.7879e-01   2.4793e-01
  -2.2567e+00  -9.0678e-01   2.4793e-01
  -2.2453e+00  -9.3464e-01   2.4793e-01
  -2.2336e+00  -9.6235e-01   2.4793e-01
  -2.2215e+00  -9.8991e-01   2.4793e-01
  -2.2091e+00  -1.0173e+00   2.4793e-01
  -2.1963e+00  -1.0446e+00   2.4793e-01
  -2.1832e+00  -1.0717e+00   2.4793e-01
  -2.1698e+00  -1.0986e+00   2.4793e-01
  -2.1560e+00  -1.1254e+00   2.4793e-01
  -2.1419e+00  -1.1520e+00   2.4793e-01
  -2.1275e+00  -1.1784e+00   2.4793e-01
  -2.1128e+00  -1.2046e+00   2.4793e-01
  -2.0977e+00  -1.2306e+00   2.4793e-01
  -2.0823e+00  -1.2565e+00   2.4793e-01
  -2.0666e+00  -1.2822e+00   2.4793e-01
  -2.0506e+00  -1.3077e+00   2.4793e-01
  -2.0343e+00  -1.3329e+00   2.4793e-01
  -2.0176e+00  -1.3580e+00   2.4793e-01
  -2.0006e+00  -1.3829e+00   2.4793e-01
  -1.9834e+00  -1.4075e+00   2.4793e-01
  -1.9658e+00  -1.4319e+00   2.4793e-01
  -1.9479e+00  -1.4561e+00   2.4793e-01
  -1.9298e+00  -1.4801e+00   2.4793e-01
  -1.9113e+00  -1.5039e+00   2.4793e-01
  -1.8926e+00  -1.5274e+00   2.4793e-01
  -1.8735e+00  -1.5507e+00   2.4793e-01
  -1.8735e+00  -1.5507e+00   2.1967e-01
  -1.8735e+00  -1.5507e+00   1.9141e-01
  -1.8735e+00  -1.5507e+00   1.6316e-01
  -1.8735e+00  -1.5507e+00   1.3490e-01
  -1.8735e+00  -1.5507e+00   1.0664e-01
  -1.8735e+00  -1.5507e+00   7.8384e-02
  -1.8735e+00  -1.5507e+00   5.0127e-02
  -1.8735e+00  -1.5507e+00   2.1869e-02
  -1.8735e+00  -1.5507e+00  -6.3881e-03
  -1.8735e+00  -1.5507e+00  -3.4646e-02
  -1.8735e+00  -1.5507e+00  -6.2903e-02
  -1.8735e+00  -1.5507e+00  -9.1161e-02
  -1.8735e+00  -1.5507e+00  -1.1942e-01
  -1.8735e+00  -1.5507e+00  -1.4768e-01
  -1.8735e+00  -1.5507e+00  -1.7593e-01
  -1.8735e+00  -1.5507e+00  -2.0419e-01
  -1.8735e+00  -1.5507e+00  -2.3245e-01
  -1.8735e+00  -1.5507e+00  -2.6071e-01
  -1.8735e+00  -1.5507e+00  -2.8896e-01
  -1.8735e+00  -1.5507e+00  -3.1722e-01
  -1.8926e+00  -1.5274e+00  -3.1722e-01
  -1.9113e+00  -1.5039e+00  -3.1722e-01
  -1.9298e+00  -1.4801e+00  -3.1722e-01
  -1.9479e+00  -1.4561e+00  -3.1722e-01
  -1.9658e+00  -1.4319e+00  -3.1722e-01
  -1.9834e+00  -1.4075e+00  -3.1722e-01
  -2.0006e+00  -1.3829e+00  -3.1722e-01
  -2.0176e+00  -1.3580e+00  -3.1722e-01
  -2.0343e+00  -1.3329e+00  -3.1722e-01
  -2.0506e+00  -1.3077e+00  -3.1722e-01
  -2.0666e+00  -1.2822e+00  -3.1722e-01
  -2.0823e+00  -1.2565e+00  -3.1722e-01
  -2.0977e+00  -1.2306e+00  -3.1722e-01
  -2.1128e+00  -1.2046e+00  -3.1722e-01
  -2.1275e+00  -1.1784e+00  -3.1722e-01
  -2.1419e+00  -1.1520e+00  -3.1722e-01
  -2.1560e+00  -1.1254e+00  -3.1722e-01
  -2.1698e+00  -1.0986e+00  -3.1722e-01
  -2.1832e+00  -1.0717e+00  -3.1722e-01
  -2.1963e+00  -1.0446e+00  -3.1722e-01
  -2.2091e+00  -1.0173e+00  -3.1722e-01
  -2.2215e+00  -9.8991e-01  -3.1722e-01
  -2.2336e+00  -9.6235e-01  -3.1722e-01
  -2.2453e+00  -9.3464e-01  -3.1722e-01
  -2.2567e+00  -9.0678e-01  -3.1722e-01
  -2.2677e+00  -8.7879e-01  -3.1722e-01
  -2.2784e+00  -8.5067e-01  -3.1722e-01
  -2.2888e+00  -8.2241e-01  -3.1722e-01
  -2.2988e+00  -7.9403e-01  -3.1722e-01
  -2.3084e+00  -7.6552e-01  -3.1722e-01
  -2.3177e+00  -7.3690e-01  -3.1722e-01
  -2.3267e+00  -7.0817e-01  -3.1722e-01
  -2.3352e+00  -6.7933e-01  -3.1722e-01
  -2.3435e+00  -6.5038e-01  -3.1722e-01
  -2.3513e+00  -6.2134e-01  -3.1722e-01
  -2.3588e+00  -5.9219e-01  -3.1722e-01
  -2.3660e+00  -5.6296e-01  -3.1722e-01
  -2.3728e+00  -5.3365e-01  -3.1722e-01
  -2.3792e+00  -5.0425e-01  -3.1722e-01
  -2.3853e+00  -4.7477e-01  -3.1722e-01
  -1.7965e+00  -1.6393e+00  -3.4389e-01
  -1.7965e+00  -1.6393e+00  -3.1239e-01
  -1.7965e+00  -1.6393e+00  -2.8090e-01
  -1.7965e+00  -1.6393e+00  -2.4940e-01
  -1.7965e+00  -1.6393e+00  -2.1791e-01
  -1.7965e+00  -1.6393e+00  -1.8641e-01
  -1.7965e+00  -1.6393e+00  -1.5491e-01
  -1.7965e+00  -1.6393e+00  -1.2342e-01
  -1.7965e+00  -1.6393e+00  -9.1923e-02
  -1.7965e+00  -1.6393e+00  -6.0427e-02
  -1.7965e+00  -1.6393e+00  -2.8931e-02
  -1.7965e+00  -1.6393e+00   2.5654e-03
  -1.7965e+00  -1.6393e+00   3.4061e-02
  -1.7965e+00  -1.6393e+00   6.5557e-02
  -1.7965e+00  -1.6393e+00   9.7053e-02
  -1.7965e+00  -1.6393e+00   1.2855e-01
  -1.7965e+00  -1.6393e+00   1.6005e-01
  -1.7965e+00  -1.6393e+00   1.9154e-01
  -1.7965e+00  -1.6393e+00   2.2304e-01
  -1.7965e+00  -1.6393e+00   2.5453e-01
  -1.7965e+00  -1.6393e+00   2.8603e-01
  -1.7782e+00  -1.6591e+00   2.8603e-01
  -1.7597e+00  -1.6788e+00   2.8603e-01
  -1.7410e+00  -1.6982e+00   2.8603e-01
  -1.7220e+00  -1.7174e+00   2.8603e-01
  -1.7029e+00  -1.7364e+00   2.8603e-01
  -1.6835e+00  -1.7552e+00   2.8603e-01
  -1.6639e+00  -1.7738e+00   2.8603e-01
  -1.6441e+00  -1.7921e+00   2.8603e-01
  -1.6241e+00  -1.8103e+00   2.8603e-01
  -1.6039e+00  -1.8282e+00   2.8603e-01
  -1.5835e+00  -1.8459e+00   2.8603e-01
  -1.5629e+00  -1.8633e+00   2.8603e-01
  -1.5422e+00  -1.8806e+00   2.8603e-01
  -1.5212e+00  -1.8976e+00   2.8603e-01
  -1.5000e+00  -1.9143e+00   2.8603e-01
  -1.4787e+00  -1.9309e+00   2.8603e-01
  -1.4572e+00  -1.9472e+00   2.8603e-01
  -1.4355e+00  -1.9632e+00   2.8603e-01
  -1.4136e+00  -1.9790e+00   2.8603e-01
  -1.3916e+00  -1.9946e+00   2.8603e-01
  -1.3693e+00  -2.0099e+00   2.8603e-01
  -1.3469e+00  -2.0250e+00   2.8603e-01
  -1.3244e+00  -2.0398e+00   2.8603e-01
  -1.3017e+00  -2.0544e+00   2.8603e-01
  -1.2788e+00  -2.0687e+00   2.8603e-01
  -1.2557e+00  -2.0828e+00   2.8603e-01
  -1.2325e+00  -2.0966e+00   2.8603e-01
  -1.2092e+00  -2.1101e+00   2.8603e-01
  -1.1857e+00  -2.1234e+00   2.8603e-01
  -1.1621e+00  -2.1365e+00   2.8603e-01
  -1.1383e+00  -2.1492e+00   2.8603e-01
  -1.1143e+00  -2.1617e+00   2.8603e-01
  -1.0903e+00  -2.1740e+00   2.8603e-01
  -1.0661e+00  -2.1859e+00   2.8603e-01
  -1.0418e+00  -2.1976e+00   2.8603e-01
  -1.0173e+00  -2.2091e+00   2.8603e-01
  -9.9272e-01  -2.2202e+00   2.8603e-01
  -9.6802e-01  -2.2311e+00   2.8603e-01
  -9.4320e-01  -2.2417e+00   2.8603e-01
  -9.1826e-01  -2.2520e+00   2.8603e-01
  -9.1826e-01  -2.2520e+00   2.5453e-01
  -9.1826e-01  -2.2520e+00   2.2304e-01
  -9.1826e-01  -2.2520e+00   1.9154e-01
  -9.1826e-01  -2.2520e+00   1.6005e-01
  -9.1826e-01  -2.2520e+00   1.2855e-01
  -9.1826e-01  -2.2520e+00   9.7053e-02
  -9.1826e-01  -2.2520e+00   6.5557e-02
  -9.1826e-01  -2.2520e+00   3.4061e-02
  -9.1826e-01  -2.2520e+00   2.5654e-03
  -9.1826e-01  -2.2520e+00  -2.8931e-02
  -9.1826e-01  -2.2520e+00  -6.0427e-02
  -9.1826e-01  -2.2520e+00  -9.1923e-02
  -9.1826e-01  -2.2520e+00  -1.2342e-01
  -9.1826e-01  -2.2520e+00  -1.5491e-01
  -9.1826e-01  -2.2520e+00  -1.8641e-01
  -9.1826e-01  -2.2520e+00  -2.1791e-01
  -9.1826e-01  -2.2520e+00  -2.4940e-01
  -9.1826e-01  -2.2520e+00  -2.8090e-01
  -9.1826e-01  -2.2520e+00  -3.1239e-01
  -9.1826e-01  -2.2520e+00  -3.4389e-01
  -9.4320e-01  -2.2417e+00  -3.4389e-01
  -9.6802e-01  -2.2311e+00  -3.4389e-01
  -9.9272e-01  -2.2202e+00  -3.4389e-01
  -1.0173e+00  -2.2091e+00  -3.4389e-01
  -1.0418e+00  -2.1976e+00  -3.4389e-01
  -1.0661e+00  -2.1859e+00  -3.4389e-01
  -1.0903e+00  -2.1740e+00  -3.4389e-01
  -1.1143e+00  -2.1617e+00  -3.4389e-01
  -1.1383e+00  -2.1492e+00  -3.4389e-01
  -1.1621e+00  -2.1365e+00  -3.4389e-01
  -1.1857e+00  -2.1234e+00  -3.4389e-01
  -1.2092e+00  -2.1101e+00  -3.4389e-01
  -1.2325e+00  -2.0966e+00  -3.4389e-01
  -1.2557e+00  -2.0828e+00  -3.4389e-01
  -1.2788e+00  -2.0687e+00  -3.4389e-01
  -1.3017e+00  -2.0544e+00  -3.4389e-01
  -1.3244e+00  -2.0398e+00  -3.4389e-01
  -1.3469e+00  -2.0250e+00  -3.4389e-01
  -1.3693e+00  -2.0099e+00  -3.4389e-01
  -1.3916e+00  -1.9946e+00  -3.4389e-01
  -1.4136e+00  -1.9790e+00  -3.4389e-01
  -1.4355e+00  -1.9632e+00  -3.4389e-01
  -1.4572e+00  -1.9472e+00  -3.4389e-01
  -1.4787e+00  -1.9309e+00  -3.4389e-01
  -1.5000e+00  -1.9143e+00  -3.4389e-01
  -1.5212e+00  -1.8976e+00  -3.4389e-01
  -1.5422e+00  -1.8806e+00  -3.4389e-01
  -1.5629e+00  -1.8633e+00  -3.4389e-01
  -1.5835e+00  -1.8459e+00  -3.4389e-01
  -1.6039e+00  -1.8282e+00  -3.4389e-01
  -1.6241e+00  -1.8103e+00  -3.4389e-01
  -1.6441e+00  -1.7921e+00  -3.4389e-01
  -1.6639e+00  -1.7738e+00  -3.4389e-01
  -1.6835e+00  -1.7552e+00  -3.4389e-01
  -1.7029e+00  -1.7364e+00  -3.4389e-01
  -1.7220e+00  -1.7174e+00  -3.4389e-01
  -1.7410e+00  -1.6982e+00  -3.4389e-01
  -1.7597e+00  -1.6788e+00  -3.4389e-01
  -1.7782e+00  -1.6591e+00  -3.4389e-01
  -1.7965e+00  -1.6393e+00  -3.4389e-01
  -8.0234e-01  -2.2959e+00  -3.1468e-01
  -8.0234e-01  -2.2959e+00  -2.8608e-01
  -8.0234e-01  -2.2959e+00  -2.5748e-01
  -8.0234e-01  -2.2959e+00  -2.2888e-01
  -8.0234e-01  -2.2959e+00  -2.0028e-01
  -8.0234e-01  -2.2959e+00  -1.7168e-01
  -8.0234e-01  -2.2959e+00  -1.4309e-01
  -8.0234e-01  -2.2959e+00  -1.1449e-01
  -8.0234e-01  -2.2959e+00  -8.5888e-02
  -8.0234e-01  -2.2959e+00  -5.7288e-02
  -8.0234e-01  -2.2959e+00  -2.8689e-02
  -8.0234e-01  -2.2959e+00  -9.0170e-05
  -8.0234e-01  -2.2959e+00   2.8509e-02
  -8.0234e-01  -2.2959e+00   5.7108e-02
  -8.0234e-01  -2.2959e+00   8.5707e-02
  -8.0234e-01  -2.2959e+00   1.1431e-01
  -8.0234e-01  -2.2959e+00   1.4291e-01
  -8.0234e-01  -2.2959e+00   1.7150e-01
  -8.0234e-01  -2.2959e+00   2.0010e-01
  -8.0234e-01  -2.2959e+00   2.2870e-01
  -8.0234e-01  -2.2959e+00   2.5730e-01
  -7.7407e-01  -2.3056e+00   2.5730e-01
  -7.4567e-01  -2.3149e+00   2.5730e-01
  -7.1717e-01  -2.3239e+00   2.5730e-01
  -6.8855e-01  -2.3325e+00   2.5730e-01
  -6.5984e-01  -2.3408e+00   2.5730e-01
  -6.3102e-01  -2.3488e+00   2.5730e-01
  -6.0210e-01  -2.3563e+00   2.5730e-01
  -5.7310e-01  -2.3636e+00   2.5730e-01
  -5.4401e-01  -2.3704e+00   2.5730e-01
  -5.1484e-01  -2.3769e+00   2.5730e-01
  -4.8559e-01  -2.3831e+00   2.5730e-01
  -4.5626e-01  -2.3889e+00   2.5730e-01
  -4.2687e-01  -2.3943e+00   2.5730e-01
  -3.9741e-01  -2.3994e+00   2.5730e-01
  -3.6790e-01  -2.4041e+00   2.5730e-01
  -3.3833e-01  -2.4084e+00   2.5730e-01
  -3.0870e-01  -2.4124e+00   2.5730e-01
  -2.7903e-01  -2.4160e+00   2.5730e-01
  -2.4932e-01  -2.4192e+00   2.5730e-01
  -2.1957e-01  -2.4221e+00   2.5730e-01
  -1.8979e-01  -2.4246e+00   2.5730e-01
  -1.5997e-01  -2.4268e+00   2.5730e-01
  -1.3014e-01  -2.4286e+00   2.5730e-01
  -1.0028e-01  -2.4300e+00   2.5730e-01
  -7.0411e-02  -2.4310e+00   2.5730e-01
  -4.0530e-02  -2.4317e+00   2.5730e-01
  -1.0642e-02  -2.4320e+00   2.5730e-01
   1.9247e-02  -2.4320e+00   2.5730e-01
   4.9133e-02  -2.4316e+00   2.5730e-01
   7.9012e-02  -2.4308e+00   2.5730e-01
   1.0888e-01  -2.4296e+00   2.5730e-01
   1.3873e-01  -2.4281e+00   2.5730e-01
   1.6856e-01  -2.4262e+00   2.5730e-01
   1.9836e-01  -2.4239e+00   2.5730e-01
   2.2814e-01  -2.4213e+00   2.5730e-01
   2.5788e-01  -2.4183e+00   2.5730e-01
   2.8758e-01  -2.4150e+00   2.5730e-01
   3.1724e-01  -2.4113e+00   2.5730e-01
   3.4684e-01  -2.4072e+00   2.5730e-01
   3.7640e-01  -2.4027e+00   2.5730e-01
   3.7640e-01  -2.4027e+00   2.2870e-01
   3.7640e-01  -2.4027e+00   2.0010e-01
   3.7640e-01  -2.4027e+00   1.7150e-01
   3.7640e-01  -2.4027e+00   1.4291e-01
   3.7640e-01  -2.4027e+00   1.1431e-01
   3.7640e-01  -2.4027e+00   8.5707e-02
   3.7640e-01  -2.4027e+00   5.7108e-02
   3.7640e-01  -2.4027e+00   2.8509e-02
   3.7640e-01  -2.4027e+00  -9.0170e-05
   3.7640e-01  -2.4027e+00  -2.8689e-02
   3.7640e-01  -2.4027e+00  -5.7288e-02
   3.7640e-01  -2.4027e+00  -8.5888e-02
   3.7640e-01  -2.4027e+00  -1.1449e-01
   3.7640e-01  -2.4027e+00  -1.4309e-01
   3.7640e-01  -2.4027e+00  -1.7168e-01
   3.7640e-01  -2.4027e+00  -2.0028e-01
   3.7640e-01  -2.4027e+00  -2.2888e-01
   3.7640e-01  -2.4027e+00  -2.5748e-01
   3.7640e-01  -2.4027e+00  -2.8608e-01
   3.7640e-01  -2.4027e+00  -3.1468e-01
   3.4684e-01  -2.4072e+00  -3.1468e-01
   3.1724e-01  -2.4113e+00  -3.1468e-01
   2.8758e-01  -2.4150e+00  -3.1468e-01
   2.5788e-01  -2.4183e+00  -3.1468e-01
   2.2814e-01  -2.4213e+00  -3.1468e-01
   1.9836e-01  -2.4239e+00  -3.1468e-01
   1.6856e-01  -2.4262e+00  -3.1468e-01
   1.3873e-01  -2.4281e+00  -3.1468e-01
   1.0888e-01  -2.4296e+00  -3.1468e-01
   7.9012e-02  -2.4308e+00  -3.1468e-01
   4.9133e-02  -2.4316e+00  -3.1468e-01
   1.9247e-02  -2.4320e+00  -3.1468e-01
  -1.0642e-02  -2.4320e+00  -3.1468e-01
  -4.0530e-02  -2.4317e+00  -3.1468e-01
  -7.0411e-02  -2.4310e+00  -3.1468e-01
  -1.0028e-01  -2.4300e+00  -3.1468e-01
  -1.3014e-01  -2.4286e+00  -3.1468e-01
  -1.5997e-01  -2.4268e+00  -3.1468e-01
  -1.8979e-01  -2.4246e+00  -3.1468e-01
  -2.1957e-01  -2.4221e+00  -3.1468e-01
  -2.4932e-01  -2.4192e+00  -3.1468e-01
  -2.7903e-01  -2.4160e+00  -3.1468e-01
  -3.0870e-01  -2.4124e+00  -3.1468e-01
  -3.3833e-01  -2.4084e+00  -3.1468e-01
  -3.6790e-01  -2.4041e+00  -3.1468e-01
  -3.9741e-01  -2.3994e+00  -3.1468e-01
  -4.2687e-01  -2.3943e+00  -3.1468e-01
  -4.5626e-01  -2.3889e+00  -3.1468e-01
  -4.8559e-01  -2.3831e+00  -3.1468e-01
  -5.1484e-01  -2.3769e+00  -3.1468e-01
  -5.4401e-01  -2.3704e+00  -3.1468e-01
  -5.7310e-01  -2.3636e+00  -3.1468e-01
  -6.0210e-01  -2.3563e+00  -3.1468e-01
  -6.3102e-01  -2.3488e+00  -3.1468e-01
  -6.5984e-01  -2.3408e+00  -3.1468e-01
  -6.8855e-01  -2.3325e+00  -3.1468e-01
  -7.1717e-01  -2.3239e+00  -3.1468e-01
  -7.4567e-01  -2.3149e+00  -3.1468e-01
  -7.7407e-01  -2.3056e+00  -3.1468e-01
  -8.0234e-01  -2.2959e+00  -3.1468e-01
   4.9136e-01  -2.3819e+00  -3.3487e-01
   4.9136e-01  -2.3819e+00  -3.0456e-01
   4.9136e-01  -2.3819e+00  -2.7424e-01
   4.9136e-01  -2.3819e+00  -2.4393e-01
   4.9136e-01  -2.3819e+00  -2.1361e-01
   4.9136e-01  -2.3819e+00  -1.8330e-01
   4.9136e-01  -2.3819e+00  -1.5298e-01
   4.9136e-01  -2.3819e+00  -1.2267e-01
   4.9136e-01  -2.3819e+00  -9.2354e-02
   4.9136e-01  -2.3819e+00  -6.2040e-02
   4.9136e-01  -2.3819e+00  -3.1725e-02
   4.9136e-01  -2.3819e+00  -1.4097e-03
   4.9136e-01  -2.3819e+00   2.8905e-02
   4.9136e-01  -2.3819e+00   5.9220e-02
   4.9136e-01  -2.3819e+00   8.9535e-02
   4.9136e-01  -2.3819e+00   1.1985e-01
   4.9136e-01  -2.3819e+00   1.5016e-01
   4.9136e-01  -2.3819e+00   1.8048e-01
   4.9136e-01  -2.3819e+00   2.1079e-01
   4.9136e-01  -2.3819e+00   2.4111e-01
   4.9136e-01  -2.3819e+00   2.7142e-01
   5.1883e-01  -2.3761e+00   2.7142e-01
   5.4623e-01  -2.3699e+00   2.7142e-01
   5.7356e-01  -2.3634e+00   2.7142e-01
   6.0082e-01  -2.3567e+00   2.7142e-01
   6.2799e-01  -2.3496e+00   2.7142e-01
   6.5509e-01  -2.3422e+00   2.7142e-01
   6.8209e-01  -2.3344e+00   2.7142e-01
   7.0900e-01  -2.3264e+00   2.7142e-01
   7.3582e-01  -2.3181e+00   2.7142e-01
   7.6254e-01  -2.3094e+00   2.7142e-01
   7.8916e-01  -2.3005e+00   2.7142e-01
   8.1567e-01  -2.2912e+00   2.7142e-01
   8.4208e-01  -2.2816e+00   2.7142e-01
   8.6837e-01  -2.2717e+00   2.7142e-01
   8.9454e-01  -2.2616e+00   2.7142e-01
   9.2060e-01  -2.2511e+00   2.7142e-01
   9.4653e-01  -2.2403e+00   2.7142e-01
   9.7234e-01  -2.2292e+00   2.7142e-01
   9.9802e-01  -2.2178e+00   2.7142e-01
   1.0236e+00  -2.2062e+00   2.7142e-01
   1.0490e+00  -2.1942e+00   2.7142e-01
   1.0742e+00  -2.1819e+00   2.7142e-01
   1.0994e+00  -2.1694e+00   2.7142e-01
   1.1243e+00  -2.1566e+00   2.7142e-01
   1.1492e+00  -2.1434e+00   2.7142e-01
   1.1739e+00  -2.1300e+00   2.7142e-01
   1.1984e+00  -2.1163e+00   2.7142e-01
   1.2227e+00  -2.1023e+00   2.7142e-01
   1.2469e+00  -2.0881e+00   2.7142e-01
   1.2710e+00  -2.0735e+00   2.7142e-01
   1.2948e+00  -2.0587e+00   2.7142e-01
   1.3185e+00  -2.0436e+00   2.7142e-01
   1.3420e+00  -2.0283e+00   2.7142e-01
   1.3654e+00  -2.0126e+00   2.7142e-01
   1.3885e+00  -1.9967e+00   2.7142e-01
   1.4115e+00  -1.9806e+00   2.7142e-01
   1.4342e+00  -1.9641e+00   2.7142e-01
   1.4568e+00  -1.9474e+00   2.7142e-01
   1.4792e+00  -1.9305e+00   2.7142e-01
   1.5014e+00  -1.9133e+00   2.7142e-01
   1.5014e+00  -1.9133e+00   2.4111e-01
   1.5014e+00  -1.9133e+00   2.1079e-01
   1.5014e+00  -1.9133e+00   1.8048e-01
   1.5014e+00  -1.9133e+00   1.5016e-01
   1.5014e+00  -1.9133e+00   1.1985e-01
   1.5014e+00  -1.9133e+00   8.9535e-02
   1.5014e+00  -1.9133e+00   5.9220e-02
   1.5014e+00  -1.9133e+00   2.8905e-02
   1.5014e+00  -1.9133e+00  -1.4097e-03
   1.5014e+00  -1.9133e+00  -3.1725e-02
   1.5014e+00  -1.9133e+00  -6.2040e-02
   1.5014e+00  -1.9133e+00  -9.2354e-02
   1.5014e+00  -1.9133e+00  -1.2267e-01
   1.5014e+00  -1.9133e+00  -1.5298e-01
   1.5014e+00  -1.9133e+00  -1.8330e-01
   1.5014e+00  -1.9133e+00  -2.1361e-01
   1.5014e+00  -1.9133e+00  -2.4393e-01
   1.5014e+00  -1.9133e+00  -2.7424e-01
   1.5014e+00  -1.9133e+00  -3.0456e-01
   1.5014e+00  -1.9133e+00  -3.3487e-01
   1.4792e+00  -1.9305e+00  -3.3487e-01
   1.4568e+00  -1.9474e+00  -3.3487e-01
   1.4342e+00  -1.9641e+00  -3.3487e-01
   1.4115e+00  -1.9806e+00  -3.3487e-01
   1.3885e+00  -1.9967e+00  -3.3487e-01
   1.3654e+00  -2.0126e+00  -3.3487e-01
   1.3420e+00  -2.0283e+00  -3.3487e-01
   1.3185e+00  -2.0436e+00  -3.3487e-01
   1.2948e+00  -2.0587e+00  -3.3487e-01
   1.2710e+00  -2.0735e+00  -3.3487e-01
   1.2469e+00  -2.0881e+00  -3.3487e-01
   1.2227e+00  -2.1023e+00  -3.3487e-01
   1.1984e+00  -2.1163e+00  -3.3487e-01
   1.1739e+00  -2.1300e+00  -3.3487e-01
   1.1492e+00  -2.1434e+00  -3.3487e-01
   1.1243e+00  -2.1566e+00  -3.3487e-01
   1.0994e+00  -2.1694e+00  -3.3487e-01
   1.0742e+00  -2.1819e+00  -3.3487e-01
   1.0490e+00  -2.1942e+00  -3.3487e-01
   1.0236e+00  -2.2062e+00  -3.3487e-01
   9.9802e-01  -2.2178e+00  -3.3487e-01
   9.7234e-01  -2.2292e+00  -3.3487e-01
   9.4653e-01  -2.2403e+00  -3.3487e-01
   9.2060e-01  -2.2511e+00  -3.3487e-01
   8.9454e-01  -2.2616e+00  -3.3487e-01
   8.6837e-01  -2.2717e+00  -3.3487e-01
   8.4208e-01  -2.2816e+00  -3.3487e-01
   8.1567e-01  -2.2912e+00  -3.3487e-01
   7.8916e-01  -2.3005e+00  -3.3487e-01
   7.6254e-01  -2.3094e+00  -3.3487e-01
   7.3582e-01  -2.3181e+00  -3.3487e-01
   7.0900e-01  -2.3264e+00  -3.3487e-01
   6.8209e-01  -2.3344e+00  -3.3487e-01
   6.5509e-01  -2.3422e+00  -3.3487e-01
   6.2799e-01  -2.3496e+00  -3.3487e-01
   6.0082e-01  -2.3567e+00  -3.3487e-01
   5.7356e-01  -2.3634e+00  -3.3487e-01
   5.4623e-01  -2.3699e+00  -3.3487e-01
   5.1883e-01  -2.3761e+00  -3.3487e-01
   4.9136e-01  -2.3819e+00  -3.3487e-01
   1.6325e+00  -1.8028e+00  -3.3487e-01
   1.6325e+00  -1.8028e+00  -3.0424e-01
   1.6325e+00  -1.8028e+00  -2.7361e-01
   1.6325e+00  -1.8028e+00  -2.4298e-01
   1.6325e+00  -1.8028e+00  -2.1234e-01
   1.6325e+00  -1.8028e+00  -1.8171e-01
   1.6325e+00  -1.8028e+00  -1.5108e-01
   1.6325e+00  -1.8028e+00  -1.2045e-01
   1.6325e+00  -1.8028e+00  -8.9814e-02
   1.6325e+00  -1.8028e+00  -5.9182e-02
   1.6325e+00  -1.8028e+00  -2.8550e-02
   1.6325e+00  -1.8028e+00   2.0828e-03
   1.6325e+00  -1.8028e+00   3.2715e-02
   1.6325e+00  -1.8028e+00   6.3348e-02
   1.6325e+00  -1.8028e+00   9.3980e-02
   1.6325e+00  -1.8028e+00   1.2461e-01
   1.6325e+00  -1.8028e+00   1.5524e-01
   1.6325e+00  -1.8028e+00   1.8588e-01
   1.6325e+00  -1.8028e+00   2.1651e-01
   1.6325e+00  -1.8028e+00   2.4714e-01
   1.6325e+00  -1.8028e+00   2.7777e-01
   1.6530e+00  -1.7839e+00   2.7777e-01
   1.6733e+00  -1.7649e+00   2.7777e-01
   1.6934e+00  -1.7456e+00   2.7777e-01
   1.7133e+00  -1.7261e+00   2.7777e-01
   1.7330e+00  -1.7064e+00   2.7777e-01
   1.7524e+00  -1.6864e+00   2.7777e-01
   1.7716e+00  -1.6662e+00   2.7777e-01
   1.7906e+00  -1.6458e+00   2.7777e-01
   1.8093e+00  -1.6252e+00   2.7777e-01
   1.8278e+00  -1.6044e+00   2.7777e-01
   1.8461e+00  -1.5833e+00   2.7777e-01
   1.8641e+00  -1.5621e+00   2.7777e-01
   1.8818e+00  -1.5406e+00   2.7777e-01
   1.8994e+00  -1.5190e+00   2.7777e-01
   1.9166e+00  -1.4971e+00   2.7777e-01
   1.9337e+00  -1.4751e+00   2.7777e-01
   1.9504e+00  -1.4528e+00   2.7777e-01
   1.9669e+00  -1.4304e+00   2.7777e-01
   1.9832e+00  -1.4078e+00   2.7777e-01
   1.9992e+00  -1.3850e+00   2.7777e-01
   2.0149e+00  -1.3620e+00   2.7777e-01
   2.0304e+00  -1.3388e+00   2.7777e-01
   2.0456e+00  -1.3155e+00   2.7777e-01
   2.0605e+00  -1.2919e+00   2.7777e-01
   2.0752e+00  -1.2682e+00   2.7777e-01
   2.0896e+00  -1.2444e+00   2.7777e-01
   2.1037e+00  -1.2204e+00   2.7777e-01
   2.1175e+00  -1.1962e+00   2.7777e-01
   2.1311e+00  -1.1719e+00   2.7777e-01
   2.1444e+00  -1.1474e+00   2.7777e-01
   2.1574e+00  -1.1227e+00   2.7777e-01
   2.1701e+00  -1.0980e+00   2.7777e-01
   2.1825e+00  -1.0730e+00   2.7777e-01
   2.1947e+00  -1.0480e+00   2.7777e-01
   2.2065e+00  -1.0228e+00   2.7777e-01
   2.2181e+00  -9.9742e-01   2.7777e-01
   2.2294e+00  -9.7195e-01   2.7777e-01
   2.2404e+00  -9.4635e-01   2.7777e-01
   2.2511e+00  -9.2062e-01   2.7777e-01
   2.2615e+00  -8.9478e-01   2.7777e-01
   2.2615e+00  -8.9478e-01   2.4714e-01
   2.2615e+00  -8.9478e-01   2.1651e-01
   2.2615e+00  -8.9478e-01   1.8588e-01
   2.2615e+00  -8.9478e-01   1.5524e-01
   2.2615e+00  -8.9478e-01   1.2461e-01
   2.2615e+00  -8.9478e-01   9.3980e-02
   2.2615e+00  -8.9478e-01   6.3348e-02
   2.2615e+00  -8.9478e-01   3.2715e-02
   2.2615e+00  -8.9478e-01   2.0828e-03
   2.2615e+00  -8.9478e-01  -2.8550e-02
   2.2615e+00  -8.9478e-01  -5.9182e-02
   2.2615e+00  -8.9478e-01  -8.9814e-02
   2.2615e+00  -8.9478e-01  -1.2045e-01
   2.2615e+00  -8.9478e-01  -1.5108e-01
   2.2615e+00  -8.9478e-01  -1.8171e-01
   2.2615e+00  -8.9478e-01  -2.1234e-01
   2.2615e+00  -8.9478e-01  -2.4298e-01
   2.2615e+00  -8.9478e-01  -2.7361e-01
   2.2615e+00  -8.9478e-01  -3.0424e-01
   2.2615e+00  -8.9478e-01  -3.3487e-01
   2.2511e+00  -9.2062e-01  -3.3487e-01
   2.2404e+00  -9.4635e-01  -3.3487e-01
   2.2294e+00  -9.7195e-01  -3.3487e-01
   2.2181e+00  -9.9742e-01  -3.3487e-01
   2.2065e+00  -1.0228e+00  -3.3487e-01
   2.1947e+00  -1.0480e+00  -3.3487e-01
   2.1825e+00  -1.0730e+00  -3.3487e-01
   2.1701e+00  -1.0980e+00  -3.3487e-01
   2.1574e+00  -1.1227e+00  -3.3487e-01
   2.1444e+00  -1.1474e+00  -3.3487e-01
   2.1311e+00  -1.1719e+00  -3.3487e-01
   2.1175e+00  -1.1962e+00  -3.3487e-01
   2.1037e+00  -1.2204e+00  -3.3487e-01
   2.0896e+00  -1.2444e+00  -3.3487e-01
   2.0752e+00  -1.2682e+00  -3.3487e-01
   2.0605e+00  -1.2919e+00  -3.3487e-01
   2.0456e+00  -1.3155e+00  -3.3487e-01
   2.0304e+00  -1.3388e+00  -3.3487e-01
   2.0149e+00  -1.3620e+00  -3.3487e-01
   1.9992e+00  -1.3850e+00  -3.3487e-01
   1.9832e+00  -1.4078e+00  -3.3487e-01
   1.9669e+00  -1.4304e+00  -3.3487e-01
   1.9504e+00  -1.4528e+00  -3.3487e-01
   1.9337e+00  -1.4751e+00  -3.3487e-01
   1.9166e+00  -1.4971e+00  -3.3487e-01
   1.8994e+00  -1.5190e+00  -3.3487e-01
   1.8818e+00  -1.5406e+00  -3.3487e-01
   1.8641e+00  -1.5621e+00  -3.3487e-01
   1.8461e+00  -1.5833e+00  -3.3487e-01
   1.8278e+00  -1.6044e+00  -3.3487e-01
   1.8093e+00  -1.6252e+00  -3.3487e-01
   1.7906e+00  -1.6458e+00  -3.3487e-01
   1.7716e+00  -1.6662e+00  -3.3487e-01
   1.7524e+00  -1.6864e+00  -3.3487e-01
   1.7330e+00  -1.7064e+00  -3.3487e-01
   1.7133e+00  -1.7261e+00  -3.3487e-01
   1.6934e+00  -1.7456e+00  -3.3487e-01
   1.6733e+00  -1.7649e+00  -3.3487e-01
   1.6530e+00  -1.7839e+00  -3.3487e-01
   1.6325e+00  -1.8028e+00  -3.3487e-01
   2.3139e+00  -7.4875e-01  -3.3487e-01
   2.3139e+00  -7.4875e-01  -3.0434e-01
   2.3139e+00  -7.4875e-01  -2.7380e-01
   2.3139e+00  -7.4875e-01  -2.4326e-01
   2.3139e+00  -7.4875e-01  -2.1272e-01
   2.3139e+00  -7.4875e-01  -1.8219e-01
   2.3139e+00  -7.4875e-01  -1.5165e-01
   2.3139e+00  -7.4875e-01  -1.2111e-01
   2.3139e+00  -7.4875e-01  -9.0576e-02
   2.3139e+00  -7.4875e-01  -6.0039e-02
   2.3139e+00  -7.4875e-01  -2.9502e-02
   2.3139e+00  -7.4875e-01   1.0351e-03
   2.3139e+00  -7.4875e-01   3.1572e-02
   2.3139e+00  -7.4875e-01   6.2109e-02
   2.3139e+00  -7.4875e-01   9.2647e-02
   2.3139e+00  -7.4875e-01   1.2318e-01
   2.3139e+00  -7.4875e-01   1.5372e-01
   2.3139e+00  -7.4875e-01   1.8426e-01
   2.3139e+00  -7.4875e-01   2.1480e-01
   2.3139e+00  -7.4875e-01   2.4533e-01
   2.3139e+00  -7.4875e-01   2.7587e-01
   2.3224e+00  -7.2213e-01   2.7587e-01
   2.3305e+00  -6.9542e-01   2.7587e-01
   2.3383e+00  -6.6861e-01   2.7587e-01
   2.3459e+00  -6.4172e-01   2.7587e-01
   2.3531e+00  -6.1475e-01   2.7587e-01
   2.3600e+00  -5.8769e-01   2.7587e-01
   2.3666e+00  -5.6056e-01   2.7587e-01
   2.3728e+00  -5.3335e-01   2.7587e-01
   2.3788e+00  -5.0607e-01   2.7587e-01
   2.3845e+00  -4.7872e-01   2.7587e-01
   2.3898e+00  -4.5131e-01   2.7587e-01
   2.3948e+00  -4.2385e-01   2.7587e-01
   2.3995e+00  -3.9632e-01   2.7587e-01
   2.4039e+00  -3.6875e-01   2.7587e-01
   2.4080e+00  -3.4112e-01   2.7587e-01
   2.4118e+00  -3.1345e-01   2.7587e-01
   2.4152e+00  -2.8574e-01   2.7587e-01
   2.4183e+00  -2.5799e-01   2.7587e-01
   2.4211e+00  -2.3021e-01   2.7587e-01
   2.4236e+00  -2.0239e-01   2.7587e-01
   2.4258e+00  -1.7455e-01   2.7587e-01
   2.4276e+00  -1.4669e-01   2.7587e-01
   2.4291e+00  -1.1881e-01   2.7587e-01
   2.4304e+00  -9.0911e-02   2.7587e-01
   2.4312e+00  -6.3001e-02   2.7587e-01
   2.4318e+00  -3.5083e-02   2.7587e-01
   2.4320e+00  -7.1601e-03   2.7587e-01
   2.4320e+00   2.0764e-02   2.7587e-01
   2.4316e+00   4.8685e-02   2.7587e-01
   2.4308e+00   7.6599e-02   2.7587e-01
   2.4298e+00   1.0450e-01   2.7587e-01
   2.4284e+00   1.3239e-01   2.7587e-01
   2.4268e+00   1.6027e-01   2.7587e-01
   2.4248e+00   1.8812e-01   2.7587e-01
   2.4224e+00   2.1595e-01   2.7587e-01
   2.4198e+00   2.4375e-01   2.7587e-01
   2.4168e+00   2.7151e-01   2.7587e-01
   2.4136e+00   2.9924e-01   2.7587e-01
   2.4100e+00   3.2694e-01   2.7587e-01
   2.4061e+00   3.5458e-01   2.7587e-01
   2.4061e+00   3.5458e-01   2.4533e-01
   2.4061e+00   3.5458e-01   2.1480e-01
   2.4061e+00   3.5458e-01   1.8426e-01
   2.4061e+00   3.5458e-01   1.5372e-01
   2.4061e+00   3.5458e-01   1.2318e-01
   2.4061e+00   3.5458e-01   9.2646e-02
   2.4061e+00   3.5458e-01   6.2109e-02
   2.4061e+00   3.5458e-01   3.1572e-02
   2.4061e+00   3.5458e-01   1.0350e-03
   2.4061e+00   3.5458e-01  -2.9502e-02
   2.4061e+00   3.5458e-01  -6.0039e-02
   2.4061e+00   3.5458e-01  -9.0576e-02
   2.4061e+00   3.5458e-01  -1.2111e-01
   2.4061e+00   3.5458e-01  -1.5165e-01
   2.4061e+00   3.5458e-01  -1.8219e-01
   2.4061e+00   3.5458e-01  -2.1273e-01
   2.4061e+00   3.5458e-01  -2.4326e-01
   2.4061e+00   3.5458e-01  -2.7380e-01
   2.4061e+00   3.5458e-01  -3.0434e-01
   2.4061e+00   3.5458e-01  -3.3487e-01
   2.4100e+00   3.2694e-01  -3.3487e-01
   2.4136e+00   2.9924e-01  -3.3487e-01
   2.4168e+00   2.7151e-01  -3.3487e-01
   2.4198e+00   2.4375e-01  -3.3487e-01
   2.4224e+00   2.1595e-01  -3.3487e-01
   2.4248e+00   1.8812e-01  -3.3487e-01
   2.4268e+00   1.6027e-01  -3.3487e-01
   2.4284e+00   1.3239e-01  -3.3487e-01
   2.4298e+00   1.0450e-01  -3.3487e-01
   2.4308e+00   7.6599e-02  -3.3487e-01
   2.4316e+00   4.8685e-02  -3.3487e-01
   2.4320e+00   2.0764e-02  -3.3487e-01
   2.4320e+00  -7.1601e-03  -3.3487e-01
   2.4318e+00  -3.5083e-02  -3.3487e-01
   2.4312e+00  -6.3001e-02  -3.3487e-01
   2.4304e+00  -9.0911e-02  -3.3487e-01
   2.4291e+00  -1.1881e-01  -3.3487e-01
   2.4276e+00  -1.4669e-01  -3.3487e-01
   2.4258e+00  -1.7455e-01  -3.3487e-01
   2.4236e+00  -2.0239e-01  -3.3487e-01
   2.4211e+00  -2.3021e-01  -3.3487e-01
   2.4183e+00  -2.5799e-01  -3.3487e-01
   2.4152e+00  -2.8574e-01  -3.3487e-01
   2.4118e+00  -3.1345e-01  -3.3487e-01
   2.4080e+00  -3.4112e-01  -3.3487e-01
   2.4039e+00  -3.6875e-01  -3.3487e-01
   2.3995e+00  -3.9632e-01  -3.3487e-01
   2.3948e+00  -4.2385e-01  -3.3487e-01
   2.3898e+00  -4.5131e-01  -3.3487e-01
   2.3845e+00  -4.7872e-01  -3.3487e-01
   2.3788e+00  -5.0607e-01  -3.3487e-01
   2.3728e+00  -5.3335e-01  -3.3487e-01
   2.3666e+00  -5.6056e-01  -3.3487e-01
   2.3600e+00  -5.8769e-01  -3.3487e-01
   2.3531e+00  -6.1475e-01  -3.3487e-01
   2.3459e+00  -6.4172e-01  -3.3487e-01
   2.3383e+00  -6.6861e-01  -3.3487e-01
   2.3305e+00  -6.9542e-01  -3.3487e-01
   2.3224e+00  -7.2213e-01  -3.3487e-01
   2.3139e+00  -7.4875e-01  -3.3487e-01
