   12    1  201  553.00
   4.4431e+00   0.0000e+00   7.5737e+00
   4.4412e+00   1.2386e-01   7.5737e+00
   4.4353e+00   2.4759e-01   7.5737e+00
   4.4256e+00   3.7108e-01   7.5737e+00
   4.4120e+00   4.9420e-01   7.5737e+00
   4.3946e+00   6.1684e-01   7.5737e+00
   4.3733e+00   7.3886e-01   7.5737e+00
   4.3481e+00   8.6016e-01   7.5737e+00
   4.3192e+00   9.8061e-01   7.5737e+00
   4.2865e+00   1.1001e+00   7.5737e+00
   4.2501e+00   1.2185e+00   7.5737e+00
   4.2100e+00   1.3357e+00   7.5737e+00
   4.1662e+00   1.4516e+00   7.5737e+00
   4.1188e+00   1.5660e+00   7.5737e+00
   4.0678e+00   1.6789e+00   7.5737e+00
   4.0133e+00   1.7901e+00   7.5737e+00
   3.9554e+00   1.8996e+00   7.5737e+00
   3.8940e+00   2.0072e+00   7.5737e+00
   3.8293e+00   2.1128e+00   7.5737e+00
   3.7613e+00   2.2164e+00   7.5737e+00
   3.6900e+00   2.3177e+00   7.5737e+00
   3.6157e+00   2.4168e+00   7.5737e+00
   3.5382e+00   2.5134e+00   7.5737e+00
   3.4578e+00   2.6076e+00   7.5737e+00
   3.3744e+00   2.6992e+00   7.5737e+00
   3.2882e+00   2.7882e+00   7.5737e+00
   3.1992e+00   2.8744e+00   7.5737e+00
   3.1076e+00   2.9578e+00   7.5737e+00
   3.0134e+00   3.0382e+00   7.5737e+00
   2.9168e+00   3.1157e+00   7.5737e+00
   2.8177e+00   3.1900e+00   7.5737e+00
   2.7164e+00   3.2613e+00   7.5737e+00
   2.6128e+00   3.3293e+00   7.5737e+00
   2.5072e+00   3.3940e+00   7.5737e+00
   2.3996e+00   3.4554e+00   7.5737e+00
   2.2901e+00   3.5133e+00   7.5737e+00
   2.1789e+00   3.5678e+00   7.5737e+00
   2.0660e+00   3.6188e+00   7.5737e+00
   1.9516e+00   3.6662e+00   7.5737e+00
   1.8357e+00   3.7100e+00   7.5737e+00
   1.7185e+00   3.7501e+00   7.5737e+00
   1.6001e+00   3.7865e+00   7.5737e+00
   1.4806e+00   3.8192e+00   7.5737e+00
   1.3602e+00   3.8481e+00   7.5737e+00
   1.2389e+00   3.8733e+00   7.5737e+00
   1.1168e+00   3.8946e+00   7.5737e+00
   9.9420e-01   3.9120e+00   7.5737e+00
   8.7108e-01   3.9256e+00   7.5737e+00
   7.4759e-01   3.9353e+00   7.5737e+00
   6.2386e-01   3.9412e+00   7.5737e+00
   5.0000e-01   3.9431e+00   7.5737e+00
   3.7614e-01   3.9412e+00   7.5737e+00
   2.5241e-01   3.9353e+00   7.5737e+00
   1.2892e-01   3.9256e+00   7.5737e+00
   5.7983e-03   3.9120e+00   7.5737e+00
  -1.1684e-01   3.8946e+00   7.5737e+00
  -2.3886e-01   3.8733e+00   7.5737e+00
  -3.6016e-01   3.8481e+00   7.5737e+00
  -4.8061e-01   3.8192e+00   7.5737e+00
  -6.0009e-01   3.7865e+00   7.5737e+00
  -7.1849e-01   3.7501e+00   7.5737e+00
  -8.3568e-01   3.7100e+00   7.5737e+00
  -9.5155e-01   3.6662e+00   7.5737e+00
  -1.0660e+00   3.6188e+00   7.5737e+00
  -1.1789e+00   3.5678e+00   7.5737e+00
  -1.2901e+00   3.5133e+00   7.5737e+00
  -1.3996e+00   3.4554e+00   7.5737e+00
  -1.5072e+00   3.3940e+00   7.5737e+00
  -1.6128e+00   3.3293e+00   7.5737e+00
  -1.7164e+00   3.2613e+00   7.5737e+00
  -1.8177e+00   3.1900e+00   7.5737e+00
  -1.9168e+00   3.1157e+00   7.5737e+00
  -2.0134e+00   3.0382e+00   7.5737e+00
  -2.1076e+00   2.9578e+00   7.5737e+00
  -2.1992e+00   2.8744e+00   7.5737e+00
  -2.2882e+00   2.7882e+00   7.5737e+00
  -2.3744e+00   2.6992e+00   7.5737e+00
  -2.4578e+00   2.6076e+00   7.5737e+00
  -2.5382e+00   2.5134e+00   7.5737e+00
  -2.6157e+00   2.4168e+00   7.5737e+00
  -2.6900e+00   2.3177e+00   7.5737e+00
  -2.7613e+00   2.2164e+00   7.5737e+00
  -2.8293e+00   2.1128e+00   7.5737e+00
  -2.8940e+00   2.0072e+00   7.5737e+00
  -2.9554e+00   1.8996e+00   7.5737e+00
  -3.0133e+00   1.7901e+00   7.5737e+00
  -3.0678e+00   1.6789e+00   7.5737e+00
  -3.1188e+00   1.5660e+00   7.5737e+00
  -3.1662e+00   1.4516e+00   7.5737e+00
  -3.2100e+00   1.3357e+00   7.5737e+00
  -3.2501e+00   1.2185e+00   7.5737e+00
  -3.2865e+00   1.1001e+00   7.5737e+00
  -3.3192e+00   9.8061e-01   7.5737e+00
  -3.3481e+00   8.6016e-01   7.5737e+00
  -3.3733e+00   7.3886e-01   7.5737e+00
  -3.3946e+00   6.1684e-01   7.5737e+00
  -3.4120e+00   4.9420e-01   7.5737e+00
  -3.4256e+00   3.7108e-01   7.5737e+00
  -3.4353e+00   2.4759e-01   7.5737e+00
  -3.4412e+00   1.2386e-01   7.5737e+00
  -3.4431e+00  -3.4472e-07   7.5737e+00
  -3.4412e+00  -1.2386e-01   7.5737e+00
  -3.4353e+00  -2.4759e-01   7.5737e+00
  -3.4256e+00  -3.7108e-01   7.5737e+00
  -3.4120e+00  -4.9420e-01   7.5737e+00
  -3.3946e+00  -6.1684e-01   7.5737e+00
  -3.3733e+00  -7.3886e-01   7.5737e+00
  -3.3481e+00  -8.6016e-01   7.5737e+00
  -3.3192e+00  -9.8061e-01   7.5737e+00
  -3.2865e+00  -1.1001e+00   7.5737e+00
  -3.2501e+00  -1.2185e+00   7.5737e+00
  -3.2100e+00  -1.3357e+00   7.5737e+00
  -3.1662e+00  -1.4516e+00   7.5737e+00
  -3.1188e+00  -1.5660e+00   7.5737e+00
  -3.0678e+00  -1.6789e+00   7.5737e+00
  -3.0133e+00  -1.7901e+00   7.5737e+00
  -2.9554e+00  -1.8996e+00   7.5737e+00
  -2.8940e+00  -2.0072e+00   7.5737e+00
  -2.8293e+00  -2.1128e+00   7.5737e+00
  -2.7613e+00  -2.2164e+00   7.5737e+00
  -2.6900e+00  -2.3177e+00   7.5737e+00
  -2.6157e+00  -2.4168e+00   7.5737e+00
  -2.5382e+00  -2.5134e+00   7.5737e+00
  -2.4578e+00  -2.6076e+00   7.5737e+00
  -2.3744e+00  -2.6992e+00   7.5737e+00
  -2.2882e+00  -2.7882e+00   7.5737e+00
  -2.1992e+00  -2.8744e+00   7.5737e+00
  -2.1076e+00  -2.9578e+00   7.5737e+00
  -2.0134e+00  -3.0382e+00   7.5737e+00
  -1.9168e+00  -3.1157e+00   7.5737e+00
  -1.8177e+00  -3.1900e+00   7.5737e+00
  -1.7164e+00  -3.2613e+00   7.5737e+00
  -1.6128e+00  -3.3293e+00   7.5737e+00
  -1.5072e+00  -3.3940e+00   7.5737e+00
  -1.3996e+00  -3.4554e+00   7.5737e+00
  -1.2901e+00  -3.5133e+00   7.5737e+00
  -1.1789e+00  -3.5678e+00   7.5737e+00
  -1.0660e+00  -3.6188e+00   7.5737e+00
  -9.5155e-01  -3.6662e+00   7.5737e+00
  -8.3568e-01  -3.7100e+00   7.5737e+00
  -7.1848e-01  -3.7501e+00   7.5737e+00
  -6.0009e-01  -3.7865e+00   7.5737e+00
  -4.8061e-01  -3.8192e+00   7.5737e+00
  -3.6016e-01  -3.8481e+00   7.5737e+00
  -2.3886e-01  -3.8733e+00   7.5737e+00
  -1.1684e-01  -3.8946e+00   7.5737e+00
   5.7990e-03  -3.9120e+00   7.5737e+00
   1.2892e-01  -3.9256e+00   7.5737e+00
   2.5241e-01  -3.9353e+00   7.5737e+00
   3.7614e-01  -3.9412e+00   7.5737e+00
   5.0000e-01  -3.9431e+00   7.5737e+00
   6.2386e-01  -3.9412e+00   7.5737e+00
   7.4759e-01  -3.9353e+00   7.5737e+00
   8.7108e-01  -3.9256e+00   7.5737e+00
   9.9420e-01  -3.9120e+00   7.5737e+00
   1.1168e+00  -3.8946e+00   7.5737e+00
   1.2389e+00  -3.8733e+00   7.5737e+00
   1.3602e+00  -3.8481e+00   7.5737e+00
   1.4806e+00  -3.8192e+00   7.5737e+00
   1.6001e+00  -3.7865e+00   7.5737e+00
   1.7185e+00  -3.7501e+00   7.5737e+00
   1.8357e+00  -3.7100e+00   7.5737e+00
   1.9516e+00  -3.6662e+00   7.5737e+00
   2.0660e+00  -3.6188e+00   7.5737e+00
   2.1789e+00  -3.5678e+00   7.5737e+00
   2.2901e+00  -3.5133e+00   7.5737e+00
   2.3996e+00  -3.4554e+00   7.5737e+00
   2.5072e+00  -3.3940e+00   7.5737e+00
   2.6128e+00  -3.3293e+00   7.5737e+00
   2.7164e+00  -3.2613e+00   7.5737e+00
   2.8177e+00  -3.1900e+00   7.5737e+00
   2.9168e+00  -3.1157e+00   7.5737e+00
   3.0134e+00  -3.0382e+00   7.5737e+00
   3.1076e+00  -2.9578e+00   7.5737e+00
   3.1992e+00  -2.8744e+00   7.5737e+00
   3.2882e+00  -2.7882e+00   7.5737e+00
   3.3744e+00  -2.6992e+00   7.5737e+00
   3.4578e+00  -2.6076e+00   7.5737e+00
   3.5382e+00  -2.5134e+00   7.5737e+00
   3.6157e+00  -2.4168e+00   7.5737e+00
   3.6900e+00  -2.3177e+00   7.5737e+00
   3.7613e+00  -2.2164e+00   7.5737e+00
   3.8293e+00  -2.1128e+00   7.5737e+00
   3.8940e+00  -2.0072e+00   7.5737e+00
   3.9554e+00  -1.8996e+00   7.5737e+00
   4.0133e+00  -1.7901e+00   7.5737e+00
   4.0678e+00  -1.6789e+00   7.5737e+00
   4.1188e+00  -1.5660e+00   7.5737e+00
   4.1662e+00  -1.4516e+00   7.5737e+00
   4.2100e+00  -1.3357e+00   7.5737e+00
   4.2501e+00  -1.2185e+00   7.5737e+00
   4.2865e+00  -1.1001e+00   7.5737e+00
   4.3192e+00  -9.8061e-01   7.5737e+00
   4.3481e+00  -8.6016e-01   7.5737e+00
   4.3733e+00  -7.3886e-01   7.5737e+00
   4.3946e+00  -6.1684e-01   7.5737e+00
   4.4120e+00  -4.9420e-01   7.5737e+00
   4.4256e+00  -3.7108e-01   7.5737e+00
   4.4353e+00  -2.4759e-01   7.5737e+00
   4.4412e+00  -1.2386e-01   7.5737e+00
   4.4431e+00   6.8943e-07   7.5737e+00
   8.2532e+00   0.0000e+00   7.2619e+00
   8.2491e+00   2.6023e-01   7.2615e+00
   8.2369e+00   5.2020e-01   7.2604e+00
   8.2165e+00   7.7966e-01   7.2587e+00
   8.1881e+00   1.0383e+00   7.2562e+00
   8.1516e+00   1.2960e+00   7.2530e+00
   8.1070e+00   1.5524e+00   7.2491e+00
   8.0544e+00   1.8073e+00   7.2445e+00
   7.9939e+00   2.0603e+00   7.2392e+00
   7.9255e+00   2.3114e+00   7.2332e+00
   7.8492e+00   2.5601e+00   7.2265e+00
   7.7653e+00   2.8063e+00   7.2192e+00
   7.6736e+00   3.0498e+00   7.2112e+00
   7.5744e+00   3.2903e+00   7.2025e+00
   7.4677e+00   3.5275e+00   7.1931e+00
   7.3536e+00   3.7612e+00   7.1832e+00
   7.2323e+00   3.9912e+00   7.1725e+00
   7.1039e+00   4.2173e+00   7.1613e+00
   6.9684e+00   4.4392e+00   7.1495e+00
   6.8260e+00   4.6567e+00   7.1370e+00
   6.6770e+00   4.8696e+00   7.1240e+00
   6.5213e+00   5.0778e+00   7.1103e+00
   6.3592e+00   5.2809e+00   7.0962e+00
   6.1908e+00   5.4788e+00   7.0814e+00
   6.0163e+00   5.6713e+00   7.0662e+00
   5.8359e+00   5.8582e+00   7.0504e+00
   5.6497e+00   6.0393e+00   7.0341e+00
   5.4579e+00   6.2144e+00   7.0173e+00
   5.2608e+00   6.3835e+00   7.0001e+00
   5.0584e+00   6.5462e+00   6.9824e+00
   4.8511e+00   6.7025e+00   6.9642e+00
   4.6390e+00   6.8521e+00   6.9457e+00
   4.4223e+00   6.9950e+00   6.9267e+00
   4.2012e+00   7.1310e+00   6.9074e+00
   3.9760e+00   7.2599e+00   6.8877e+00
   3.7469e+00   7.3817e+00   6.8676e+00
   3.5140e+00   7.4962e+00   6.8472e+00
   3.2777e+00   7.6033e+00   6.8266e+00
   3.0382e+00   7.7029e+00   6.8056e+00
   2.7957e+00   7.7949e+00   6.7844e+00
   2.5504e+00   7.8792e+00   6.7629e+00
   2.3026e+00   7.9557e+00   6.7412e+00
   2.0525e+00   8.0244e+00   6.7194e+00
   1.8004e+00   8.0852e+00   6.6973e+00
   1.5465e+00   8.1380e+00   6.6751e+00
   1.2911e+00   8.1827e+00   6.6528e+00
   1.0344e+00   8.2194e+00   6.6303e+00
   7.7669e-01   8.2479e+00   6.6078e+00
   5.1822e-01   8.2684e+00   6.5851e+00
   2.5924e-01   8.2806e+00   6.5625e+00
  -3.6076e-07   8.2847e+00   6.5398e+00
  -2.5924e-01   8.2806e+00   6.5171e+00
  -5.1822e-01   8.2684e+00   6.4945e+00
  -7.7669e-01   8.2479e+00   6.4718e+00
  -1.0344e+00   8.2194e+00   6.4493e+00
  -1.2911e+00   8.1827e+00   6.4268e+00
  -1.5465e+00   8.1380e+00   6.4045e+00
  -1.8004e+00   8.0852e+00   6.3823e+00
  -2.0525e+00   8.0244e+00   6.3602e+00
  -2.3026e+00   7.9557e+00   6.3384e+00
  -2.5504e+00   7.8792e+00   6.3167e+00
  -2.7957e+00   7.7949e+00   6.2952e+00
  -3.0382e+00   7.7029e+00   6.2740e+00
  -3.2777e+00   7.6033e+00   6.2530e+00
  -3.5140e+00   7.4962e+00   6.2324e+00
  -3.7469e+00   7.3817e+00   6.2120e+00
  -3.9760e+00   7.2599e+00   6.1919e+00
  -4.2012e+00   7.1310e+00   6.1722e+00
  -4.4223e+00   6.9950e+00   6.1529e+00
  -4.6390e+00   6.8521e+00   6.1339e+00
  -4.8511e+00   6.7025e+00   6.1154e+00
  -5.0584e+00   6.5462e+00   6.0972e+00
  -5.2608e+00   6.3835e+00   6.0795e+00
  -5.4579e+00   6.2144e+00   6.0623e+00
  -5.6497e+00   6.0393e+00   6.0455e+00
  -5.8359e+00   5.8582e+00   6.0292e+00
  -6.0163e+00   5.6713e+00   6.0134e+00
  -6.1908e+00   5.4788e+00   5.9982e+00
  -6.3592e+00   5.2809e+00   5.9834e+00
  -6.5213e+00   5.0778e+00   5.9693e+00
  -6.6770e+00   4.8696e+00   5.9556e+00
  -6.8260e+00   4.6567e+00   5.9426e+00
  -6.9684e+00   4.4392e+00   5.9301e+00
  -7.1039e+00   4.2173e+00   5.9183e+00
  -7.2323e+00   3.9912e+00   5.9071e+00
  -7.3536e+00   3.7612e+00   5.8964e+00
  -7.4677e+00   3.5275e+00   5.8865e+00
  -7.5744e+00   3.2903e+00   5.8771e+00
  -7.6736e+00   3.0498e+00   5.8684e+00
  -7.7653e+00   2.8063e+00   5.8604e+00
  -7.8492e+00   2.5601e+00   5.8531e+00
  -7.9255e+00   2.3114e+00   5.8464e+00
  -7.9939e+00   2.0603e+00   5.8404e+00
  -8.0544e+00   1.8073e+00   5.8351e+00
  -8.1070e+00   1.5524e+00   5.8305e+00
  -8.1516e+00   1.2960e+00   5.8266e+00
  -8.1881e+00   1.0383e+00   5.8234e+00
  -8.2165e+00   7.7966e-01   5.8209e+00
  -8.2369e+00   5.2020e-01   5.8192e+00
  -8.2491e+00   2.6023e-01   5.8181e+00
  -8.2532e+00  -7.2427e-07   5.8177e+00
  -8.2491e+00  -2.6023e-01   5.8181e+00
  -8.2369e+00  -5.2020e-01   5.8192e+00
  -8.2165e+00  -7.7966e-01   5.8209e+00
  -8.1881e+00  -1.0383e+00   5.8234e+00
  -8.1516e+00  -1.2960e+00   5.8266e+00
  -8.1070e+00  -1.5524e+00   5.8305e+00
  -8.0544e+00  -1.8073e+00   5.8351e+00
  -7.9939e+00  -2.0603e+00   5.8404e+00
  -7.9255e+00  -2.3114e+00   5.8464e+00
  -7.8492e+00  -2.5601e+00   5.8531e+00
  -7.7653e+00  -2.8063e+00   5.8604e+00
  -7.6736e+00  -3.0498e+00   5.8684e+00
  -7.5744e+00  -3.2903e+00   5.8771e+00
  -7.4677e+00  -3.5275e+00   5.8865e+00
  -7.3536e+00  -3.7612e+00   5.8964e+00
  -7.2323e+00  -3.9912e+00   5.9071e+00
  -7.1039e+00  -4.2173e+00   5.9183e+00
  -6.9684e+00  -4.4392e+00   5.9301e+00
  -6.8260e+00  -4.6567e+00   5.9426e+00
  -6.6770e+00  -4.8696e+00   5.9556e+00
  -6.5213e+00  -5.0778e+00   5.9693e+00
  -6.3592e+00  -5.2809e+00   5.9834e+00
  -6.1908e+00  -5.4788e+00   5.9982e+00
  -6.0163e+00  -5.6713e+00   6.0134e+00
  -5.8359e+00  -5.8582e+00   6.0292e+00
  -5.6497e+00  -6.0393e+00   6.0455e+00
  -5.4579e+00  -6.2144e+00   6.0623e+00
  -5.2608e+00  -6.3835e+00   6.0795e+00
  -5.0584e+00  -6.5462e+00   6.0972e+00
  -4.8511e+00  -6.7025e+00   6.1154e+00
  -4.6390e+00  -6.8521e+00   6.1339e+00
  -4.4223e+00  -6.9950e+00   6.1529e+00
  -4.2012e+00  -7.1310e+00   6.1722e+00
  -3.9760e+00  -7.2599e+00   6.1919e+00
  -3.7469e+00  -7.3817e+00   6.2120e+00
  -3.5140e+00  -7.4962e+00   6.2324e+00
  -3.2777e+00  -7.6033e+00   6.2530e+00
  -3.0382e+00  -7.7029e+00   6.2740e+00
  -2.7957e+00  -7.7949e+00   6.2952e+00
  -2.5504e+00  -7.8792e+00   6.3167e+00
  -2.3026e+00  -7.9557e+00   6.3384e+00
  -2.0525e+00  -8.0244e+00   6.3602e+00
  -1.8004e+00  -8.0852e+00   6.3823e+00
  -1.5465e+00  -8.1380e+00   6.4045e+00
  -1.2911e+00  -8.1827e+00   6.4268e+00
  -1.0344e+00  -8.2194e+00   6.4493e+00
  -7.7669e-01  -8.2479e+00   6.4718e+00
  -5.1822e-01  -8.2684e+00   6.4945e+00
  -2.5924e-01  -8.2806e+00   6.5171e+00
   1.0823e-06  -8.2847e+00   6.5398e+00
   2.5924e-01  -8.2806e+00   6.5625e+00
   5.1822e-01  -8.2684e+00   6.5851e+00
   7.7669e-01  -8.2479e+00   6.6078e+00
   1.0344e+00  -8.2194e+00   6.6303e+00
   1.2911e+00  -8.1827e+00   6.6528e+00
   1.5465e+00  -8.1380e+00   6.6751e+00
   1.8004e+00  -8.0852e+00   6.6973e+00
   2.0525e+00  -8.0244e+00   6.7194e+00
   2.3026e+00  -7.9557e+00   6.7412e+00
   2.5504e+00  -7.8792e+00   6.7629e+00
   2.7957e+00  -7.7949e+00   6.7844e+00
   3.0382e+00  -7.7029e+00   6.8056e+00
   3.2777e+00  -7.6033e+00   6.8266e+00
   3.5140e+00  -7.4962e+00   6.8472e+00
   3.7469e+00  -7.3817e+00   6.8676e+00
   3.9760e+00  -7.2599e+00   6.8877e+00
   4.2012e+00  -7.1310e+00   6.9074e+00
   4.4223e+00  -6.9950e+00   6.9267e+00
   4.6390e+00  -6.8521e+00   6.9457e+00
   4.8511e+00  -6.7025e+00   6.9642e+00
   5.0584e+00  -6.5462e+00   6.9824e+00
   5.2608e+00  -6.3835e+00   7.0001e+00
   5.4579e+00  -6.2144e+00   7.0173e+00
   5.6497e+00  -6.0393e+00   7.0341e+00
   5.8359e+00  -5.8582e+00   7.0504e+00
   6.0163e+00  -5.6713e+00   7.0662e+00
   6.1908e+00  -5.4788e+00   7.0814e+00
   6.3592e+00  -5.2809e+00   7.0962e+00
   6.5213e+00  -5.0778e+00   7.1103e+00
   6.6770e+00  -4.8696e+00   7.1240e+00
   6.8260e+00  -4.6567e+00   7.1370e+00
   6.9684e+00  -4.4392e+00   7.1495e+00
   7.1039e+00  -4.2173e+00   7.1613e+00
   7.2323e+00  -3.9912e+00   7.1725e+00
   7.3536e+00  -3.7612e+00   7.1832e+00
   7.4677e+00  -3.5275e+00   7.1931e+00
   7.5744e+00  -3.2903e+00   7.2025e+00
   7.6736e+00  -3.0498e+00   7.2112e+00
   7.7653e+00  -2.8063e+00   7.2192e+00
   7.8492e+00  -2.5601e+00   7.2265e+00
   7.9255e+00  -2.3114e+00   7.2332e+00
   7.9939e+00  -2.0603e+00   7.2392e+00
   8.0544e+00  -1.8073e+00   7.2445e+00
   8.1070e+00  -1.5524e+00   7.2491e+00
   8.1516e+00  -1.2960e+00   7.2530e+00
   8.1881e+00  -1.0383e+00   7.2562e+00
   8.2165e+00  -7.7966e-01   7.2587e+00
   8.2369e+00  -5.2020e-01   7.2604e+00
   8.2491e+00  -2.6023e-01   7.2615e+00
   8.2532e+00   1.4485e-06   7.2619e+00
   1.1492e+01   0.0000e+00   3.2752e+00
   1.1486e+01   3.7669e-01   3.2752e+00
   1.1469e+01   7.5300e-01   3.2752e+00
   1.1439e+01   1.1286e+00   3.2752e+00
   1.1398e+01   1.5030e+00   3.2752e+00
   1.1345e+01   1.8760e+00   3.2752e+00
   1.1280e+01   2.2471e+00   3.2752e+00
   1.1203e+01   2.6160e+00   3.2752e+00
   1.1116e+01   2.9824e+00   3.2752e+00
   1.1016e+01   3.3457e+00   3.2752e+00
   1.0905e+01   3.7058e+00   3.2752e+00
   1.0783e+01   4.0622e+00   3.2752e+00
   1.0650e+01   4.4147e+00   3.2752e+00
   1.0506e+01   4.7627e+00   3.2752e+00
   1.0351e+01   5.1061e+00   3.2752e+00
   1.0185e+01   5.4444e+00   3.2752e+00
   1.0009e+01   5.7773e+00   3.2752e+00
   9.8223e+00   6.1046e+00   3.2752e+00
   9.6254e+00   6.4258e+00   3.2752e+00
   9.4186e+00   6.7407e+00   3.2752e+00
   9.2020e+00   7.0489e+00   3.2752e+00
   8.9758e+00   7.3502e+00   3.2752e+00
   8.7402e+00   7.6442e+00   3.2752e+00
   8.4956e+00   7.9307e+00   3.2752e+00
   8.2420e+00   8.2093e+00   3.2752e+00
   7.9798e+00   8.4798e+00   3.2752e+00
   7.7093e+00   8.7420e+00   3.2752e+00
   7.4307e+00   8.9956e+00   3.2752e+00
   7.1442e+00   9.2402e+00   3.2752e+00
   6.8502e+00   9.4758e+00   3.2752e+00
   6.5489e+00   9.7020e+00   3.2752e+00
   6.2407e+00   9.9186e+00   3.2752e+00
   5.9258e+00   1.0125e+01   3.2752e+00
   5.6046e+00   1.0322e+01   3.2752e+00
   5.2773e+00   1.0509e+01   3.2752e+00
   4.9444e+00   1.0685e+01   3.2752e+00
   4.6061e+00   1.0851e+01   3.2752e+00
   4.2627e+00   1.1006e+01   3.2752e+00
   3.9147e+00   1.1150e+01   3.2752e+00
   3.5622e+00   1.1283e+01   3.2752e+00
   3.2058e+00   1.1405e+01   3.2752e+00
   2.8457e+00   1.1516e+01   3.2752e+00
   2.4824e+00   1.1616e+01   3.2752e+00
   2.1160e+00   1.1703e+01   3.2752e+00
   1.7471e+00   1.1780e+01   3.2752e+00
   1.3760e+00   1.1845e+01   3.2752e+00
   1.0030e+00   1.1898e+01   3.2752e+00
   6.2857e-01   1.1939e+01   3.2752e+00
   2.5300e-01   1.1969e+01   3.2752e+00
  -1.2331e-01   1.1986e+01   3.2752e+00
  -5.0000e-01   1.1992e+01   3.2752e+00
  -8.7669e-01   1.1986e+01   3.2752e+00
  -1.2530e+00   1.1969e+01   3.2752e+00
  -1.6286e+00   1.1939e+01   3.2752e+00
  -2.0030e+00   1.1898e+01   3.2752e+00
  -2.3760e+00   1.1845e+01   3.2752e+00
  -2.7471e+00   1.1780e+01   3.2752e+00
  -3.1160e+00   1.1703e+01   3.2752e+00
  -3.4824e+00   1.1616e+01   3.2752e+00
  -3.8457e+00   1.1516e+01   3.2752e+00
  -4.2058e+00   1.1405e+01   3.2752e+00
  -4.5622e+00   1.1283e+01   3.2752e+00
  -4.9147e+00   1.1150e+01   3.2752e+00
  -5.2627e+00   1.1006e+01   3.2752e+00
  -5.6061e+00   1.0851e+01   3.2752e+00
  -5.9444e+00   1.0685e+01   3.2752e+00
  -6.2773e+00   1.0509e+01   3.2752e+00
  -6.6046e+00   1.0322e+01   3.2752e+00
  -6.9258e+00   1.0125e+01   3.2752e+00
  -7.2407e+00   9.9186e+00   3.2752e+00
  -7.5489e+00   9.7020e+00   3.2752e+00
  -7.8502e+00   9.4758e+00   3.2752e+00
  -8.1442e+00   9.2402e+00   3.2752e+00
  -8.4307e+00   8.9956e+00   3.2752e+00
  -8.7093e+00   8.7420e+00   3.2752e+00
  -8.9798e+00   8.4798e+00   3.2752e+00
  -9.2420e+00   8.2093e+00   3.2752e+00
  -9.4956e+00   7.9306e+00   3.2752e+00
  -9.7402e+00   7.6442e+00   3.2752e+00
  -9.9758e+00   7.3502e+00   3.2752e+00
  -1.0202e+01   7.0489e+00   3.2752e+00
  -1.0419e+01   6.7407e+00   3.2752e+00
  -1.0625e+01   6.4258e+00   3.2752e+00
  -1.0822e+01   6.1046e+00   3.2752e+00
  -1.1009e+01   5.7773e+00   3.2752e+00
  -1.1185e+01   5.4444e+00   3.2752e+00
  -1.1351e+01   5.1061e+00   3.2752e+00
  -1.1506e+01   4.7627e+00   3.2752e+00
  -1.1650e+01   4.4147e+00   3.2752e+00
  -1.1783e+01   4.0622e+00   3.2752e+00
  -1.1905e+01   3.7058e+00   3.2752e+00
  -1.2016e+01   3.3457e+00   3.2752e+00
  -1.2116e+01   2.9824e+00   3.2752e+00
  -1.2203e+01   2.6160e+00   3.2752e+00
  -1.2280e+01   2.2471e+00   3.2752e+00
  -1.2345e+01   1.8760e+00   3.2752e+00
  -1.2398e+01   1.5030e+00   3.2752e+00
  -1.2439e+01   1.1286e+00   3.2752e+00
  -1.2469e+01   7.5300e-01   3.2752e+00
  -1.2486e+01   3.7669e-01   3.2752e+00
  -1.2492e+01  -1.0484e-06   3.2752e+00
  -1.2486e+01  -3.7669e-01   3.2752e+00
  -1.2469e+01  -7.5300e-01   3.2752e+00
  -1.2439e+01  -1.1286e+00   3.2752e+00
  -1.2398e+01  -1.5030e+00   3.2752e+00
  -1.2345e+01  -1.8760e+00   3.2752e+00
  -1.2280e+01  -2.2471e+00   3.2752e+00
  -1.2203e+01  -2.6160e+00   3.2752e+00
  -1.2116e+01  -2.9824e+00   3.2752e+00
  -1.2016e+01  -3.3457e+00   3.2752e+00
  -1.1905e+01  -3.7058e+00   3.2752e+00
  -1.1783e+01  -4.0622e+00   3.2752e+00
  -1.1650e+01  -4.4147e+00   3.2752e+00
  -1.1506e+01  -4.7627e+00   3.2752e+00
  -1.1351e+01  -5.1061e+00   3.2752e+00
  -1.1185e+01  -5.4444e+00   3.2752e+00
  -1.1009e+01  -5.7773e+00   3.2752e+00
  -1.0822e+01  -6.1046e+00   3.2752e+00
  -1.0625e+01  -6.4258e+00   3.2752e+00
  -1.0419e+01  -6.7407e+00   3.2752e+00
  -1.0202e+01  -7.0489e+00   3.2752e+00
  -9.9758e+00  -7.3502e+00   3.2752e+00
  -9.7402e+00  -7.6442e+00   3.2752e+00
  -9.4956e+00  -7.9307e+00   3.2752e+00
  -9.2420e+00  -8.2093e+00   3.2752e+00
  -8.9798e+00  -8.4798e+00   3.2752e+00
  -8.7093e+00  -8.7420e+00   3.2752e+00
  -8.4306e+00  -8.9956e+00   3.2752e+00
  -8.1442e+00  -9.2402e+00   3.2752e+00
  -7.8502e+00  -9.4758e+00   3.2752e+00
  -7.5489e+00  -9.7020e+00   3.2752e+00
  -7.2407e+00  -9.9186e+00   3.2752e+00
  -6.9258e+00  -1.0125e+01   3.2752e+00
  -6.6046e+00  -1.0322e+01   3.2752e+00
  -6.2773e+00  -1.0509e+01   3.2752e+00
  -5.9444e+00  -1.0685e+01   3.2752e+00
  -5.6061e+00  -1.0851e+01   3.2752e+00
  -5.2627e+00  -1.1006e+01   3.2752e+00
  -4.9147e+00  -1.1150e+01   3.2752e+00
  -4.5622e+00  -1.1283e+01   3.2752e+00
  -4.2058e+00  -1.1405e+01   3.2752e+00
  -3.8457e+00  -1.1516e+01   3.2752e+00
  -3.4824e+00  -1.1616e+01   3.2752e+00
  -3.1160e+00  -1.1703e+01   3.2752e+00
  -2.7471e+00  -1.1780e+01   3.2752e+00
  -2.3760e+00  -1.1845e+01   3.2752e+00
  -2.0030e+00  -1.1898e+01   3.2752e+00
  -1.6286e+00  -1.1939e+01   3.2752e+00
  -1.2530e+00  -1.1969e+01   3.2752e+00
  -8.7669e-01  -1.1986e+01   3.2752e+00
  -5.0000e-01  -1.1992e+01   3.2752e+00
  -1.2331e-01  -1.1986e+01   3.2752e+00
   2.5300e-01  -1.1969e+01   3.2752e+00
   6.2858e-01  -1.1939e+01   3.2752e+00
   1.0030e+00  -1.1898e+01   3.2752e+00
   1.3760e+00  -1.1845e+01   3.2752e+00
   1.7471e+00  -1.1780e+01   3.2752e+00
   2.1160e+00  -1.1703e+01   3.2752e+00
   2.4824e+00  -1.1616e+01   3.2752e+00
   2.8457e+00  -1.1516e+01   3.2752e+00
   3.2058e+00  -1.1405e+01   3.2752e+00
   3.5622e+00  -1.1283e+01   3.2752e+00
   3.9147e+00  -1.1150e+01   3.2752e+00
   4.2627e+00  -1.1006e+01   3.2752e+00
   4.6061e+00  -1.0851e+01   3.2752e+00
   4.9444e+00  -1.0685e+01   3.2752e+00
   5.2773e+00  -1.0509e+01   3.2752e+00
   5.6046e+00  -1.0322e+01   3.2752e+00
   5.9258e+00  -1.0125e+01   3.2752e+00
   6.2407e+00  -9.9186e+00   3.2752e+00
   6.5489e+00  -9.7020e+00   3.2752e+00
   6.8502e+00  -9.4758e+00   3.2752e+00
   7.1442e+00  -9.2402e+00   3.2752e+00
   7.4307e+00  -8.9956e+00   3.2752e+00
   7.7093e+00  -8.7420e+00   3.2752e+00
   7.9798e+00  -8.4798e+00   3.2752e+00
   8.2420e+00  -8.2093e+00   3.2752e+00
   8.4956e+00  -7.9306e+00   3.2752e+00
   8.7402e+00  -7.6442e+00   3.2752e+00
   8.9758e+00  -7.3502e+00   3.2752e+00
   9.2020e+00  -7.0489e+00   3.2752e+00
   9.4186e+00  -6.7407e+00   3.2752e+00
   9.6254e+00  -6.4258e+00   3.2752e+00
   9.8223e+00  -6.1046e+00   3.2752e+00
   1.0009e+01  -5.7773e+00   3.2752e+00
   1.0185e+01  -5.4444e+00   3.2752e+00
   1.0351e+01  -5.1061e+00   3.2752e+00
   1.0506e+01  -4.7627e+00   3.2752e+00
   1.0650e+01  -4.4147e+00   3.2752e+00
   1.0783e+01  -4.0622e+00   3.2752e+00
   1.0905e+01  -3.7058e+00   3.2752e+00
   1.1016e+01  -3.3457e+00   3.2752e+00
   1.1116e+01  -2.9824e+00   3.2752e+00
   1.1203e+01  -2.6160e+00   3.2752e+00
   1.1280e+01  -2.2471e+00   3.2752e+00
   1.1345e+01  -1.8760e+00   3.2752e+00
   1.1398e+01  -1.5030e+00   3.2752e+00
   1.1439e+01  -1.1286e+00   3.2752e+00
   1.1469e+01  -7.5300e-01   3.2752e+00
   1.1486e+01  -3.7669e-01   3.2752e+00
   1.1492e+01   2.0968e-06   3.2752e+00
   1.1956e+01   0.0000e+00  -2.6511e+00
   1.1950e+01   3.7576e-01  -2.6509e+00
   1.1932e+01   7.5115e-01  -2.6503e+00
   1.1902e+01   1.1258e+00  -2.6492e+00
   1.1861e+01   1.4993e+00  -2.6478e+00
   1.1808e+01   1.8714e+00  -2.6460e+00
   1.1744e+01   2.2416e+00  -2.6437e+00
   1.1668e+01   2.6096e+00  -2.6410e+00
   1.1580e+01   2.9750e+00  -2.6380e+00
   1.1481e+01   3.3375e+00  -2.6345e+00
   1.1370e+01   3.6967e+00  -2.6307e+00
   1.1249e+01   4.0523e+00  -2.6264e+00
   1.1116e+01   4.4038e+00  -2.6218e+00
   1.0972e+01   4.7510e+00  -2.6168e+00
   1.0818e+01   5.0935e+00  -2.6114e+00
   1.0652e+01   5.4310e+00  -2.6056e+00
   1.0477e+01   5.7631e+00  -2.5995e+00
   1.0291e+01   6.0896e+00  -2.5930e+00
   1.0094e+01   6.4100e+00  -2.5861e+00
   9.8882e+00   6.7241e+00  -2.5789e+00
   9.6722e+00   7.0316e+00  -2.5714e+00
   9.4467e+00   7.3321e+00  -2.5635e+00
   9.2119e+00   7.6254e+00  -2.5553e+00
   8.9680e+00   7.9111e+00  -2.5468e+00
   8.7152e+00   8.1891e+00  -2.5379e+00
   8.4538e+00   8.4590e+00  -2.5288e+00
   8.1841e+00   8.7205e+00  -2.5194e+00
   7.9063e+00   8.9734e+00  -2.5097e+00
   7.6207e+00   9.2175e+00  -2.4997e+00
   7.3276e+00   9.4525e+00  -2.4895e+00
   7.0273e+00   9.6781e+00  -2.4790e+00
   6.7200e+00   9.8942e+00  -2.4683e+00
   6.4061e+00   1.0101e+01  -2.4573e+00
   6.0859e+00   1.0297e+01  -2.4461e+00
   5.7596e+00   1.0483e+01  -2.4347e+00
   5.4277e+00   1.0659e+01  -2.4231e+00
   5.0904e+00   1.0824e+01  -2.4114e+00
   4.7481e+00   1.0979e+01  -2.3994e+00
   4.4011e+00   1.1123e+01  -2.3873e+00
   4.0498e+00   1.1256e+01  -2.3750e+00
   3.6945e+00   1.1377e+01  -2.3626e+00
   3.3355e+00   1.1488e+01  -2.3501e+00
   2.9732e+00   1.1587e+01  -2.3374e+00
   2.6080e+00   1.1675e+01  -2.3247e+00
   2.2402e+00   1.1751e+01  -2.3118e+00
   1.8703e+00   1.1816e+01  -2.2989e+00
   1.4984e+00   1.1868e+01  -2.2859e+00
   1.1251e+00   1.1910e+01  -2.2729e+00
   7.5069e-01   1.1939e+01  -2.2598e+00
   3.7553e-01   1.1957e+01  -2.2467e+00
  -5.2259e-07   1.1963e+01  -2.2336e+00
  -3.7553e-01   1.1957e+01  -2.2205e+00
  -7.5069e-01   1.1939e+01  -2.2074e+00
  -1.1251e+00   1.1910e+01  -2.1943e+00
  -1.4984e+00   1.1868e+01  -2.1813e+00
  -1.8703e+00   1.1816e+01  -2.1683e+00
  -2.2402e+00   1.1751e+01  -2.1554e+00
  -2.6080e+00   1.1675e+01  -2.1425e+00
  -2.9732e+00   1.1587e+01  -2.1298e+00
  -3.3355e+00   1.1488e+01  -2.1171e+00
  -3.6945e+00   1.1377e+01  -2.1046e+00
  -4.0498e+00   1.1256e+01  -2.0922e+00
  -4.4011e+00   1.1123e+01  -2.0799e+00
  -4.7481e+00   1.0979e+01  -2.0678e+00
  -5.0904e+00   1.0824e+01  -2.0558e+00
  -5.4277e+00   1.0659e+01  -2.0441e+00
  -5.7596e+00   1.0483e+01  -2.0325e+00
  -6.0859e+00   1.0297e+01  -2.0211e+00
  -6.4061e+00   1.0101e+01  -2.0099e+00
  -6.7200e+00   9.8942e+00  -1.9989e+00
  -7.0273e+00   9.6781e+00  -1.9882e+00
  -7.3276e+00   9.4525e+00  -1.9777e+00
  -7.6207e+00   9.2175e+00  -1.9675e+00
  -7.9063e+00   8.9734e+00  -1.9575e+00
  -8.1841e+00   8.7205e+00  -1.9478e+00
  -8.4538e+00   8.4590e+00  -1.9384e+00
  -8.7152e+00   8.1891e+00  -1.9293e+00
  -8.9680e+00   7.9111e+00  -1.9204e+00
  -9.2119e+00   7.6254e+00  -1.9119e+00
  -9.4467e+00   7.3321e+00  -1.9037e+00
  -9.6722e+00   7.0316e+00  -1.8958e+00
  -9.8882e+00   6.7241e+00  -1.8883e+00
  -1.0094e+01   6.4100e+00  -1.8811e+00
  -1.0291e+01   6.0896e+00  -1.8742e+00
  -1.0477e+01   5.7631e+00  -1.8677e+00
  -1.0652e+01   5.4310e+00  -1.8616e+00
  -1.0818e+01   5.0935e+00  -1.8558e+00
  -1.0972e+01   4.7510e+00  -1.8504e+00
  -1.1116e+01   4.4038e+00  -1.8454e+00
  -1.1249e+01   4.0523e+00  -1.8408e+00
  -1.1370e+01   3.6967e+00  -1.8365e+00
  -1.1481e+01   3.3375e+00  -1.8327e+00
  -1.1580e+01   2.9750e+00  -1.8292e+00
  -1.1668e+01   2.6096e+00  -1.8262e+00
  -1.1744e+01   2.2416e+00  -1.8235e+00
  -1.1808e+01   1.8714e+00  -1.8212e+00
  -1.1861e+01   1.4993e+00  -1.8194e+00
  -1.1902e+01   1.1258e+00  -1.8180e+00
  -1.1932e+01   7.5115e-01  -1.8169e+00
  -1.1950e+01   3.7576e-01  -1.8163e+00
  -1.1956e+01  -1.0458e-06  -1.8161e+00
  -1.1950e+01  -3.7576e-01  -1.8163e+00
  -1.1932e+01  -7.5115e-01  -1.8169e+00
  -1.1902e+01  -1.1258e+00  -1.8180e+00
  -1.1861e+01  -1.4993e+00  -1.8194e+00
  -1.1808e+01  -1.8714e+00  -1.8212e+00
  -1.1744e+01  -2.2416e+00  -1.8235e+00
  -1.1668e+01  -2.6096e+00  -1.8262e+00
  -1.1580e+01  -2.9750e+00  -1.8292e+00
  -1.1481e+01  -3.3375e+00  -1.8327e+00
  -1.1370e+01  -3.6967e+00  -1.8365e+00
  -1.1249e+01  -4.0523e+00  -1.8408e+00
  -1.1116e+01  -4.4038e+00  -1.8454e+00
  -1.0972e+01  -4.7510e+00  -1.8504e+00
  -1.0818e+01  -5.0935e+00  -1.8558e+00
  -1.0652e+01  -5.4310e+00  -1.8616e+00
  -1.0477e+01  -5.7631e+00  -1.8677e+00
  -1.0291e+01  -6.0896e+00  -1.8742e+00
  -1.0094e+01  -6.4100e+00  -1.8811e+00
  -9.8882e+00  -6.7241e+00  -1.8883e+00
  -9.6722e+00  -7.0316e+00  -1.8958e+00
  -9.4467e+00  -7.3321e+00  -1.9037e+00
  -9.2119e+00  -7.6254e+00  -1.9119e+00
  -8.9680e+00  -7.9111e+00  -1.9204e+00
  -8.7152e+00  -8.1891e+00  -1.9293e+00
  -8.4538e+00  -8.4590e+00  -1.9384e+00
  -8.1841e+00  -8.7205e+00  -1.9478e+00
  -7.9063e+00  -8.9734e+00  -1.9575e+00
  -7.6207e+00  -9.2175e+00  -1.9675e+00
  -7.3276e+00  -9.4525e+00  -1.9777e+00
  -7.0273e+00  -9.6781e+00  -1.9882e+00
  -6.7200e+00  -9.8942e+00  -1.9989e+00
  -6.4061e+00  -1.0101e+01  -2.0099e+00
  -6.0858e+00  -1.0297e+01  -2.0211e+00
  -5.7596e+00  -1.0483e+01  -2.0325e+00
  -5.4277e+00  -1.0659e+01  -2.0441e+00
  -5.0904e+00  -1.0824e+01  -2.0558e+00
  -4.7481e+00  -1.0979e+01  -2.0678e+00
  -4.4011e+00  -1.1123e+01  -2.0799e+00
  -4.0498e+00  -1.1256e+01  -2.0922e+00
  -3.6945e+00  -1.1377e+01  -2.1046e+00
  -3.3355e+00  -1.1488e+01  -2.1171e+00
  -2.9732e+00  -1.1587e+01  -2.1298e+00
  -2.6080e+00  -1.1675e+01  -2.1425e+00
  -2.2402e+00  -1.1751e+01  -2.1554e+00
  -1.8703e+00  -1.1816e+01  -2.1683e+00
  -1.4984e+00  -1.1868e+01  -2.1813e+00
  -1.1251e+00  -1.1910e+01  -2.1943e+00
  -7.5069e-01  -1.1939e+01  -2.2074e+00
  -3.7553e-01  -1.1957e+01  -2.2205e+00
   1.5678e-06  -1.1963e+01  -2.2336e+00
   3.7553e-01  -1.1957e+01  -2.2467e+00
   7.5069e-01  -1.1939e+01  -2.2598e+00
   1.1251e+00  -1.1910e+01  -2.2729e+00
   1.4984e+00  -1.1868e+01  -2.2859e+00
   1.8703e+00  -1.1816e+01  -2.2989e+00
   2.2402e+00  -1.1751e+01  -2.3118e+00
   2.6080e+00  -1.1675e+01  -2.3247e+00
   2.9732e+00  -1.1587e+01  -2.3374e+00
   3.3355e+00  -1.1488e+01  -2.3501e+00
   3.6945e+00  -1.1377e+01  -2.3626e+00
   4.0498e+00  -1.1256e+01  -2.3750e+00
   4.4011e+00  -1.1123e+01  -2.3873e+00
   4.7481e+00  -1.0979e+01  -2.3994e+00
   5.0904e+00  -1.0824e+01  -2.4114e+00
   5.4277e+00  -1.0659e+01  -2.4231e+00
   5.7596e+00  -1.0483e+01  -2.4347e+00
   6.0859e+00  -1.0297e+01  -2.4461e+00
   6.4061e+00  -1.0101e+01  -2.4573e+00
   6.7200e+00  -9.8942e+00  -2.4683e+00
   7.0273e+00  -9.6781e+00  -2.4790e+00
   7.3276e+00  -9.4525e+00  -2.4895e+00
   7.6207e+00  -9.2175e+00  -2.4997e+00
   7.9063e+00  -8.9734e+00  -2.5097e+00
   8.1841e+00  -8.7205e+00  -2.5194e+00
   8.4538e+00  -8.4590e+00  -2.5288e+00
   8.7152e+00  -8.1891e+00  -2.5379e+00
   8.9680e+00  -7.9111e+00  -2.5468e+00
   9.2119e+00  -7.6254e+00  -2.5553e+00
   9.4467e+00  -7.3321e+00  -2.5635e+00
   9.6722e+00  -7.0316e+00  -2.5714e+00
   9.8882e+00  -6.7241e+00  -2.5789e+00
   1.0094e+01  -6.4100e+00  -2.5861e+00
   1.0291e+01  -6.0896e+00  -2.5930e+00
   1.0477e+01  -5.7631e+00  -2.5995e+00
   1.0652e+01  -5.4310e+00  -2.6056e+00
   1.0818e+01  -5.0935e+00  -2.6114e+00
   1.0972e+01  -4.7510e+00  -2.6168e+00
   1.1116e+01  -4.4038e+00  -2.6218e+00
   1.1249e+01  -4.0523e+00  -2.6264e+00
   1.1370e+01  -3.6967e+00  -2.6307e+00
   1.1481e+01  -3.3375e+00  -2.6345e+00
   1.1580e+01  -2.9750e+00  -2.6380e+00
   1.1668e+01  -2.6096e+00  -2.6410e+00
   1.1744e+01  -2.2416e+00  -2.6437e+00
   1.1808e+01  -1.8714e+00  -2.6460e+00
   1.1861e+01  -1.4993e+00  -2.6478e+00
   1.1902e+01  -1.1258e+00  -2.6492e+00
   1.1932e+01  -7.5115e-01  -2.6503e+00
   1.1950e+01  -3.7576e-01  -2.6509e+00
   1.1956e+01   2.0916e-06  -2.6511e+00
   8.3450e+00   0.0000e+00  -5.8494e+00
   8.3409e+00   2.6357e-01  -5.8498e+00
   8.3286e+00   5.2688e-01  -5.8511e+00
   8.3080e+00   7.8966e-01  -5.8533e+00
   8.2792e+00   1.0517e+00  -5.8563e+00
   8.2423e+00   1.3126e+00  -5.8602e+00
   8.1972e+00   1.5723e+00  -5.8649e+00
   8.1441e+00   1.8304e+00  -5.8705e+00
   8.0829e+00   2.0868e+00  -5.8770e+00
   8.0137e+00   2.3410e+00  -5.8842e+00
   7.9366e+00   2.5930e+00  -5.8923e+00
   7.8517e+00   2.8423e+00  -5.9013e+00
   7.7590e+00   3.0889e+00  -5.9110e+00
   7.6587e+00   3.3325e+00  -5.9215e+00
   7.5508e+00   3.5727e+00  -5.9329e+00
   7.4355e+00   3.8094e+00  -5.9450e+00
   7.3128e+00   4.0424e+00  -5.9579e+00
   7.1829e+00   4.2714e+00  -5.9715e+00
   7.0459e+00   4.4961e+00  -5.9859e+00
   6.9020e+00   4.7164e+00  -6.0011e+00
   6.7513e+00   4.9321e+00  -6.0169e+00
   6.5939e+00   5.1429e+00  -6.0335e+00
   6.4300e+00   5.3486e+00  -6.0507e+00
   6.2597e+00   5.5491e+00  -6.0686e+00
   6.0833e+00   5.7440e+00  -6.0871e+00
   5.9008e+00   5.9333e+00  -6.1063e+00
   5.7126e+00   6.1168e+00  -6.1261e+00
   5.5187e+00   6.2942e+00  -6.1465e+00
   5.3193e+00   6.4654e+00  -6.1674e+00
   5.1147e+00   6.6302e+00  -6.1889e+00
   4.9051e+00   6.7885e+00  -6.2110e+00
   4.6906e+00   6.9400e+00  -6.2335e+00
   4.4715e+00   7.0848e+00  -6.2565e+00
   4.2480e+00   7.2225e+00  -6.2800e+00
   4.0203e+00   7.3531e+00  -6.3040e+00
   3.7886e+00   7.4764e+00  -6.3283e+00
   3.5531e+00   7.5924e+00  -6.3530e+00
   3.3142e+00   7.7009e+00  -6.3782e+00
   3.0720e+00   7.8018e+00  -6.4036e+00
   2.8268e+00   7.8949e+00  -6.4294e+00
   2.5788e+00   7.9803e+00  -6.4555e+00
   2.3282e+00   8.0578e+00  -6.4818e+00
   2.0753e+00   8.1274e+00  -6.5084e+00
   1.8204e+00   8.1889e+00  -6.5352e+00
   1.5637e+00   8.2424e+00  -6.5621e+00
   1.3055e+00   8.2877e+00  -6.5893e+00
   1.0459e+00   8.3248e+00  -6.6166e+00
   7.8534e-01   8.3538e+00  -6.6440e+00
   5.2399e-01   8.3744e+00  -6.6714e+00
   2.6212e-01   8.3869e+00  -6.6989e+00
  -3.6477e-07   8.3910e+00  -6.7265e+00
  -2.6212e-01   8.3869e+00  -6.7541e+00
  -5.2399e-01   8.3744e+00  -6.7816e+00
  -7.8534e-01   8.3538e+00  -6.8090e+00
  -1.0459e+00   8.3248e+00  -6.8364e+00
  -1.3055e+00   8.2877e+00  -6.8637e+00
  -1.5637e+00   8.2424e+00  -6.8909e+00
  -1.8204e+00   8.1889e+00  -6.9178e+00
  -2.0753e+00   8.1274e+00  -6.9446e+00
  -2.3282e+00   8.0578e+00  -6.9712e+00
  -2.5788e+00   7.9803e+00  -6.9975e+00
  -2.8268e+00   7.8949e+00  -7.0236e+00
  -3.0720e+00   7.8018e+00  -7.0494e+00
  -3.3142e+00   7.7009e+00  -7.0748e+00
  -3.5531e+00   7.5924e+00  -7.1000e+00
  -3.7886e+00   7.4764e+00  -7.1247e+00
  -4.0203e+00   7.3531e+00  -7.1490e+00
  -4.2480e+00   7.2225e+00  -7.1730e+00
  -4.4715e+00   7.0848e+00  -7.1965e+00
  -4.6906e+00   6.9400e+00  -7.2195e+00
  -4.9051e+00   6.7885e+00  -7.2420e+00
  -5.1147e+00   6.6302e+00  -7.2641e+00
  -5.3193e+00   6.4654e+00  -7.2856e+00
  -5.5187e+00   6.2942e+00  -7.3065e+00
  -5.7126e+00   6.1168e+00  -7.3269e+00
  -5.9008e+00   5.9333e+00  -7.3467e+00
  -6.0833e+00   5.7440e+00  -7.3659e+00
  -6.2597e+00   5.5491e+00  -7.3844e+00
  -6.4300e+00   5.3486e+00  -7.4023e+00
  -6.5939e+00   5.1429e+00  -7.4195e+00
  -6.7513e+00   4.9321e+00  -7.4361e+00
  -6.9020e+00   4.7164e+00  -7.4519e+00
  -7.0459e+00   4.4961e+00  -7.4671e+00
  -7.1829e+00   4.2714e+00  -7.4815e+00
  -7.3128e+00   4.0424e+00  -7.4951e+00
  -7.4355e+00   3.8094e+00  -7.5080e+00
  -7.5508e+00   3.5727e+00  -7.5201e+00
  -7.6587e+00   3.3325e+00  -7.5315e+00
  -7.7590e+00   3.0889e+00  -7.5420e+00
  -7.8517e+00   2.8423e+00  -7.5517e+00
  -7.9366e+00   2.5930e+00  -7.5607e+00
  -8.0137e+00   2.3410e+00  -7.5688e+00
  -8.0829e+00   2.0868e+00  -7.5760e+00
  -8.1441e+00   1.8304e+00  -7.5825e+00
  -8.1972e+00   1.5723e+00  -7.5881e+00
  -8.2423e+00   1.3126e+00  -7.5928e+00
  -8.2792e+00   1.0517e+00  -7.5967e+00
  -8.3080e+00   7.8966e-01  -7.5997e+00
  -8.3286e+00   5.2687e-01  -7.6019e+00
  -8.3409e+00   2.6357e-01  -7.6032e+00
  -8.3450e+00  -7.3356e-07  -7.6036e+00
  -8.3409e+00  -2.6357e-01  -7.6032e+00
  -8.3286e+00  -5.2688e-01  -7.6019e+00
  -8.3080e+00  -7.8966e-01  -7.5997e+00
  -8.2792e+00  -1.0517e+00  -7.5967e+00
  -8.2423e+00  -1.3126e+00  -7.5928e+00
  -8.1972e+00  -1.5723e+00  -7.5881e+00
  -8.1441e+00  -1.8304e+00  -7.5825e+00
  -8.0829e+00  -2.0868e+00  -7.5760e+00
  -8.0137e+00  -2.3410e+00  -7.5688e+00
  -7.9366e+00  -2.5930e+00  -7.5607e+00
  -7.8517e+00  -2.8424e+00  -7.5517e+00
  -7.7590e+00  -3.0889e+00  -7.5420e+00
  -7.6587e+00  -3.3325e+00  -7.5315e+00
  -7.5508e+00  -3.5727e+00  -7.5201e+00
  -7.4355e+00  -3.8094e+00  -7.5080e+00
  -7.3128e+00  -4.0424e+00  -7.4951e+00
  -7.1829e+00  -4.2714e+00  -7.4815e+00
  -7.0459e+00  -4.4961e+00  -7.4671e+00
  -6.9020e+00  -4.7164e+00  -7.4519e+00
  -6.7513e+00  -4.9321e+00  -7.4361e+00
  -6.5939e+00  -5.1429e+00  -7.4195e+00
  -6.4300e+00  -5.3486e+00  -7.4023e+00
  -6.2597e+00  -5.5491e+00  -7.3844e+00
  -6.0833e+00  -5.7440e+00  -7.3659e+00
  -5.9008e+00  -5.9333e+00  -7.3467e+00
  -5.7126e+00  -6.1168e+00  -7.3269e+00
  -5.5187e+00  -6.2942e+00  -7.3065e+00
  -5.3193e+00  -6.4654e+00  -7.2856e+00
  -5.1147e+00  -6.6302e+00  -7.2641e+00
  -4.9051e+00  -6.7885e+00  -7.2420e+00
  -4.6906e+00  -6.9400e+00  -7.2195e+00
  -4.4715e+00  -7.0848e+00  -7.1965e+00
  -4.2480e+00  -7.2225e+00  -7.1730e+00
  -4.0202e+00  -7.3531e+00  -7.1490e+00
  -3.7886e+00  -7.4764e+00  -7.1247e+00
  -3.5531e+00  -7.5924e+00  -7.1000e+00
  -3.3142e+00  -7.7009e+00  -7.0748e+00
  -3.0720e+00  -7.8018e+00  -7.0494e+00
  -2.8268e+00  -7.8949e+00  -7.0236e+00
  -2.5788e+00  -7.9803e+00  -6.9975e+00
  -2.3282e+00  -8.0578e+00  -6.9712e+00
  -2.0753e+00  -8.1274e+00  -6.9446e+00
  -1.8204e+00  -8.1889e+00  -6.9178e+00
  -1.5637e+00  -8.2424e+00  -6.8909e+00
  -1.3054e+00  -8.2877e+00  -6.8637e+00
  -1.0459e+00  -8.3248e+00  -6.8364e+00
  -7.8534e-01  -8.3538e+00  -6.8090e+00
  -5.2399e-01  -8.3744e+00  -6.7816e+00
  -2.6212e-01  -8.3869e+00  -6.7541e+00
   1.0943e-06  -8.3910e+00  -6.7265e+00
   2.6212e-01  -8.3869e+00  -6.6989e+00
   5.2399e-01  -8.3744e+00  -6.6714e+00
   7.8534e-01  -8.3538e+00  -6.6440e+00
   1.0459e+00  -8.3248e+00  -6.6166e+00
   1.3055e+00  -8.2877e+00  -6.5893e+00
   1.5637e+00  -8.2424e+00  -6.5621e+00
   1.8204e+00  -8.1889e+00  -6.5352e+00
   2.0753e+00  -8.1274e+00  -6.5084e+00
   2.3282e+00  -8.0578e+00  -6.4818e+00
   2.5788e+00  -7.9803e+00  -6.4555e+00
   2.8268e+00  -7.8949e+00  -6.4294e+00
   3.0720e+00  -7.8018e+00  -6.4036e+00
   3.3142e+00  -7.7009e+00  -6.3782e+00
   3.5531e+00  -7.5924e+00  -6.3530e+00
   3.7886e+00  -7.4764e+00  -6.3283e+00
   4.0203e+00  -7.3531e+00  -6.3040e+00
   4.2480e+00  -7.2225e+00  -6.2800e+00
   4.4715e+00  -7.0848e+00  -6.2565e+00
   4.6906e+00  -6.9400e+00  -6.2335e+00
   4.9051e+00  -6.7885e+00  -6.2110e+00
   5.1147e+00  -6.6302e+00  -6.1889e+00
   5.3193e+00  -6.4654e+00  -6.1674e+00
   5.5187e+00  -6.2942e+00  -6.1465e+00
   5.7126e+00  -6.1168e+00  -6.1261e+00
   5.9008e+00  -5.9333e+00  -6.1063e+00
   6.0833e+00  -5.7440e+00  -6.0871e+00
   6.2597e+00  -5.5491e+00  -6.0686e+00
   6.4300e+00  -5.3486e+00  -6.0507e+00
   6.5939e+00  -5.1429e+00  -6.0335e+00
   6.7513e+00  -4.9321e+00  -6.0169e+00
   6.9020e+00  -4.7164e+00  -6.0011e+00
   7.0459e+00  -4.4961e+00  -5.9859e+00
   7.1829e+00  -4.2714e+00  -5.9715e+00
   7.3128e+00  -4.0424e+00  -5.9579e+00
   7.4355e+00  -3.8094e+00  -5.9450e+00
   7.5508e+00  -3.5727e+00  -5.9329e+00
   7.6587e+00  -3.3325e+00  -5.9215e+00
   7.7590e+00  -3.0889e+00  -5.9110e+00
   7.8517e+00  -2.8423e+00  -5.9013e+00
   7.9366e+00  -2.5930e+00  -5.8923e+00
   8.0137e+00  -2.3410e+00  -5.8842e+00
   8.0829e+00  -2.0868e+00  -5.8770e+00
   8.1441e+00  -1.8304e+00  -5.8705e+00
   8.1972e+00  -1.5723e+00  -5.8649e+00
   8.2423e+00  -1.3126e+00  -5.8602e+00
   8.2792e+00  -1.0517e+00  -5.8563e+00
   8.3080e+00  -7.8966e-01  -5.8533e+00
   8.3286e+00  -5.2687e-01  -5.8511e+00
   8.3409e+00  -2.6357e-01  -5.8498e+00
   8.3450e+00   1.4671e-06  -5.8494e+00
   4.6340e+00   0.0000e+00  -7.4660e+00
   4.6319e+00   1.3613e-01  -7.4660e+00
   4.6254e+00   2.7213e-01  -7.4660e+00
   4.6148e+00   4.0787e-01  -7.4660e+00
   4.5998e+00   5.4319e-01  -7.4660e+00
   4.5806e+00   6.7799e-01  -7.4660e+00
   4.5572e+00   8.1211e-01  -7.4660e+00
   4.5296e+00   9.4543e-01  -7.4660e+00
   4.4978e+00   1.0778e+00  -7.4660e+00
   4.4619e+00   1.2091e+00  -7.4660e+00
   4.4219e+00   1.3393e+00  -7.4660e+00
   4.3778e+00   1.4681e+00  -7.4660e+00
   4.3297e+00   1.5955e+00  -7.4660e+00
   4.2775e+00   1.7212e+00  -7.4660e+00
   4.2215e+00   1.8453e+00  -7.4660e+00
   4.1616e+00   1.9676e+00  -7.4660e+00
   4.0979e+00   2.0879e+00  -7.4660e+00
   4.0305e+00   2.2062e+00  -7.4660e+00
   3.9593e+00   2.3223e+00  -7.4660e+00
   3.8846e+00   2.4361e+00  -7.4660e+00
   3.8063e+00   2.5475e+00  -7.4660e+00
   3.7245e+00   2.6563e+00  -7.4660e+00
   3.6394e+00   2.7626e+00  -7.4660e+00
   3.5510e+00   2.8661e+00  -7.4660e+00
   3.4594e+00   2.9668e+00  -7.4660e+00
   3.3646e+00   3.0646e+00  -7.4660e+00
   3.2668e+00   3.1594e+00  -7.4660e+00
   3.1661e+00   3.2510e+00  -7.4660e+00
   3.0626e+00   3.3394e+00  -7.4660e+00
   2.9563e+00   3.4245e+00  -7.4660e+00
   2.8475e+00   3.5063e+00  -7.4660e+00
   2.7361e+00   3.5846e+00  -7.4660e+00
   2.6223e+00   3.6593e+00  -7.4660e+00
   2.5062e+00   3.7305e+00  -7.4660e+00
   2.3879e+00   3.7979e+00  -7.4660e+00
   2.2676e+00   3.8616e+00  -7.4660e+00
   2.1453e+00   3.9215e+00  -7.4660e+00
   2.0212e+00   3.9775e+00  -7.4660e+00
   1.8955e+00   4.0297e+00  -7.4660e+00
   1.7681e+00   4.0778e+00  -7.4660e+00
   1.6393e+00   4.1219e+00  -7.4660e+00
   1.5091e+00   4.1619e+00  -7.4660e+00
   1.3778e+00   4.1978e+00  -7.4660e+00
   1.2454e+00   4.2296e+00  -7.4660e+00
   1.1121e+00   4.2572e+00  -7.4660e+00
   9.7799e-01   4.2806e+00  -7.4660e+00
   8.4319e-01   4.2998e+00  -7.4660e+00
   7.0787e-01   4.3148e+00  -7.4660e+00
   5.7213e-01   4.3254e+00  -7.4660e+00
   4.3613e-01   4.3319e+00  -7.4660e+00
   3.0000e-01   4.3340e+00  -7.4660e+00
   1.6387e-01   4.3319e+00  -7.4660e+00
   2.7866e-02   4.3254e+00  -7.4660e+00
  -1.0787e-01   4.3148e+00  -7.4660e+00
  -2.4319e-01   4.2998e+00  -7.4660e+00
  -3.7799e-01   4.2806e+00  -7.4660e+00
  -5.1211e-01   4.2572e+00  -7.4660e+00
  -6.4543e-01   4.2296e+00  -7.4660e+00
  -7.7782e-01   4.1978e+00  -7.4660e+00
  -9.0915e-01   4.1619e+00  -7.4660e+00
  -1.0393e+00   4.1219e+00  -7.4660e+00
  -1.1681e+00   4.0778e+00  -7.4660e+00
  -1.2955e+00   4.0297e+00  -7.4660e+00
  -1.4212e+00   3.9775e+00  -7.4660e+00
  -1.5453e+00   3.9215e+00  -7.4660e+00
  -1.6676e+00   3.8616e+00  -7.4660e+00
  -1.7879e+00   3.7979e+00  -7.4660e+00
  -1.9062e+00   3.7305e+00  -7.4660e+00
  -2.0223e+00   3.6593e+00  -7.4660e+00
  -2.1361e+00   3.5846e+00  -7.4660e+00
  -2.2475e+00   3.5063e+00  -7.4660e+00
  -2.3563e+00   3.4245e+00  -7.4660e+00
  -2.4626e+00   3.3394e+00  -7.4660e+00
  -2.5661e+00   3.2510e+00  -7.4660e+00
  -2.6668e+00   3.1593e+00  -7.4660e+00
  -2.7646e+00   3.0646e+00  -7.4660e+00
  -2.8594e+00   2.9668e+00  -7.4660e+00
  -2.9510e+00   2.8661e+00  -7.4660e+00
  -3.0394e+00   2.7626e+00  -7.4660e+00
  -3.1245e+00   2.6563e+00  -7.4660e+00
  -3.2063e+00   2.5475e+00  -7.4660e+00
  -3.2846e+00   2.4361e+00  -7.4660e+00
  -3.3593e+00   2.3223e+00  -7.4660e+00
  -3.4305e+00   2.2062e+00  -7.4660e+00
  -3.4979e+00   2.0879e+00  -7.4660e+00
  -3.5616e+00   1.9676e+00  -7.4660e+00
  -3.6215e+00   1.8453e+00  -7.4660e+00
  -3.6775e+00   1.7212e+00  -7.4660e+00
  -3.7297e+00   1.5955e+00  -7.4660e+00
  -3.7778e+00   1.4681e+00  -7.4660e+00
  -3.8219e+00   1.3393e+00  -7.4660e+00
  -3.8619e+00   1.2091e+00  -7.4660e+00
  -3.8978e+00   1.0778e+00  -7.4660e+00
  -3.9296e+00   9.4543e-01  -7.4660e+00
  -3.9572e+00   8.1211e-01  -7.4660e+00
  -3.9806e+00   6.7799e-01  -7.4660e+00
  -3.9998e+00   5.4319e-01  -7.4660e+00
  -4.0148e+00   4.0787e-01  -7.4660e+00
  -4.0254e+00   2.7213e-01  -7.4660e+00
  -4.0319e+00   1.3613e-01  -7.4660e+00
  -4.0340e+00  -3.7889e-07  -7.4660e+00
  -4.0319e+00  -1.3613e-01  -7.4660e+00
  -4.0254e+00  -2.7213e-01  -7.4660e+00
  -4.0148e+00  -4.0787e-01  -7.4660e+00
  -3.9998e+00  -5.4319e-01  -7.4660e+00
  -3.9806e+00  -6.7799e-01  -7.4660e+00
  -3.9572e+00  -8.1211e-01  -7.4660e+00
  -3.9296e+00  -9.4543e-01  -7.4660e+00
  -3.8978e+00  -1.0778e+00  -7.4660e+00
  -3.8619e+00  -1.2091e+00  -7.4660e+00
  -3.8219e+00  -1.3393e+00  -7.4660e+00
  -3.7778e+00  -1.4681e+00  -7.4660e+00
  -3.7297e+00  -1.5955e+00  -7.4660e+00
  -3.6775e+00  -1.7212e+00  -7.4660e+00
  -3.6215e+00  -1.8453e+00  -7.4660e+00
  -3.5616e+00  -1.9676e+00  -7.4660e+00
  -3.4979e+00  -2.0879e+00  -7.4660e+00
  -3.4305e+00  -2.2062e+00  -7.4660e+00
  -3.3593e+00  -2.3223e+00  -7.4660e+00
  -3.2846e+00  -2.4361e+00  -7.4660e+00
  -3.2063e+00  -2.5475e+00  -7.4660e+00
  -3.1245e+00  -2.6563e+00  -7.4660e+00
  -3.0394e+00  -2.7626e+00  -7.4660e+00
  -2.9510e+00  -2.8661e+00  -7.4660e+00
  -2.8593e+00  -2.9668e+00  -7.4660e+00
  -2.7646e+00  -3.0646e+00  -7.4660e+00
  -2.6668e+00  -3.1594e+00  -7.4660e+00
  -2.5661e+00  -3.2510e+00  -7.4660e+00
  -2.4626e+00  -3.3394e+00  -7.4660e+00
  -2.3563e+00  -3.4245e+00  -7.4660e+00
  -2.2475e+00  -3.5063e+00  -7.4660e+00
  -2.1361e+00  -3.5846e+00  -7.4660e+00
  -2.0223e+00  -3.6593e+00  -7.4660e+00
  -1.9062e+00  -3.7305e+00  -7.4660e+00
  -1.7879e+00  -3.7979e+00  -7.4660e+00
  -1.6676e+00  -3.8616e+00  -7.4660e+00
  -1.5453e+00  -3.9215e+00  -7.4660e+00
  -1.4212e+00  -3.9775e+00  -7.4660e+00
  -1.2955e+00  -4.0297e+00  -7.4660e+00
  -1.1681e+00  -4.0778e+00  -7.4660e+00
  -1.0393e+00  -4.1219e+00  -7.4660e+00
  -9.0915e-01  -4.1619e+00  -7.4660e+00
  -7.7782e-01  -4.1978e+00  -7.4660e+00
  -6.4543e-01  -4.2296e+00  -7.4660e+00
  -5.1211e-01  -4.2572e+00  -7.4660e+00
  -3.7799e-01  -4.2806e+00  -7.4660e+00
  -2.4319e-01  -4.2998e+00  -7.4660e+00
  -1.0786e-01  -4.3148e+00  -7.4660e+00
   2.7866e-02  -4.3254e+00  -7.4660e+00
   1.6387e-01  -4.3319e+00  -7.4660e+00
   3.0000e-01  -4.3340e+00  -7.4660e+00
   4.3613e-01  -4.3319e+00  -7.4660e+00
   5.7213e-01  -4.3254e+00  -7.4660e+00
   7.0787e-01  -4.3148e+00  -7.4660e+00
   8.4319e-01  -4.2998e+00  -7.4660e+00
   9.7799e-01  -4.2806e+00  -7.4660e+00
   1.1121e+00  -4.2572e+00  -7.4660e+00
   1.2454e+00  -4.2296e+00  -7.4660e+00
   1.3778e+00  -4.1978e+00  -7.4660e+00
   1.5091e+00  -4.1619e+00  -7.4660e+00
   1.6393e+00  -4.1219e+00  -7.4660e+00
   1.7681e+00  -4.0778e+00  -7.4660e+00
   1.8955e+00  -4.0297e+00  -7.4660e+00
   2.0212e+00  -3.9775e+00  -7.4660e+00
   2.1453e+00  -3.9215e+00  -7.4660e+00
   2.2676e+00  -3.8616e+00  -7.4660e+00
   2.3879e+00  -3.7979e+00  -7.4660e+00
   2.5062e+00  -3.7305e+00  -7.4660e+00
   2.6223e+00  -3.6593e+00  -7.4660e+00
   2.7361e+00  -3.5846e+00  -7.4660e+00
   2.8475e+00  -3.5063e+00  -7.4660e+00
   2.9563e+00  -3.4245e+00  -7.4660e+00
   3.0626e+00  -3.3394e+00  -7.4660e+00
   3.1661e+00  -3.2510e+00  -7.4660e+00
   3.2668e+00  -3.1593e+00  -7.4660e+00
   3.3646e+00  -3.0646e+00  -7.4660e+00
   3.4594e+00  -2.9668e+00  -7.4660e+00
   3.5510e+00  -2.8661e+00  -7.4660e+00
   3.6394e+00  -2.7626e+00  -7.4660e+00
   3.7245e+00  -2.6563e+00  -7.4660e+00
   3.8063e+00  -2.5475e+00  -7.4660e+00
   3.8846e+00  -2.4361e+00  -7.4660e+00
   3.9593e+00  -2.3223e+00  -7.4660e+00
   4.0305e+00  -2.2062e+00  -7.4660e+00
   4.0979e+00  -2.0879e+00  -7.4660e+00
   4.1616e+00  -1.9676e+00  -7.4660e+00
   4.2215e+00  -1.8453e+00  -7.4660e+00
   4.2775e+00  -1.7212e+00  -7.4660e+00
   4.3297e+00  -1.5955e+00  -7.4660e+00
   4.3778e+00  -1.4681e+00  -7.4660e+00
   4.4219e+00  -1.3393e+00  -7.4660e+00
   4.4619e+00  -1.2091e+00  -7.4660e+00
   4.4978e+00  -1.0778e+00  -7.4660e+00
   4.5296e+00  -9.4543e-01  -7.4660e+00
   4.5572e+00  -8.1211e-01  -7.4660e+00
   4.5806e+00  -6.7799e-01  -7.4660e+00
   4.5998e+00  -5.4319e-01  -7.4660e+00
   4.6148e+00  -4.0786e-01  -7.4660e+00
   4.6254e+00  -2.7213e-01  -7.4660e+00
   4.6319e+00  -1.3613e-01  -7.4660e+00
   4.6340e+00   7.5778e-07  -7.4660e+00
   1.8960e+00   0.0000e+00   5.4350e+00
   1.8952e+00   5.3273e-02   5.4350e+00
   1.8927e+00   1.0649e-01   5.4350e+00
   1.8885e+00   1.5961e-01   5.4350e+00
   1.8826e+00   2.1257e-01   5.4350e+00
   1.8751e+00   2.6531e-01   5.4350e+00
   1.8660e+00   3.1780e-01   5.4350e+00
   1.8552e+00   3.6997e-01   5.4350e+00
   1.8427e+00   4.2178e-01   5.4350e+00
   1.8287e+00   4.7317e-01   5.4350e+00
   1.8130e+00   5.2409e-01   5.4350e+00
   1.7957e+00   5.7450e-01   5.4350e+00
   1.7769e+00   6.2434e-01   5.4350e+00
   1.7565e+00   6.7356e-01   5.4350e+00
   1.7346e+00   7.2212e-01   5.4350e+00
   1.7111e+00   7.6997e-01   5.4350e+00
   1.6862e+00   8.1705e-01   5.4350e+00
   1.6598e+00   8.6333e-01   5.4350e+00
   1.6320e+00   9.0876e-01   5.4350e+00
   1.6027e+00   9.5329e-01   5.4350e+00
   1.5721e+00   9.9688e-01   5.4350e+00
   1.5401e+00   1.0395e+00   5.4350e+00
   1.5068e+00   1.0811e+00   5.4350e+00
   1.4722e+00   1.1216e+00   5.4350e+00
   1.4363e+00   1.1610e+00   5.4350e+00
   1.3993e+00   1.1993e+00   5.4350e+00
   1.3610e+00   1.2363e+00   5.4350e+00
   1.3216e+00   1.2722e+00   5.4350e+00
   1.2811e+00   1.3068e+00   5.4350e+00
   1.2395e+00   1.3401e+00   5.4350e+00
   1.1969e+00   1.3721e+00   5.4350e+00
   1.1533e+00   1.4027e+00   5.4350e+00
   1.1088e+00   1.4320e+00   5.4350e+00
   1.0633e+00   1.4598e+00   5.4350e+00
   1.0171e+00   1.4862e+00   5.4350e+00
   9.6997e-01   1.5111e+00   5.4350e+00
   9.2212e-01   1.5346e+00   5.4350e+00
   8.7356e-01   1.5565e+00   5.4350e+00
   8.2434e-01   1.5769e+00   5.4350e+00
   7.7450e-01   1.5957e+00   5.4350e+00
   7.2409e-01   1.6130e+00   5.4350e+00
   6.7317e-01   1.6287e+00   5.4350e+00
   6.2178e-01   1.6427e+00   5.4350e+00
   5.6997e-01   1.6552e+00   5.4350e+00
   5.1780e-01   1.6660e+00   5.4350e+00
   4.6531e-01   1.6751e+00   5.4350e+00
   4.1257e-01   1.6826e+00   5.4350e+00
   3.5961e-01   1.6885e+00   5.4350e+00
   3.0649e-01   1.6927e+00   5.4350e+00
   2.5327e-01   1.6952e+00   5.4350e+00
   2.0000e-01   1.6960e+00   5.4350e+00
   1.4673e-01   1.6952e+00   5.4350e+00
   9.3507e-02   1.6927e+00   5.4350e+00
   4.0392e-02   1.6885e+00   5.4350e+00
  -1.2565e-02   1.6826e+00   5.4350e+00
  -6.5313e-02   1.6751e+00   5.4350e+00
  -1.1780e-01   1.6660e+00   5.4350e+00
  -1.6997e-01   1.6552e+00   5.4350e+00
  -2.2178e-01   1.6427e+00   5.4350e+00
  -2.7317e-01   1.6287e+00   5.4350e+00
  -3.2409e-01   1.6130e+00   5.4350e+00
  -3.7450e-01   1.5957e+00   5.4350e+00
  -4.2434e-01   1.5769e+00   5.4350e+00
  -4.7356e-01   1.5565e+00   5.4350e+00
  -5.2212e-01   1.5346e+00   5.4350e+00
  -5.6997e-01   1.5111e+00   5.4350e+00
  -6.1705e-01   1.4862e+00   5.4350e+00
  -6.6333e-01   1.4598e+00   5.4350e+00
  -7.0876e-01   1.4320e+00   5.4350e+00
  -7.5329e-01   1.4027e+00   5.4350e+00
  -7.9688e-01   1.3721e+00   5.4350e+00
  -8.3949e-01   1.3401e+00   5.4350e+00
  -8.8107e-01   1.3068e+00   5.4350e+00
  -9.2158e-01   1.2722e+00   5.4350e+00
  -9.6099e-01   1.2363e+00   5.4350e+00
  -9.9925e-01   1.1993e+00   5.4350e+00
  -1.0363e+00   1.1610e+00   5.4350e+00
  -1.0722e+00   1.1216e+00   5.4350e+00
  -1.1068e+00   1.0811e+00   5.4350e+00
  -1.1401e+00   1.0395e+00   5.4350e+00
  -1.1721e+00   9.9688e-01   5.4350e+00
  -1.2027e+00   9.5329e-01   5.4350e+00
  -1.2320e+00   9.0876e-01   5.4350e+00
  -1.2598e+00   8.6333e-01   5.4350e+00
  -1.2862e+00   8.1705e-01   5.4350e+00
  -1.3111e+00   7.6997e-01   5.4350e+00
  -1.3346e+00   7.2212e-01   5.4350e+00
  -1.3565e+00   6.7356e-01   5.4350e+00
  -1.3769e+00   6.2434e-01   5.4350e+00
  -1.3957e+00   5.7450e-01   5.4350e+00
  -1.4130e+00   5.2409e-01   5.4350e+00
  -1.4287e+00   4.7317e-01   5.4350e+00
  -1.4427e+00   4.2178e-01   5.4350e+00
  -1.4552e+00   3.6997e-01   5.4350e+00
  -1.4660e+00   3.1780e-01   5.4350e+00
  -1.4751e+00   2.6531e-01   5.4350e+00
  -1.4826e+00   2.1257e-01   5.4350e+00
  -1.4885e+00   1.5961e-01   5.4350e+00
  -1.4927e+00   1.0649e-01   5.4350e+00
  -1.4952e+00   5.3273e-02   5.4350e+00
  -1.4960e+00  -1.4827e-07   5.4350e+00
  -1.4952e+00  -5.3273e-02   5.4350e+00
  -1.4927e+00  -1.0649e-01   5.4350e+00
  -1.4885e+00  -1.5961e-01   5.4350e+00
  -1.4826e+00  -2.1257e-01   5.4350e+00
  -1.4751e+00  -2.6531e-01   5.4350e+00
  -1.4660e+00  -3.1780e-01   5.4350e+00
  -1.4552e+00  -3.6997e-01   5.4350e+00
  -1.4427e+00  -4.2178e-01   5.4350e+00
  -1.4287e+00  -4.7317e-01   5.4350e+00
  -1.4130e+00  -5.2409e-01   5.4350e+00
  -1.3957e+00  -5.7450e-01   5.4350e+00
  -1.3769e+00  -6.2434e-01   5.4350e+00
  -1.3565e+00  -6.7356e-01   5.4350e+00
  -1.3346e+00  -7.2212e-01   5.4350e+00
  -1.3111e+00  -7.6997e-01   5.4350e+00
  -1.2862e+00  -8.1705e-01   5.4350e+00
  -1.2598e+00  -8.6333e-01   5.4350e+00
  -1.2320e+00  -9.0876e-01   5.4350e+00
  -1.2027e+00  -9.5329e-01   5.4350e+00
  -1.1721e+00  -9.9688e-01   5.4350e+00
  -1.1401e+00  -1.0395e+00   5.4350e+00
  -1.1068e+00  -1.0811e+00   5.4350e+00
  -1.0722e+00  -1.1216e+00   5.4350e+00
  -1.0363e+00  -1.1610e+00   5.4350e+00
  -9.9925e-01  -1.1993e+00   5.4350e+00
  -9.6099e-01  -1.2363e+00   5.4350e+00
  -9.2158e-01  -1.2722e+00   5.4350e+00
  -8.8107e-01  -1.3068e+00   5.4350e+00
  -8.3949e-01  -1.3401e+00   5.4350e+00
  -7.9688e-01  -1.3721e+00   5.4350e+00
  -7.5329e-01  -1.4027e+00   5.4350e+00
  -7.0876e-01  -1.4320e+00   5.4350e+00
  -6.6333e-01  -1.4598e+00   5.4350e+00
  -6.1705e-01  -1.4862e+00   5.4350e+00
  -5.6997e-01  -1.5111e+00   5.4350e+00
  -5.2212e-01  -1.5346e+00   5.4350e+00
  -4.7356e-01  -1.5565e+00   5.4350e+00
  -4.2434e-01  -1.5769e+00   5.4350e+00
  -3.7450e-01  -1.5957e+00   5.4350e+00
  -3.2409e-01  -1.6130e+00   5.4350e+00
  -2.7317e-01  -1.6287e+00   5.4350e+00
  -2.2178e-01  -1.6427e+00   5.4350e+00
  -1.6997e-01  -1.6552e+00   5.4350e+00
  -1.1780e-01  -1.6660e+00   5.4350e+00
  -6.5313e-02  -1.6751e+00   5.4350e+00
  -1.2565e-02  -1.6826e+00   5.4350e+00
   4.0393e-02  -1.6885e+00   5.4350e+00
   9.3508e-02  -1.6927e+00   5.4350e+00
   1.4673e-01  -1.6952e+00   5.4350e+00
   2.0000e-01  -1.6960e+00   5.4350e+00
   2.5327e-01  -1.6952e+00   5.4350e+00
   3.0649e-01  -1.6927e+00   5.4350e+00
   3.5961e-01  -1.6885e+00   5.4350e+00
   4.1257e-01  -1.6826e+00   5.4350e+00
   4.6531e-01  -1.6751e+00   5.4350e+00
   5.1780e-01  -1.6660e+00   5.4350e+00
   5.6997e-01  -1.6552e+00   5.4350e+00
   6.2178e-01  -1.6427e+00   5.4350e+00
   6.7317e-01  -1.6287e+00   5.4350e+00
   7.2409e-01  -1.6130e+00   5.4350e+00
   7.7450e-01  -1.5957e+00   5.4350e+00
   8.2434e-01  -1.5769e+00   5.4350e+00
   8.7356e-01  -1.5565e+00   5.4350e+00
   9.2212e-01  -1.5346e+00   5.4350e+00
   9.6997e-01  -1.5111e+00   5.4350e+00
   1.0171e+00  -1.4862e+00   5.4350e+00
   1.0633e+00  -1.4598e+00   5.4350e+00
   1.1088e+00  -1.4320e+00   5.4350e+00
   1.1533e+00  -1.4027e+00   5.4350e+00
   1.1969e+00  -1.3721e+00   5.4350e+00
   1.2395e+00  -1.3401e+00   5.4350e+00
   1.2811e+00  -1.3068e+00   5.4350e+00
   1.3216e+00  -1.2722e+00   5.4350e+00
   1.3610e+00  -1.2363e+00   5.4350e+00
   1.3993e+00  -1.1993e+00   5.4350e+00
   1.4363e+00  -1.1610e+00   5.4350e+00
   1.4722e+00  -1.1216e+00   5.4350e+00
   1.5068e+00  -1.0811e+00   5.4350e+00
   1.5401e+00  -1.0395e+00   5.4350e+00
   1.5721e+00  -9.9688e-01   5.4350e+00
   1.6027e+00  -9.5329e-01   5.4350e+00
   1.6320e+00  -9.0876e-01   5.4350e+00
   1.6598e+00  -8.6333e-01   5.4350e+00
   1.6862e+00  -8.1705e-01   5.4350e+00
   1.7111e+00  -7.6997e-01   5.4350e+00
   1.7346e+00  -7.2212e-01   5.4350e+00
   1.7565e+00  -6.7356e-01   5.4350e+00
   1.7769e+00  -6.2434e-01   5.4350e+00
   1.7957e+00  -5.7450e-01   5.4350e+00
   1.8130e+00  -5.2409e-01   5.4350e+00
   1.8287e+00  -4.7317e-01   5.4350e+00
   1.8427e+00  -4.2178e-01   5.4350e+00
   1.8552e+00  -3.6997e-01   5.4350e+00
   1.8660e+00  -3.1780e-01   5.4350e+00
   1.8751e+00  -2.6531e-01   5.4350e+00
   1.8826e+00  -2.1256e-01   5.4350e+00
   1.8885e+00  -1.5961e-01   5.4350e+00
   1.8927e+00  -1.0649e-01   5.4350e+00
   1.8952e+00  -5.3272e-02   5.4350e+00
   1.8960e+00   2.9654e-07   5.4350e+00
   1.6950e+00   0.0000e+00   3.3242e+00
   1.6941e+00   5.3273e-02   3.3242e+00
   1.6916e+00   1.0649e-01   3.3241e+00
   1.6874e+00   1.5961e-01   3.3239e+00
   1.6816e+00   2.1257e-01   3.3237e+00
   1.6741e+00   2.6531e-01   3.3235e+00
   1.6649e+00   3.1780e-01   3.3231e+00
   1.6541e+00   3.6997e-01   3.3228e+00
   1.6417e+00   4.2178e-01   3.3223e+00
   1.6277e+00   4.7317e-01   3.3218e+00
   1.6120e+00   5.2409e-01   3.3213e+00
   1.5948e+00   5.7450e-01   3.3207e+00
   1.5759e+00   6.2434e-01   3.3200e+00
   1.5556e+00   6.7356e-01   3.3193e+00
   1.5337e+00   7.2212e-01   3.3186e+00
   1.5102e+00   7.6997e-01   3.3177e+00
   1.4853e+00   8.1705e-01   3.3169e+00
   1.4589e+00   8.6333e-01   3.3159e+00
   1.4311e+00   9.0876e-01   3.3150e+00
   1.4019e+00   9.5329e-01   3.3140e+00
   1.3713e+00   9.9688e-01   3.3129e+00
   1.3393e+00   1.0395e+00   3.3118e+00
   1.3060e+00   1.0811e+00   3.3106e+00
   1.2714e+00   1.1216e+00   3.3094e+00
   1.2356e+00   1.1610e+00   3.3081e+00
   1.1985e+00   1.1993e+00   3.3069e+00
   1.1603e+00   1.2363e+00   3.3055e+00
   1.1209e+00   1.2722e+00   3.3041e+00
   1.0804e+00   1.3068e+00   3.3027e+00
   1.0389e+00   1.3401e+00   3.3013e+00
   9.9628e-01   1.3721e+00   3.2998e+00
   9.5271e-01   1.4027e+00   3.2983e+00
   9.0821e-01   1.4320e+00   3.2967e+00
   8.6281e-01   1.4598e+00   3.2951e+00
   8.1656e-01   1.4862e+00   3.2935e+00
   7.6950e-01   1.5111e+00   3.2919e+00
   7.2168e-01   1.5346e+00   3.2902e+00
   6.7315e-01   1.5565e+00   3.2885e+00
   6.2396e-01   1.5769e+00   3.2868e+00
   5.7415e-01   1.5957e+00   3.2850e+00
   5.2377e-01   1.6130e+00   3.2833e+00
   4.7288e-01   1.6287e+00   3.2815e+00
   4.2152e-01   1.6427e+00   3.2797e+00
   3.6975e-01   1.6552e+00   3.2779e+00
   3.1761e-01   1.6660e+00   3.2761e+00
   2.6515e-01   1.6751e+00   3.2743e+00
   2.1244e-01   1.6826e+00   3.2724e+00
   1.5951e-01   1.6885e+00   3.2706e+00
   1.0643e-01   1.6927e+00   3.2687e+00
   5.3240e-02   1.6952e+00   3.2669e+00
  -7.4089e-08   1.6960e+00   3.2650e+00
  -5.3240e-02   1.6952e+00   3.2631e+00
  -1.0643e-01   1.6927e+00   3.2613e+00
  -1.5951e-01   1.6885e+00   3.2594e+00
  -2.1244e-01   1.6826e+00   3.2576e+00
  -2.6515e-01   1.6751e+00   3.2557e+00
  -3.1761e-01   1.6660e+00   3.2539e+00
  -3.6975e-01   1.6552e+00   3.2521e+00
  -4.2152e-01   1.6427e+00   3.2503e+00
  -4.7288e-01   1.6287e+00   3.2485e+00
  -5.2377e-01   1.6130e+00   3.2467e+00
  -5.7415e-01   1.5957e+00   3.2450e+00
  -6.2396e-01   1.5769e+00   3.2432e+00
  -6.7315e-01   1.5565e+00   3.2415e+00
  -7.2168e-01   1.5346e+00   3.2398e+00
  -7.6950e-01   1.5111e+00   3.2381e+00
  -8.1656e-01   1.4862e+00   3.2365e+00
  -8.6281e-01   1.4598e+00   3.2349e+00
  -9.0821e-01   1.4320e+00   3.2333e+00
  -9.5271e-01   1.4027e+00   3.2317e+00
  -9.9628e-01   1.3721e+00   3.2302e+00
  -1.0389e+00   1.3401e+00   3.2287e+00
  -1.0804e+00   1.3068e+00   3.2273e+00
  -1.1209e+00   1.2722e+00   3.2259e+00
  -1.1603e+00   1.2363e+00   3.2245e+00
  -1.1985e+00   1.1993e+00   3.2231e+00
  -1.2356e+00   1.1610e+00   3.2219e+00
  -1.2714e+00   1.1216e+00   3.2206e+00
  -1.3060e+00   1.0811e+00   3.2194e+00
  -1.3393e+00   1.0395e+00   3.2182e+00
  -1.3713e+00   9.9688e-01   3.2171e+00
  -1.4019e+00   9.5329e-01   3.2160e+00
  -1.4311e+00   9.0876e-01   3.2150e+00
  -1.4589e+00   8.6333e-01   3.2141e+00
  -1.4853e+00   8.1705e-01   3.2131e+00
  -1.5102e+00   7.6997e-01   3.2123e+00
  -1.5337e+00   7.2212e-01   3.2114e+00
  -1.5556e+00   6.7356e-01   3.2107e+00
  -1.5759e+00   6.2434e-01   3.2100e+00
  -1.5948e+00   5.7450e-01   3.2093e+00
  -1.6120e+00   5.2409e-01   3.2087e+00
  -1.6277e+00   4.7317e-01   3.2082e+00
  -1.6417e+00   4.2178e-01   3.2077e+00
  -1.6541e+00   3.6997e-01   3.2072e+00
  -1.6649e+00   3.1780e-01   3.2069e+00
  -1.6741e+00   2.6531e-01   3.2065e+00
  -1.6816e+00   2.1257e-01   3.2063e+00
  -1.6874e+00   1.5961e-01   3.2061e+00
  -1.6916e+00   1.0649e-01   3.2059e+00
  -1.6941e+00   5.3273e-02   3.2058e+00
  -1.6950e+00  -1.4827e-07   3.2058e+00
  -1.6941e+00  -5.3273e-02   3.2058e+00
  -1.6916e+00  -1.0649e-01   3.2059e+00
  -1.6874e+00  -1.5961e-01   3.2061e+00
  -1.6816e+00  -2.1257e-01   3.2063e+00
  -1.6741e+00  -2.6531e-01   3.2065e+00
  -1.6649e+00  -3.1780e-01   3.2069e+00
  -1.6541e+00  -3.6997e-01   3.2072e+00
  -1.6417e+00  -4.2178e-01   3.2077e+00
  -1.6277e+00  -4.7317e-01   3.2082e+00
  -1.6120e+00  -5.2409e-01   3.2087e+00
  -1.5948e+00  -5.7450e-01   3.2093e+00
  -1.5759e+00  -6.2434e-01   3.2100e+00
  -1.5556e+00  -6.7356e-01   3.2107e+00
  -1.5337e+00  -7.2212e-01   3.2114e+00
  -1.5102e+00  -7.6997e-01   3.2123e+00
  -1.4853e+00  -8.1705e-01   3.2131e+00
  -1.4589e+00  -8.6333e-01   3.2141e+00
  -1.4311e+00  -9.0876e-01   3.2150e+00
  -1.4019e+00  -9.5329e-01   3.2160e+00
  -1.3713e+00  -9.9688e-01   3.2171e+00
  -1.3393e+00  -1.0395e+00   3.2182e+00
  -1.3060e+00  -1.0811e+00   3.2194e+00
  -1.2714e+00  -1.1216e+00   3.2206e+00
  -1.2356e+00  -1.1610e+00   3.2219e+00
  -1.1985e+00  -1.1993e+00   3.2231e+00
  -1.1603e+00  -1.2363e+00   3.2245e+00
  -1.1209e+00  -1.2722e+00   3.2259e+00
  -1.0804e+00  -1.3068e+00   3.2273e+00
  -1.0389e+00  -1.3401e+00   3.2287e+00
  -9.9628e-01  -1.3721e+00   3.2302e+00
  -9.5271e-01  -1.4027e+00   3.2317e+00
  -9.0821e-01  -1.4320e+00   3.2333e+00
  -8.6281e-01  -1.4598e+00   3.2349e+00
  -8.1656e-01  -1.4862e+00   3.2365e+00
  -7.6950e-01  -1.5111e+00   3.2381e+00
  -7.2168e-01  -1.5346e+00   3.2398e+00
  -6.7315e-01  -1.5565e+00   3.2415e+00
  -6.2396e-01  -1.5769e+00   3.2432e+00
  -5.7415e-01  -1.5957e+00   3.2450e+00
  -5.2377e-01  -1.6130e+00   3.2467e+00
  -4.7288e-01  -1.6287e+00   3.2485e+00
  -4.2152e-01  -1.6427e+00   3.2503e+00
  -3.6975e-01  -1.6552e+00   3.2521e+00
  -3.1760e-01  -1.6660e+00   3.2539e+00
  -2.6515e-01  -1.6751e+00   3.2557e+00
  -2.1244e-01  -1.6826e+00   3.2576e+00
  -1.5951e-01  -1.6885e+00   3.2594e+00
  -1.0643e-01  -1.6927e+00   3.2613e+00
  -5.3240e-02  -1.6952e+00   3.2631e+00
   2.2227e-07  -1.6960e+00   3.2650e+00
   5.3240e-02  -1.6952e+00   3.2669e+00
   1.0643e-01  -1.6927e+00   3.2687e+00
   1.5951e-01  -1.6885e+00   3.2706e+00
   2.1244e-01  -1.6826e+00   3.2724e+00
   2.6515e-01  -1.6751e+00   3.2743e+00
   3.1761e-01  -1.6660e+00   3.2761e+00
   3.6975e-01  -1.6552e+00   3.2779e+00
   4.2152e-01  -1.6427e+00   3.2797e+00
   4.7288e-01  -1.6287e+00   3.2815e+00
   5.2377e-01  -1.6130e+00   3.2833e+00
   5.7415e-01  -1.5957e+00   3.2850e+00
   6.2396e-01  -1.5769e+00   3.2868e+00
   6.7315e-01  -1.5565e+00   3.2885e+00
   7.2168e-01  -1.5346e+00   3.2902e+00
   7.6950e-01  -1.5111e+00   3.2919e+00
   8.1656e-01  -1.4862e+00   3.2935e+00
   8.6281e-01  -1.4598e+00   3.2951e+00
   9.0821e-01  -1.4320e+00   3.2967e+00
   9.5271e-01  -1.4027e+00   3.2983e+00
   9.9628e-01  -1.3721e+00   3.2998e+00
   1.0389e+00  -1.3401e+00   3.3013e+00
   1.0804e+00  -1.3068e+00   3.3027e+00
   1.1209e+00  -1.2722e+00   3.3041e+00
   1.1603e+00  -1.2363e+00   3.3055e+00
   1.1985e+00  -1.1993e+00   3.3069e+00
   1.2356e+00  -1.1610e+00   3.3081e+00
   1.2714e+00  -1.1216e+00   3.3094e+00
   1.3060e+00  -1.0811e+00   3.3106e+00
   1.3393e+00  -1.0395e+00   3.3118e+00
   1.3713e+00  -9.9688e-01   3.3129e+00
   1.4019e+00  -9.5329e-01   3.3140e+00
   1.4311e+00  -9.0876e-01   3.3150e+00
   1.4589e+00  -8.6333e-01   3.3159e+00
   1.4853e+00  -8.1705e-01   3.3169e+00
   1.5102e+00  -7.6997e-01   3.3177e+00
   1.5337e+00  -7.2212e-01   3.3186e+00
   1.5556e+00  -6.7356e-01   3.3193e+00
   1.5759e+00  -6.2434e-01   3.3200e+00
   1.5948e+00  -5.7450e-01   3.3207e+00
   1.6120e+00  -5.2409e-01   3.3213e+00
   1.6277e+00  -4.7317e-01   3.3218e+00
   1.6417e+00  -4.2178e-01   3.3223e+00
   1.6541e+00  -3.6997e-01   3.3228e+00
   1.6649e+00  -3.1780e-01   3.3231e+00
   1.6741e+00  -2.6531e-01   3.3235e+00
   1.6816e+00  -2.1256e-01   3.3237e+00
   1.6874e+00  -1.5961e-01   3.3239e+00
   1.6916e+00  -1.0649e-01   3.3241e+00
   1.6941e+00  -5.3272e-02   3.3242e+00
   1.6950e+00   2.9654e-07   3.3242e+00
   1.6950e+00   0.0000e+00   1.0358e+00
   1.6941e+00   5.3273e-02   1.0358e+00
   1.6916e+00   1.0649e-01   1.0359e+00
   1.6874e+00   1.5961e-01   1.0361e+00
   1.6816e+00   2.1257e-01   1.0363e+00
   1.6741e+00   2.6531e-01   1.0365e+00
   1.6649e+00   3.1780e-01   1.0369e+00
   1.6541e+00   3.6997e-01   1.0372e+00
   1.6417e+00   4.2178e-01   1.0377e+00
   1.6277e+00   4.7317e-01   1.0382e+00
   1.6120e+00   5.2409e-01   1.0387e+00
   1.5948e+00   5.7450e-01   1.0393e+00
   1.5759e+00   6.2434e-01   1.0400e+00
   1.5556e+00   6.7356e-01   1.0407e+00
   1.5337e+00   7.2212e-01   1.0414e+00
   1.5102e+00   7.6997e-01   1.0423e+00
   1.4853e+00   8.1705e-01   1.0431e+00
   1.4589e+00   8.6333e-01   1.0441e+00
   1.4311e+00   9.0876e-01   1.0450e+00
   1.4019e+00   9.5329e-01   1.0460e+00
   1.3713e+00   9.9688e-01   1.0471e+00
   1.3393e+00   1.0395e+00   1.0482e+00
   1.3060e+00   1.0811e+00   1.0494e+00
   1.2714e+00   1.1216e+00   1.0506e+00
   1.2356e+00   1.1610e+00   1.0519e+00
   1.1985e+00   1.1993e+00   1.0531e+00
   1.1603e+00   1.2363e+00   1.0545e+00
   1.1209e+00   1.2722e+00   1.0559e+00
   1.0804e+00   1.3068e+00   1.0573e+00
   1.0389e+00   1.3401e+00   1.0587e+00
   9.9628e-01   1.3721e+00   1.0602e+00
   9.5271e-01   1.4027e+00   1.0617e+00
   9.0821e-01   1.4320e+00   1.0633e+00
   8.6281e-01   1.4598e+00   1.0649e+00
   8.1656e-01   1.4862e+00   1.0665e+00
   7.6950e-01   1.5111e+00   1.0681e+00
   7.2168e-01   1.5346e+00   1.0698e+00
   6.7315e-01   1.5565e+00   1.0715e+00
   6.2396e-01   1.5769e+00   1.0732e+00
   5.7415e-01   1.5957e+00   1.0750e+00
   5.2377e-01   1.6130e+00   1.0767e+00
   4.7288e-01   1.6287e+00   1.0785e+00
   4.2152e-01   1.6427e+00   1.0803e+00
   3.6975e-01   1.6552e+00   1.0821e+00
   3.1761e-01   1.6660e+00   1.0839e+00
   2.6515e-01   1.6751e+00   1.0857e+00
   2.1244e-01   1.6826e+00   1.0876e+00
   1.5951e-01   1.6885e+00   1.0894e+00
   1.0643e-01   1.6927e+00   1.0913e+00
   5.3240e-02   1.6952e+00   1.0931e+00
  -7.4089e-08   1.6960e+00   1.0950e+00
  -5.3240e-02   1.6952e+00   1.0969e+00
  -1.0643e-01   1.6927e+00   1.0987e+00
  -1.5951e-01   1.6885e+00   1.1006e+00
  -2.1244e-01   1.6826e+00   1.1024e+00
  -2.6515e-01   1.6751e+00   1.1043e+00
  -3.1761e-01   1.6660e+00   1.1061e+00
  -3.6975e-01   1.6552e+00   1.1079e+00
  -4.2152e-01   1.6427e+00   1.1097e+00
  -4.7288e-01   1.6287e+00   1.1115e+00
  -5.2377e-01   1.6130e+00   1.1133e+00
  -5.7415e-01   1.5957e+00   1.1150e+00
  -6.2396e-01   1.5769e+00   1.1168e+00
  -6.7315e-01   1.5565e+00   1.1185e+00
  -7.2168e-01   1.5346e+00   1.1202e+00
  -7.6950e-01   1.5111e+00   1.1219e+00
  -8.1656e-01   1.4862e+00   1.1235e+00
  -8.6281e-01   1.4598e+00   1.1251e+00
  -9.0821e-01   1.4320e+00   1.1267e+00
  -9.5271e-01   1.4027e+00   1.1283e+00
  -9.9628e-01   1.3721e+00   1.1298e+00
  -1.0389e+00   1.3401e+00   1.1313e+00
  -1.0804e+00   1.3068e+00   1.1327e+00
  -1.1209e+00   1.2722e+00   1.1341e+00
  -1.1603e+00   1.2363e+00   1.1355e+00
  -1.1985e+00   1.1993e+00   1.1369e+00
  -1.2356e+00   1.1610e+00   1.1381e+00
  -1.2714e+00   1.1216e+00   1.1394e+00
  -1.3060e+00   1.0811e+00   1.1406e+00
  -1.3393e+00   1.0395e+00   1.1418e+00
  -1.3713e+00   9.9688e-01   1.1429e+00
  -1.4019e+00   9.5329e-01   1.1440e+00
  -1.4311e+00   9.0876e-01   1.1450e+00
  -1.4589e+00   8.6333e-01   1.1459e+00
  -1.4853e+00   8.1705e-01   1.1469e+00
  -1.5102e+00   7.6997e-01   1.1477e+00
  -1.5337e+00   7.2212e-01   1.1486e+00
  -1.5556e+00   6.7356e-01   1.1493e+00
  -1.5759e+00   6.2434e-01   1.1500e+00
  -1.5948e+00   5.7450e-01   1.1507e+00
  -1.6120e+00   5.2409e-01   1.1513e+00
  -1.6277e+00   4.7317e-01   1.1518e+00
  -1.6417e+00   4.2178e-01   1.1523e+00
  -1.6541e+00   3.6997e-01   1.1528e+00
  -1.6649e+00   3.1780e-01   1.1531e+00
  -1.6741e+00   2.6531e-01   1.1535e+00
  -1.6816e+00   2.1257e-01   1.1537e+00
  -1.6874e+00   1.5961e-01   1.1539e+00
  -1.6916e+00   1.0649e-01   1.1541e+00
  -1.6941e+00   5.3273e-02   1.1542e+00
  -1.6950e+00  -1.4827e-07   1.1542e+00
  -1.6941e+00  -5.3273e-02   1.1542e+00
  -1.6916e+00  -1.0649e-01   1.1541e+00
  -1.6874e+00  -1.5961e-01   1.1539e+00
  -1.6816e+00  -2.1257e-01   1.1537e+00
  -1.6741e+00  -2.6531e-01   1.1535e+00
  -1.6649e+00  -3.1780e-01   1.1531e+00
  -1.6541e+00  -3.6997e-01   1.1528e+00
  -1.6417e+00  -4.2178e-01   1.1523e+00
  -1.6277e+00  -4.7317e-01   1.1518e+00
  -1.6120e+00  -5.2409e-01   1.1513e+00
  -1.5948e+00  -5.7450e-01   1.1507e+00
  -1.5759e+00  -6.2434e-01   1.1500e+00
  -1.5556e+00  -6.7356e-01   1.1493e+00
  -1.5337e+00  -7.2212e-01   1.1486e+00
  -1.5102e+00  -7.6997e-01   1.1477e+00
  -1.4853e+00  -8.1705e-01   1.1469e+00
  -1.4589e+00  -8.6333e-01   1.1459e+00
  -1.4311e+00  -9.0876e-01   1.1450e+00
  -1.4019e+00  -9.5329e-01   1.1440e+00
  -1.3713e+00  -9.9688e-01   1.1429e+00
  -1.3393e+00  -1.0395e+00   1.1418e+00
  -1.3060e+00  -1.0811e+00   1.1406e+00
  -1.2714e+00  -1.1216e+00   1.1394e+00
  -1.2356e+00  -1.1610e+00   1.1381e+00
  -1.1985e+00  -1.1993e+00   1.1369e+00
  -1.1603e+00  -1.2363e+00   1.1355e+00
  -1.1209e+00  -1.2722e+00   1.1341e+00
  -1.0804e+00  -1.3068e+00   1.1327e+00
  -1.0389e+00  -1.3401e+00   1.1313e+00
  -9.9628e-01  -1.3721e+00   1.1298e+00
  -9.5271e-01  -1.4027e+00   1.1283e+00
  -9.0821e-01  -1.4320e+00   1.1267e+00
  -8.6281e-01  -1.4598e+00   1.1251e+00
  -8.1656e-01  -1.4862e+00   1.1235e+00
  -7.6950e-01  -1.5111e+00   1.1219e+00
  -7.2168e-01  -1.5346e+00   1.1202e+00
  -6.7315e-01  -1.5565e+00   1.1185e+00
  -6.2396e-01  -1.5769e+00   1.1168e+00
  -5.7415e-01  -1.5957e+00   1.1150e+00
  -5.2377e-01  -1.6130e+00   1.1133e+00
  -4.7288e-01  -1.6287e+00   1.1115e+00
  -4.2152e-01  -1.6427e+00   1.1097e+00
  -3.6975e-01  -1.6552e+00   1.1079e+00
  -3.1760e-01  -1.6660e+00   1.1061e+00
  -2.6515e-01  -1.6751e+00   1.1043e+00
  -2.1244e-01  -1.6826e+00   1.1024e+00
  -1.5951e-01  -1.6885e+00   1.1006e+00
  -1.0643e-01  -1.6927e+00   1.0987e+00
  -5.3240e-02  -1.6952e+00   1.0969e+00
   2.2227e-07  -1.6960e+00   1.0950e+00
   5.3240e-02  -1.6952e+00   1.0931e+00
   1.0643e-01  -1.6927e+00   1.0913e+00
   1.5951e-01  -1.6885e+00   1.0894e+00
   2.1244e-01  -1.6826e+00   1.0876e+00
   2.6515e-01  -1.6751e+00   1.0857e+00
   3.1761e-01  -1.6660e+00   1.0839e+00
   3.6975e-01  -1.6552e+00   1.0821e+00
   4.2152e-01  -1.6427e+00   1.0803e+00
   4.7288e-01  -1.6287e+00   1.0785e+00
   5.2377e-01  -1.6130e+00   1.0767e+00
   5.7415e-01  -1.5957e+00   1.0750e+00
   6.2396e-01  -1.5769e+00   1.0732e+00
   6.7315e-01  -1.5565e+00   1.0715e+00
   7.2168e-01  -1.5346e+00   1.0698e+00
   7.6950e-01  -1.5111e+00   1.0681e+00
   8.1656e-01  -1.4862e+00   1.0665e+00
   8.6281e-01  -1.4598e+00   1.0649e+00
   9.0821e-01  -1.4320e+00   1.0633e+00
   9.5271e-01  -1.4027e+00   1.0617e+00
   9.9628e-01  -1.3721e+00   1.0602e+00
   1.0389e+00  -1.3401e+00   1.0587e+00
   1.0804e+00  -1.3068e+00   1.0573e+00
   1.1209e+00  -1.2722e+00   1.0559e+00
   1.1603e+00  -1.2363e+00   1.0545e+00
   1.1985e+00  -1.1993e+00   1.0531e+00
   1.2356e+00  -1.1610e+00   1.0519e+00
   1.2714e+00  -1.1216e+00   1.0506e+00
   1.3060e+00  -1.0811e+00   1.0494e+00
   1.3393e+00  -1.0395e+00   1.0482e+00
   1.3713e+00  -9.9688e-01   1.0471e+00
   1.4019e+00  -9.5329e-01   1.0460e+00
   1.4311e+00  -9.0876e-01   1.0450e+00
   1.4589e+00  -8.6333e-01   1.0441e+00
   1.4853e+00  -8.1705e-01   1.0431e+00
   1.5102e+00  -7.6997e-01   1.0423e+00
   1.5337e+00  -7.2212e-01   1.0414e+00
   1.5556e+00  -6.7356e-01   1.0407e+00
   1.5759e+00  -6.2434e-01   1.0400e+00
   1.5948e+00  -5.7450e-01   1.0393e+00
   1.6120e+00  -5.2409e-01   1.0387e+00
   1.6277e+00  -4.7317e-01   1.0382e+00
   1.6417e+00  -4.2178e-01   1.0377e+00
   1.6541e+00  -3.6997e-01   1.0372e+00
   1.6649e+00  -3.1780e-01   1.0369e+00
   1.6741e+00  -2.6531e-01   1.0365e+00
   1.6816e+00  -2.1256e-01   1.0363e+00
   1.6874e+00  -1.5961e-01   1.0361e+00
   1.6916e+00  -1.0649e-01   1.0359e+00
   1.6941e+00  -5.3272e-02   1.0358e+00
   1.6950e+00   2.9654e-07   1.0358e+00
   1.6950e+00   0.0000e+00  -1.1342e+00
   1.6941e+00   5.3273e-02  -1.1342e+00
   1.6916e+00   1.0649e-01  -1.1341e+00
   1.6874e+00   1.5961e-01  -1.1339e+00
   1.6816e+00   2.1257e-01  -1.1337e+00
   1.6741e+00   2.6531e-01  -1.1335e+00
   1.6649e+00   3.1780e-01  -1.1331e+00
   1.6541e+00   3.6997e-01  -1.1328e+00
   1.6417e+00   4.2178e-01  -1.1323e+00
   1.6277e+00   4.7317e-01  -1.1318e+00
   1.6120e+00   5.2409e-01  -1.1313e+00
   1.5948e+00   5.7450e-01  -1.1307e+00
   1.5759e+00   6.2434e-01  -1.1300e+00
   1.5556e+00   6.7356e-01  -1.1293e+00
   1.5337e+00   7.2212e-01  -1.1286e+00
   1.5102e+00   7.6997e-01  -1.1277e+00
   1.4853e+00   8.1705e-01  -1.1269e+00
   1.4589e+00   8.6333e-01  -1.1259e+00
   1.4311e+00   9.0876e-01  -1.1250e+00
   1.4019e+00   9.5329e-01  -1.1240e+00
   1.3713e+00   9.9688e-01  -1.1229e+00
   1.3393e+00   1.0395e+00  -1.1218e+00
   1.3060e+00   1.0811e+00  -1.1206e+00
   1.2714e+00   1.1216e+00  -1.1194e+00
   1.2356e+00   1.1610e+00  -1.1181e+00
   1.1985e+00   1.1993e+00  -1.1169e+00
   1.1603e+00   1.2363e+00  -1.1155e+00
   1.1209e+00   1.2722e+00  -1.1141e+00
   1.0804e+00   1.3068e+00  -1.1127e+00
   1.0389e+00   1.3401e+00  -1.1113e+00
   9.9628e-01   1.3721e+00  -1.1098e+00
   9.5271e-01   1.4027e+00  -1.1083e+00
   9.0821e-01   1.4320e+00  -1.1067e+00
   8.6281e-01   1.4598e+00  -1.1051e+00
   8.1656e-01   1.4862e+00  -1.1035e+00
   7.6950e-01   1.5111e+00  -1.1019e+00
   7.2168e-01   1.5346e+00  -1.1002e+00
   6.7315e-01   1.5565e+00  -1.0985e+00
   6.2396e-01   1.5769e+00  -1.0968e+00
   5.7415e-01   1.5957e+00  -1.0950e+00
   5.2377e-01   1.6130e+00  -1.0933e+00
   4.7288e-01   1.6287e+00  -1.0915e+00
   4.2152e-01   1.6427e+00  -1.0897e+00
   3.6975e-01   1.6552e+00  -1.0879e+00
   3.1761e-01   1.6660e+00  -1.0861e+00
   2.6515e-01   1.6751e+00  -1.0843e+00
   2.1244e-01   1.6826e+00  -1.0824e+00
   1.5951e-01   1.6885e+00  -1.0806e+00
   1.0643e-01   1.6927e+00  -1.0787e+00
   5.3240e-02   1.6952e+00  -1.0769e+00
  -7.4089e-08   1.6960e+00  -1.0750e+00
  -5.3240e-02   1.6952e+00  -1.0731e+00
  -1.0643e-01   1.6927e+00  -1.0713e+00
  -1.5951e-01   1.6885e+00  -1.0694e+00
  -2.1244e-01   1.6826e+00  -1.0676e+00
  -2.6515e-01   1.6751e+00  -1.0657e+00
  -3.1761e-01   1.6660e+00  -1.0639e+00
  -3.6975e-01   1.6552e+00  -1.0621e+00
  -4.2152e-01   1.6427e+00  -1.0603e+00
  -4.7288e-01   1.6287e+00  -1.0585e+00
  -5.2377e-01   1.6130e+00  -1.0567e+00
  -5.7415e-01   1.5957e+00  -1.0550e+00
  -6.2396e-01   1.5769e+00  -1.0532e+00
  -6.7315e-01   1.5565e+00  -1.0515e+00
  -7.2168e-01   1.5346e+00  -1.0498e+00
  -7.6950e-01   1.5111e+00  -1.0481e+00
  -8.1656e-01   1.4862e+00  -1.0465e+00
  -8.6281e-01   1.4598e+00  -1.0449e+00
  -9.0821e-01   1.4320e+00  -1.0433e+00
  -9.5271e-01   1.4027e+00  -1.0417e+00
  -9.9628e-01   1.3721e+00  -1.0402e+00
  -1.0389e+00   1.3401e+00  -1.0387e+00
  -1.0804e+00   1.3068e+00  -1.0373e+00
  -1.1209e+00   1.2722e+00  -1.0359e+00
  -1.1603e+00   1.2363e+00  -1.0345e+00
  -1.1985e+00   1.1993e+00  -1.0331e+00
  -1.2356e+00   1.1610e+00  -1.0319e+00
  -1.2714e+00   1.1216e+00  -1.0306e+00
  -1.3060e+00   1.0811e+00  -1.0294e+00
  -1.3393e+00   1.0395e+00  -1.0282e+00
  -1.3713e+00   9.9688e-01  -1.0271e+00
  -1.4019e+00   9.5329e-01  -1.0260e+00
  -1.4311e+00   9.0876e-01  -1.0250e+00
  -1.4589e+00   8.6333e-01  -1.0241e+00
  -1.4853e+00   8.1705e-01  -1.0231e+00
  -1.5102e+00   7.6997e-01  -1.0223e+00
  -1.5337e+00   7.2212e-01  -1.0214e+00
  -1.5556e+00   6.7356e-01  -1.0207e+00
  -1.5759e+00   6.2434e-01  -1.0200e+00
  -1.5948e+00   5.7450e-01  -1.0193e+00
  -1.6120e+00   5.2409e-01  -1.0187e+00
  -1.6277e+00   4.7317e-01  -1.0182e+00
  -1.6417e+00   4.2178e-01  -1.0177e+00
  -1.6541e+00   3.6997e-01  -1.0172e+00
  -1.6649e+00   3.1780e-01  -1.0169e+00
  -1.6741e+00   2.6531e-01  -1.0165e+00
  -1.6816e+00   2.1257e-01  -1.0163e+00
  -1.6874e+00   1.5961e-01  -1.0161e+00
  -1.6916e+00   1.0649e-01  -1.0159e+00
  -1.6941e+00   5.3273e-02  -1.0158e+00
  -1.6950e+00  -1.4827e-07  -1.0158e+00
  -1.6941e+00  -5.3273e-02  -1.0158e+00
  -1.6916e+00  -1.0649e-01  -1.0159e+00
  -1.6874e+00  -1.5961e-01  -1.0161e+00
  -1.6816e+00  -2.1257e-01  -1.0163e+00
  -1.6741e+00  -2.6531e-01  -1.0165e+00
  -1.6649e+00  -3.1780e-01  -1.0169e+00
  -1.6541e+00  -3.6997e-01  -1.0172e+00
  -1.6417e+00  -4.2178e-01  -1.0177e+00
  -1.6277e+00  -4.7317e-01  -1.0182e+00
  -1.6120e+00  -5.2409e-01  -1.0187e+00
  -1.5948e+00  -5.7450e-01  -1.0193e+00
  -1.5759e+00  -6.2434e-01  -1.0200e+00
  -1.5556e+00  -6.7356e-01  -1.0207e+00
  -1.5337e+00  -7.2212e-01  -1.0214e+00
  -1.5102e+00  -7.6997e-01  -1.0223e+00
  -1.4853e+00  -8.1705e-01  -1.0231e+00
  -1.4589e+00  -8.6333e-01  -1.0241e+00
  -1.4311e+00  -9.0876e-01  -1.0250e+00
  -1.4019e+00  -9.5329e-01  -1.0260e+00
  -1.3713e+00  -9.9688e-01  -1.0271e+00
  -1.3393e+00  -1.0395e+00  -1.0282e+00
  -1.3060e+00  -1.0811e+00  -1.0294e+00
  -1.2714e+00  -1.1216e+00  -1.0306e+00
  -1.2356e+00  -1.1610e+00  -1.0319e+00
  -1.1985e+00  -1.1993e+00  -1.0331e+00
  -1.1603e+00  -1.2363e+00  -1.0345e+00
  -1.1209e+00  -1.2722e+00  -1.0359e+00
  -1.0804e+00  -1.3068e+00  -1.0373e+00
  -1.0389e+00  -1.3401e+00  -1.0387e+00
  -9.9628e-01  -1.3721e+00  -1.0402e+00
  -9.5271e-01  -1.4027e+00  -1.0417e+00
  -9.0821e-01  -1.4320e+00  -1.0433e+00
  -8.6281e-01  -1.4598e+00  -1.0449e+00
  -8.1656e-01  -1.4862e+00  -1.0465e+00
  -7.6950e-01  -1.5111e+00  -1.0481e+00
  -7.2168e-01  -1.5346e+00  -1.0498e+00
  -6.7315e-01  -1.5565e+00  -1.0515e+00
  -6.2396e-01  -1.5769e+00  -1.0532e+00
  -5.7415e-01  -1.5957e+00  -1.0550e+00
  -5.2377e-01  -1.6130e+00  -1.0567e+00
  -4.7288e-01  -1.6287e+00  -1.0585e+00
  -4.2152e-01  -1.6427e+00  -1.0603e+00
  -3.6975e-01  -1.6552e+00  -1.0621e+00
  -3.1760e-01  -1.6660e+00  -1.0639e+00
  -2.6515e-01  -1.6751e+00  -1.0657e+00
  -2.1244e-01  -1.6826e+00  -1.0676e+00
  -1.5951e-01  -1.6885e+00  -1.0694e+00
  -1.0643e-01  -1.6927e+00  -1.0713e+00
  -5.3240e-02  -1.6952e+00  -1.0731e+00
   2.2227e-07  -1.6960e+00  -1.0750e+00
   5.3240e-02  -1.6952e+00  -1.0769e+00
   1.0643e-01  -1.6927e+00  -1.0787e+00
   1.5951e-01  -1.6885e+00  -1.0806e+00
   2.1244e-01  -1.6826e+00  -1.0824e+00
   2.6515e-01  -1.6751e+00  -1.0843e+00
   3.1761e-01  -1.6660e+00  -1.0861e+00
   3.6975e-01  -1.6552e+00  -1.0879e+00
   4.2152e-01  -1.6427e+00  -1.0897e+00
   4.7288e-01  -1.6287e+00  -1.0915e+00
   5.2377e-01  -1.6130e+00  -1.0933e+00
   5.7415e-01  -1.5957e+00  -1.0950e+00
   6.2396e-01  -1.5769e+00  -1.0968e+00
   6.7315e-01  -1.5565e+00  -1.0985e+00
   7.2168e-01  -1.5346e+00  -1.1002e+00
   7.6950e-01  -1.5111e+00  -1.1019e+00
   8.1656e-01  -1.4862e+00  -1.1035e+00
   8.6281e-01  -1.4598e+00  -1.1051e+00
   9.0821e-01  -1.4320e+00  -1.1067e+00
   9.5271e-01  -1.4027e+00  -1.1083e+00
   9.9628e-01  -1.3721e+00  -1.1098e+00
   1.0389e+00  -1.3401e+00  -1.1113e+00
   1.0804e+00  -1.3068e+00  -1.1127e+00
   1.1209e+00  -1.2722e+00  -1.1141e+00
   1.1603e+00  -1.2363e+00  -1.1155e+00
   1.1985e+00  -1.1993e+00  -1.1169e+00
   1.2356e+00  -1.1610e+00  -1.1181e+00
   1.2714e+00  -1.1216e+00  -1.1194e+00
   1.3060e+00  -1.0811e+00  -1.1206e+00
   1.3393e+00  -1.0395e+00  -1.1218e+00
   1.3713e+00  -9.9688e-01  -1.1229e+00
   1.4019e+00  -9.5329e-01  -1.1240e+00
   1.4311e+00  -9.0876e-01  -1.1250e+00
   1.4589e+00  -8.6333e-01  -1.1259e+00
   1.4853e+00  -8.1705e-01  -1.1269e+00
   1.5102e+00  -7.6997e-01  -1.1277e+00
   1.5337e+00  -7.2212e-01  -1.1286e+00
   1.5556e+00  -6.7356e-01  -1.1293e+00
   1.5759e+00  -6.2434e-01  -1.1300e+00
   1.5948e+00  -5.7450e-01  -1.1307e+00
   1.6120e+00  -5.2409e-01  -1.1313e+00
   1.6277e+00  -4.7317e-01  -1.1318e+00
   1.6417e+00  -4.2178e-01  -1.1323e+00
   1.6541e+00  -3.6997e-01  -1.1328e+00
   1.6649e+00  -3.1780e-01  -1.1331e+00
   1.6741e+00  -2.6531e-01  -1.1335e+00
   1.6816e+00  -2.1256e-01  -1.1337e+00
   1.6874e+00  -1.5961e-01  -1.1339e+00
   1.6916e+00  -1.0649e-01  -1.1341e+00
   1.6941e+00  -5.3272e-02  -1.1342e+00
   1.6950e+00   2.9654e-07  -1.1342e+00
   1.6919e+00   0.0000e+00  -3.1267e+00
   1.6910e+00   5.3273e-02  -3.1268e+00
   1.6885e+00   1.0649e-01  -3.1269e+00
   1.6844e+00   1.5961e-01  -3.1272e+00
   1.6785e+00   2.1257e-01  -3.1276e+00
   1.6710e+00   2.6531e-01  -3.1281e+00
   1.6619e+00   3.1780e-01  -3.1288e+00
   1.6511e+00   3.6997e-01  -3.1295e+00
   1.6387e+00   4.2178e-01  -3.1304e+00
   1.6247e+00   4.7317e-01  -3.1314e+00
   1.6091e+00   5.2409e-01  -3.1325e+00
   1.5918e+00   5.7450e-01  -3.1337e+00
   1.5731e+00   6.2434e-01  -3.1350e+00
   1.5527e+00   6.7356e-01  -3.1364e+00
   1.5308e+00   7.2212e-01  -3.1380e+00
   1.5075e+00   7.6997e-01  -3.1396e+00
   1.4826e+00   8.1705e-01  -3.1413e+00
   1.4563e+00   8.6333e-01  -3.1432e+00
   1.4285e+00   9.0876e-01  -3.1451e+00
   1.3993e+00   9.5329e-01  -3.1472e+00
   1.3688e+00   9.9688e-01  -3.1493e+00
   1.3368e+00   1.0395e+00  -3.1515e+00
   1.3036e+00   1.0811e+00  -3.1538e+00
   1.2691e+00   1.1216e+00  -3.1563e+00
   1.2333e+00   1.1610e+00  -3.1588e+00
   1.1963e+00   1.1993e+00  -3.1613e+00
   1.1582e+00   1.2363e+00  -3.1640e+00
   1.1189e+00   1.2722e+00  -3.1668e+00
   1.0784e+00   1.3068e+00  -3.1696e+00
   1.0370e+00   1.3401e+00  -3.1725e+00
   9.9446e-01   1.3721e+00  -3.1755e+00
   9.5097e-01   1.4027e+00  -3.1785e+00
   9.0655e-01   1.4320e+00  -3.1816e+00
   8.6123e-01   1.4598e+00  -3.1848e+00
   8.1506e-01   1.4862e+00  -3.1880e+00
   7.6809e-01   1.5111e+00  -3.1913e+00
   7.2036e-01   1.5346e+00  -3.1946e+00
   6.7192e-01   1.5565e+00  -3.1980e+00
   6.2282e-01   1.5769e+00  -3.2014e+00
   5.7310e-01   1.5957e+00  -3.2049e+00
   5.2282e-01   1.6130e+00  -3.2084e+00
   4.7202e-01   1.6287e+00  -3.2120e+00
   4.2075e-01   1.6427e+00  -3.2156e+00
   3.6907e-01   1.6552e+00  -3.2192e+00
   3.1702e-01   1.6660e+00  -3.2228e+00
   2.6467e-01   1.6751e+00  -3.2265e+00
   2.1205e-01   1.6826e+00  -3.2302e+00
   1.5922e-01   1.6885e+00  -3.2339e+00
   1.0623e-01   1.6927e+00  -3.2376e+00
   5.3143e-02   1.6952e+00  -3.2413e+00
  -7.3954e-08   1.6960e+00  -3.2450e+00
  -5.3143e-02   1.6952e+00  -3.2487e+00
  -1.0623e-01   1.6927e+00  -3.2524e+00
  -1.5922e-01   1.6885e+00  -3.2561e+00
  -2.1205e-01   1.6826e+00  -3.2598e+00
  -2.6467e-01   1.6751e+00  -3.2635e+00
  -3.1702e-01   1.6660e+00  -3.2672e+00
  -3.6907e-01   1.6552e+00  -3.2708e+00
  -4.2075e-01   1.6427e+00  -3.2744e+00
  -4.7202e-01   1.6287e+00  -3.2780e+00
  -5.2282e-01   1.6130e+00  -3.2816e+00
  -5.7310e-01   1.5957e+00  -3.2851e+00
  -6.2282e-01   1.5769e+00  -3.2886e+00
  -6.7192e-01   1.5565e+00  -3.2920e+00
  -7.2036e-01   1.5346e+00  -3.2954e+00
  -7.6809e-01   1.5111e+00  -3.2987e+00
  -8.1506e-01   1.4862e+00  -3.3020e+00
  -8.6123e-01   1.4598e+00  -3.3052e+00
  -9.0655e-01   1.4320e+00  -3.3084e+00
  -9.5097e-01   1.4027e+00  -3.3115e+00
  -9.9446e-01   1.3721e+00  -3.3145e+00
  -1.0370e+00   1.3401e+00  -3.3175e+00
  -1.0784e+00   1.3068e+00  -3.3204e+00
  -1.1189e+00   1.2722e+00  -3.3232e+00
  -1.1582e+00   1.2363e+00  -3.3260e+00
  -1.1963e+00   1.1993e+00  -3.3287e+00
  -1.2333e+00   1.1610e+00  -3.3312e+00
  -1.2691e+00   1.1216e+00  -3.3337e+00
  -1.3036e+00   1.0811e+00  -3.3362e+00
  -1.3368e+00   1.0395e+00  -3.3385e+00
  -1.3688e+00   9.9688e-01  -3.3407e+00
  -1.3993e+00   9.5329e-01  -3.3428e+00
  -1.4285e+00   9.0876e-01  -3.3449e+00
  -1.4563e+00   8.6333e-01  -3.3468e+00
  -1.4826e+00   8.1705e-01  -3.3487e+00
  -1.5075e+00   7.6997e-01  -3.3504e+00
  -1.5308e+00   7.2212e-01  -3.3520e+00
  -1.5527e+00   6.7356e-01  -3.3536e+00
  -1.5731e+00   6.2434e-01  -3.3550e+00
  -1.5918e+00   5.7450e-01  -3.3563e+00
  -1.6091e+00   5.2409e-01  -3.3575e+00
  -1.6247e+00   4.7317e-01  -3.3586e+00
  -1.6387e+00   4.2178e-01  -3.3596e+00
  -1.6511e+00   3.6997e-01  -3.3605e+00
  -1.6619e+00   3.1780e-01  -3.3612e+00
  -1.6710e+00   2.6531e-01  -3.3619e+00
  -1.6785e+00   2.1257e-01  -3.3624e+00
  -1.6844e+00   1.5961e-01  -3.3628e+00
  -1.6885e+00   1.0649e-01  -3.3631e+00
  -1.6910e+00   5.3273e-02  -3.3632e+00
  -1.6919e+00  -1.4827e-07  -3.3633e+00
  -1.6910e+00  -5.3273e-02  -3.3632e+00
  -1.6885e+00  -1.0649e-01  -3.3631e+00
  -1.6844e+00  -1.5961e-01  -3.3628e+00
  -1.6785e+00  -2.1257e-01  -3.3624e+00
  -1.6710e+00  -2.6531e-01  -3.3619e+00
  -1.6619e+00  -3.1780e-01  -3.3612e+00
  -1.6511e+00  -3.6997e-01  -3.3605e+00
  -1.6387e+00  -4.2178e-01  -3.3596e+00
  -1.6247e+00  -4.7317e-01  -3.3586e+00
  -1.6091e+00  -5.2409e-01  -3.3575e+00
  -1.5918e+00  -5.7450e-01  -3.3563e+00
  -1.5731e+00  -6.2434e-01  -3.3550e+00
  -1.5527e+00  -6.7356e-01  -3.3536e+00
  -1.5308e+00  -7.2212e-01  -3.3520e+00
  -1.5075e+00  -7.6997e-01  -3.3504e+00
  -1.4826e+00  -8.1705e-01  -3.3487e+00
  -1.4563e+00  -8.6333e-01  -3.3468e+00
  -1.4285e+00  -9.0876e-01  -3.3449e+00
  -1.3993e+00  -9.5329e-01  -3.3428e+00
  -1.3688e+00  -9.9688e-01  -3.3407e+00
  -1.3368e+00  -1.0395e+00  -3.3385e+00
  -1.3036e+00  -1.0811e+00  -3.3362e+00
  -1.2691e+00  -1.1216e+00  -3.3337e+00
  -1.2333e+00  -1.1610e+00  -3.3312e+00
  -1.1963e+00  -1.1993e+00  -3.3287e+00
  -1.1582e+00  -1.2363e+00  -3.3260e+00
  -1.1189e+00  -1.2722e+00  -3.3232e+00
  -1.0784e+00  -1.3068e+00  -3.3204e+00
  -1.0370e+00  -1.3401e+00  -3.3175e+00
  -9.9446e-01  -1.3721e+00  -3.3145e+00
  -9.5097e-01  -1.4027e+00  -3.3115e+00
  -9.0655e-01  -1.4320e+00  -3.3084e+00
  -8.6123e-01  -1.4598e+00  -3.3052e+00
  -8.1506e-01  -1.4862e+00  -3.3020e+00
  -7.6809e-01  -1.5111e+00  -3.2987e+00
  -7.2036e-01  -1.5346e+00  -3.2954e+00
  -6.7192e-01  -1.5565e+00  -3.2920e+00
  -6.2282e-01  -1.5769e+00  -3.2886e+00
  -5.7310e-01  -1.5957e+00  -3.2851e+00
  -5.2282e-01  -1.6130e+00  -3.2816e+00
  -4.7202e-01  -1.6287e+00  -3.2780e+00
  -4.2075e-01  -1.6427e+00  -3.2744e+00
  -3.6907e-01  -1.6552e+00  -3.2708e+00
  -3.1702e-01  -1.6660e+00  -3.2672e+00
  -2.6467e-01  -1.6751e+00  -3.2635e+00
  -2.1205e-01  -1.6826e+00  -3.2598e+00
  -1.5922e-01  -1.6885e+00  -3.2561e+00
  -1.0623e-01  -1.6927e+00  -3.2524e+00
  -5.3143e-02  -1.6952e+00  -3.2487e+00
   2.2186e-07  -1.6960e+00  -3.2450e+00
   5.3143e-02  -1.6952e+00  -3.2413e+00
   1.0623e-01  -1.6927e+00  -3.2376e+00
   1.5922e-01  -1.6885e+00  -3.2339e+00
   2.1205e-01  -1.6826e+00  -3.2302e+00
   2.6467e-01  -1.6751e+00  -3.2265e+00
   3.1702e-01  -1.6660e+00  -3.2228e+00
   3.6907e-01  -1.6552e+00  -3.2192e+00
   4.2075e-01  -1.6427e+00  -3.2156e+00
   4.7202e-01  -1.6287e+00  -3.2120e+00
   5.2282e-01  -1.6130e+00  -3.2084e+00
   5.7310e-01  -1.5957e+00  -3.2049e+00
   6.2282e-01  -1.5769e+00  -3.2014e+00
   6.7192e-01  -1.5565e+00  -3.1980e+00
   7.2036e-01  -1.5346e+00  -3.1946e+00
   7.6809e-01  -1.5111e+00  -3.1913e+00
   8.1506e-01  -1.4862e+00  -3.1880e+00
   8.6123e-01  -1.4598e+00  -3.1848e+00
   9.0655e-01  -1.4320e+00  -3.1816e+00
   9.5097e-01  -1.4027e+00  -3.1785e+00
   9.9446e-01  -1.3721e+00  -3.1755e+00
   1.0370e+00  -1.3401e+00  -3.1725e+00
   1.0784e+00  -1.3068e+00  -3.1696e+00
   1.1189e+00  -1.2722e+00  -3.1668e+00
   1.1582e+00  -1.2363e+00  -3.1640e+00
   1.1963e+00  -1.1993e+00  -3.1613e+00
   1.2333e+00  -1.1610e+00  -3.1588e+00
   1.2691e+00  -1.1216e+00  -3.1563e+00
   1.3036e+00  -1.0811e+00  -3.1538e+00
   1.3368e+00  -1.0395e+00  -3.1515e+00
   1.3688e+00  -9.9688e-01  -3.1493e+00
   1.3993e+00  -9.5329e-01  -3.1472e+00
   1.4285e+00  -9.0876e-01  -3.1451e+00
   1.4563e+00  -8.6333e-01  -3.1432e+00
   1.4826e+00  -8.1705e-01  -3.1413e+00
   1.5075e+00  -7.6997e-01  -3.1396e+00
   1.5308e+00  -7.2212e-01  -3.1380e+00
   1.5527e+00  -6.7356e-01  -3.1364e+00
   1.5731e+00  -6.2434e-01  -3.1350e+00
   1.5918e+00  -5.7450e-01  -3.1337e+00
   1.6091e+00  -5.2409e-01  -3.1325e+00
   1.6247e+00  -4.7317e-01  -3.1314e+00
   1.6387e+00  -4.2178e-01  -3.1304e+00
   1.6511e+00  -3.6997e-01  -3.1295e+00
   1.6619e+00  -3.1780e-01  -3.1288e+00
   1.6710e+00  -2.6531e-01  -3.1281e+00
   1.6785e+00  -2.1256e-01  -3.1276e+00
   1.6844e+00  -1.5961e-01  -3.1272e+00
   1.6885e+00  -1.0649e-01  -3.1269e+00
   1.6910e+00  -5.3272e-02  -3.1268e+00
   1.6919e+00   2.9654e-07  -3.1267e+00
   1.3960e+00   0.0000e+00  -5.4150e+00
   1.3952e+00   5.3273e-02  -5.4150e+00
   1.3927e+00   1.0649e-01  -5.4150e+00
   1.3885e+00   1.5961e-01  -5.4150e+00
   1.3826e+00   2.1257e-01  -5.4150e+00
   1.3751e+00   2.6531e-01  -5.4150e+00
   1.3660e+00   3.1780e-01  -5.4150e+00
   1.3552e+00   3.6997e-01  -5.4150e+00
   1.3427e+00   4.2178e-01  -5.4150e+00
   1.3287e+00   4.7317e-01  -5.4150e+00
   1.3130e+00   5.2409e-01  -5.4150e+00
   1.2957e+00   5.7450e-01  -5.4150e+00
   1.2769e+00   6.2434e-01  -5.4150e+00
   1.2565e+00   6.7356e-01  -5.4150e+00
   1.2346e+00   7.2212e-01  -5.4150e+00
   1.2111e+00   7.6997e-01  -5.4150e+00
   1.1862e+00   8.1705e-01  -5.4150e+00
   1.1598e+00   8.6333e-01  -5.4150e+00
   1.1320e+00   9.0876e-01  -5.4150e+00
   1.1027e+00   9.5329e-01  -5.4150e+00
   1.0721e+00   9.9688e-01  -5.4150e+00
   1.0401e+00   1.0395e+00  -5.4150e+00
   1.0068e+00   1.0811e+00  -5.4150e+00
   9.7219e-01   1.1216e+00  -5.4150e+00
   9.3633e-01   1.1610e+00  -5.4150e+00
   8.9925e-01   1.1993e+00  -5.4150e+00
   8.6099e-01   1.2363e+00  -5.4150e+00
   8.2158e-01   1.2722e+00  -5.4150e+00
   7.8107e-01   1.3068e+00  -5.4150e+00
   7.3949e-01   1.3401e+00  -5.4150e+00
   6.9688e-01   1.3721e+00  -5.4150e+00
   6.5329e-01   1.4027e+00  -5.4150e+00
   6.0876e-01   1.4320e+00  -5.4150e+00
   5.6333e-01   1.4598e+00  -5.4150e+00
   5.1705e-01   1.4862e+00  -5.4150e+00
   4.6997e-01   1.5111e+00  -5.4150e+00
   4.2212e-01   1.5346e+00  -5.4150e+00
   3.7356e-01   1.5565e+00  -5.4150e+00
   3.2434e-01   1.5769e+00  -5.4150e+00
   2.7450e-01   1.5957e+00  -5.4150e+00
   2.2409e-01   1.6130e+00  -5.4150e+00
   1.7317e-01   1.6287e+00  -5.4150e+00
   1.2178e-01   1.6427e+00  -5.4150e+00
   6.9971e-02   1.6552e+00  -5.4150e+00
   1.7799e-02   1.6660e+00  -5.4150e+00
  -3.4687e-02   1.6751e+00  -5.4150e+00
  -8.7435e-02   1.6826e+00  -5.4150e+00
  -1.4039e-01   1.6885e+00  -5.4150e+00
  -1.9351e-01   1.6927e+00  -5.4150e+00
  -2.4673e-01   1.6952e+00  -5.4150e+00
  -3.0000e-01   1.6960e+00  -5.4150e+00
  -3.5327e-01   1.6952e+00  -5.4150e+00
  -4.0649e-01   1.6927e+00  -5.4150e+00
  -4.5961e-01   1.6885e+00  -5.4150e+00
  -5.1257e-01   1.6826e+00  -5.4150e+00
  -5.6531e-01   1.6751e+00  -5.4150e+00
  -6.1780e-01   1.6660e+00  -5.4150e+00
  -6.6997e-01   1.6552e+00  -5.4150e+00
  -7.2178e-01   1.6427e+00  -5.4150e+00
  -7.7317e-01   1.6287e+00  -5.4150e+00
  -8.2409e-01   1.6130e+00  -5.4150e+00
  -8.7450e-01   1.5957e+00  -5.4150e+00
  -9.2434e-01   1.5769e+00  -5.4150e+00
  -9.7356e-01   1.5565e+00  -5.4150e+00
  -1.0221e+00   1.5346e+00  -5.4150e+00
  -1.0700e+00   1.5111e+00  -5.4150e+00
  -1.1171e+00   1.4862e+00  -5.4150e+00
  -1.1633e+00   1.4598e+00  -5.4150e+00
  -1.2088e+00   1.4320e+00  -5.4150e+00
  -1.2533e+00   1.4027e+00  -5.4150e+00
  -1.2969e+00   1.3721e+00  -5.4150e+00
  -1.3395e+00   1.3401e+00  -5.4150e+00
  -1.3811e+00   1.3068e+00  -5.4150e+00
  -1.4216e+00   1.2722e+00  -5.4150e+00
  -1.4610e+00   1.2363e+00  -5.4150e+00
  -1.4993e+00   1.1993e+00  -5.4150e+00
  -1.5363e+00   1.1610e+00  -5.4150e+00
  -1.5722e+00   1.1216e+00  -5.4150e+00
  -1.6068e+00   1.0811e+00  -5.4150e+00
  -1.6401e+00   1.0395e+00  -5.4150e+00
  -1.6721e+00   9.9688e-01  -5.4150e+00
  -1.7027e+00   9.5329e-01  -5.4150e+00
  -1.7320e+00   9.0876e-01  -5.4150e+00
  -1.7598e+00   8.6333e-01  -5.4150e+00
  -1.7862e+00   8.1705e-01  -5.4150e+00
  -1.8111e+00   7.6997e-01  -5.4150e+00
  -1.8346e+00   7.2212e-01  -5.4150e+00
  -1.8565e+00   6.7356e-01  -5.4150e+00
  -1.8769e+00   6.2434e-01  -5.4150e+00
  -1.8957e+00   5.7450e-01  -5.4150e+00
  -1.9130e+00   5.2409e-01  -5.4150e+00
  -1.9287e+00   4.7317e-01  -5.4150e+00
  -1.9427e+00   4.2178e-01  -5.4150e+00
  -1.9552e+00   3.6997e-01  -5.4150e+00
  -1.9660e+00   3.1780e-01  -5.4150e+00
  -1.9751e+00   2.6531e-01  -5.4150e+00
  -1.9826e+00   2.1257e-01  -5.4150e+00
  -1.9885e+00   1.5961e-01  -5.4150e+00
  -1.9927e+00   1.0649e-01  -5.4150e+00
  -1.9952e+00   5.3273e-02  -5.4150e+00
  -1.9960e+00  -1.4827e-07  -5.4150e+00
  -1.9952e+00  -5.3273e-02  -5.4150e+00
  -1.9927e+00  -1.0649e-01  -5.4150e+00
  -1.9885e+00  -1.5961e-01  -5.4150e+00
  -1.9826e+00  -2.1257e-01  -5.4150e+00
  -1.9751e+00  -2.6531e-01  -5.4150e+00
  -1.9660e+00  -3.1780e-01  -5.4150e+00
  -1.9552e+00  -3.6997e-01  -5.4150e+00
  -1.9427e+00  -4.2178e-01  -5.4150e+00
  -1.9287e+00  -4.7317e-01  -5.4150e+00
  -1.9130e+00  -5.2409e-01  -5.4150e+00
  -1.8957e+00  -5.7450e-01  -5.4150e+00
  -1.8769e+00  -6.2434e-01  -5.4150e+00
  -1.8565e+00  -6.7356e-01  -5.4150e+00
  -1.8346e+00  -7.2212e-01  -5.4150e+00
  -1.8111e+00  -7.6997e-01  -5.4150e+00
  -1.7862e+00  -8.1705e-01  -5.4150e+00
  -1.7598e+00  -8.6333e-01  -5.4150e+00
  -1.7320e+00  -9.0876e-01  -5.4150e+00
  -1.7027e+00  -9.5329e-01  -5.4150e+00
  -1.6721e+00  -9.9688e-01  -5.4150e+00
  -1.6401e+00  -1.0395e+00  -5.4150e+00
  -1.6068e+00  -1.0811e+00  -5.4150e+00
  -1.5722e+00  -1.1216e+00  -5.4150e+00
  -1.5363e+00  -1.1610e+00  -5.4150e+00
  -1.4993e+00  -1.1993e+00  -5.4150e+00
  -1.4610e+00  -1.2363e+00  -5.4150e+00
  -1.4216e+00  -1.2722e+00  -5.4150e+00
  -1.3811e+00  -1.3068e+00  -5.4150e+00
  -1.3395e+00  -1.3401e+00  -5.4150e+00
  -1.2969e+00  -1.3721e+00  -5.4150e+00
  -1.2533e+00  -1.4027e+00  -5.4150e+00
  -1.2088e+00  -1.4320e+00  -5.4150e+00
  -1.1633e+00  -1.4598e+00  -5.4150e+00
  -1.1171e+00  -1.4862e+00  -5.4150e+00
  -1.0700e+00  -1.5111e+00  -5.4150e+00
  -1.0221e+00  -1.5346e+00  -5.4150e+00
  -9.7356e-01  -1.5565e+00  -5.4150e+00
  -9.2434e-01  -1.5769e+00  -5.4150e+00
  -8.7450e-01  -1.5957e+00  -5.4150e+00
  -8.2409e-01  -1.6130e+00  -5.4150e+00
  -7.7317e-01  -1.6287e+00  -5.4150e+00
  -7.2178e-01  -1.6427e+00  -5.4150e+00
  -6.6997e-01  -1.6552e+00  -5.4150e+00
  -6.1780e-01  -1.6660e+00  -5.4150e+00
  -5.6531e-01  -1.6751e+00  -5.4150e+00
  -5.1256e-01  -1.6826e+00  -5.4150e+00
  -4.5961e-01  -1.6885e+00  -5.4150e+00
  -4.0649e-01  -1.6927e+00  -5.4150e+00
  -3.5327e-01  -1.6952e+00  -5.4150e+00
  -3.0000e-01  -1.6960e+00  -5.4150e+00
  -2.4673e-01  -1.6952e+00  -5.4150e+00
  -1.9351e-01  -1.6927e+00  -5.4150e+00
  -1.4039e-01  -1.6885e+00  -5.4150e+00
  -8.7435e-02  -1.6826e+00  -5.4150e+00
  -3.4687e-02  -1.6751e+00  -5.4150e+00
   1.7799e-02  -1.6660e+00  -5.4150e+00
   6.9971e-02  -1.6552e+00  -5.4150e+00
   1.2178e-01  -1.6427e+00  -5.4150e+00
   1.7317e-01  -1.6287e+00  -5.4150e+00
   2.2409e-01  -1.6130e+00  -5.4150e+00
   2.7450e-01  -1.5957e+00  -5.4150e+00
   3.2434e-01  -1.5769e+00  -5.4150e+00
   3.7356e-01  -1.5565e+00  -5.4150e+00
   4.2212e-01  -1.5346e+00  -5.4150e+00
   4.6997e-01  -1.5111e+00  -5.4150e+00
   5.1705e-01  -1.4862e+00  -5.4150e+00
   5.6333e-01  -1.4598e+00  -5.4150e+00
   6.0876e-01  -1.4320e+00  -5.4150e+00
   6.5329e-01  -1.4027e+00  -5.4150e+00
   6.9688e-01  -1.3721e+00  -5.4150e+00
   7.3949e-01  -1.3401e+00  -5.4150e+00
   7.8107e-01  -1.3068e+00  -5.4150e+00
   8.2159e-01  -1.2722e+00  -5.4150e+00
   8.6099e-01  -1.2363e+00  -5.4150e+00
   8.9925e-01  -1.1993e+00  -5.4150e+00
   9.3633e-01  -1.1610e+00  -5.4150e+00
   9.7219e-01  -1.1216e+00  -5.4150e+00
   1.0068e+00  -1.0811e+00  -5.4150e+00
   1.0401e+00  -1.0395e+00  -5.4150e+00
   1.0721e+00  -9.9688e-01  -5.4150e+00
   1.1027e+00  -9.5329e-01  -5.4150e+00
   1.1320e+00  -9.0876e-01  -5.4150e+00
   1.1598e+00  -8.6333e-01  -5.4150e+00
   1.1862e+00  -8.1705e-01  -5.4150e+00
   1.2111e+00  -7.6997e-01  -5.4150e+00
   1.2346e+00  -7.2212e-01  -5.4150e+00
   1.2565e+00  -6.7356e-01  -5.4150e+00
   1.2769e+00  -6.2434e-01  -5.4150e+00
   1.2957e+00  -5.7450e-01  -5.4150e+00
   1.3130e+00  -5.2409e-01  -5.4150e+00
   1.3287e+00  -4.7317e-01  -5.4150e+00
   1.3427e+00  -4.2178e-01  -5.4150e+00
   1.3552e+00  -3.6997e-01  -5.4150e+00
   1.3660e+00  -3.1780e-01  -5.4150e+00
   1.3751e+00  -2.6531e-01  -5.4150e+00
   1.3826e+00  -2.1256e-01  -5.4150e+00
   1.3885e+00  -1.5961e-01  -5.4150e+00
   1.3927e+00  -1.0649e-01  -5.4150e+00
   1.3952e+00  -5.3272e-02  -5.4150e+00
   1.3960e+00   2.9654e-07  -5.4150e+00
