    6    1  301    2
   8.5423e-01   1.5397e+00  -4.8260e-01
   8.3813e-01   1.5485e+00  -4.8260e-01
   8.2194e-01   1.5572e+00  -4.8260e-01
   8.0567e-01   1.5657e+00  -4.8260e-01
   7.8930e-01   1.5740e+00  -4.8260e-01
   7.7286e-01   1.5821e+00  -4.8260e-01
   7.5632e-01   1.5901e+00  -4.8260e-01
   7.3971e-01   1.5979e+00  -4.8260e-01
   7.2301e-01   1.6055e+00  -4.8260e-01
   7.0624e-01   1.6130e+00  -4.8260e-01
   6.8938e-01   1.6202e+00  -4.8260e-01
   6.7246e-01   1.6273e+00  -4.8260e-01
   6.5546e-01   1.6343e+00  -4.8260e-01
   6.3839e-01   1.6410e+00  -4.8260e-01
   6.2125e-01   1.6476e+00  -4.8260e-01
   6.0404e-01   1.6540e+00  -4.8260e-01
   5.8677e-01   1.6602e+00  -4.8260e-01
   5.6943e-01   1.6662e+00  -4.8260e-01
   5.5203e-01   1.6720e+00  -4.8260e-01
   5.3457e-01   1.6777e+00  -4.8260e-01
   5.1706e-01   1.6832e+00  -4.8260e-01
   4.9948e-01   1.6885e+00  -4.8260e-01
   4.8186e-01   1.6936e+00  -4.8260e-01
   4.6418e-01   1.6985e+00  -4.8260e-01
   4.4645e-01   1.7033e+00  -4.8260e-01
   4.2867e-01   1.7078e+00  -4.8260e-01
   4.1084e-01   1.7122e+00  -4.8260e-01
   3.9297e-01   1.7164e+00  -4.8260e-01
   3.7506e-01   1.7204e+00  -4.8260e-01
   3.5711e-01   1.7242e+00  -4.8260e-01
   3.3911e-01   1.7278e+00  -4.8260e-01
   3.2109e-01   1.7313e+00  -4.8260e-01
   3.0302e-01   1.7345e+00  -4.8260e-01
   2.8493e-01   1.7376e+00  -4.8260e-01
   2.6680e-01   1.7405e+00  -4.8260e-01
   2.4864e-01   1.7432e+00  -4.8260e-01
   2.3046e-01   1.7457e+00  -4.8260e-01
   2.1225e-01   1.7480e+00  -4.8260e-01
   1.9402e-01   1.7501e+00  -4.8260e-01
   1.7576e-01   1.7520e+00  -4.8260e-01
   1.5749e-01   1.7537e+00  -4.8260e-01
   1.3920e-01   1.7553e+00  -4.8260e-01
   1.2090e-01   1.7566e+00  -4.8260e-01
   1.0258e-01   1.7578e+00  -4.8260e-01
   8.4253e-02   1.7588e+00  -4.8260e-01
   6.5915e-02   1.7596e+00  -4.8260e-01
   4.7570e-02   1.7602e+00  -4.8260e-01
   2.9220e-02   1.7606e+00  -4.8260e-01
   1.0867e-02   1.7608e+00  -4.8260e-01
  -7.4870e-03   1.7608e+00  -4.8260e-01
  -2.5840e-02   1.7606e+00  -4.8260e-01
  -4.4191e-02   1.7602e+00  -4.8260e-01
  -6.2537e-02   1.7597e+00  -4.8260e-01
  -8.0876e-02   1.7589e+00  -4.8260e-01
  -9.9206e-02   1.7580e+00  -4.8260e-01
  -1.1753e-01   1.7569e+00  -4.8260e-01
  -1.3583e-01   1.7556e+00  -4.8260e-01
  -1.5412e-01   1.7540e+00  -4.8260e-01
  -1.7240e-01   1.7523e+00  -4.8260e-01
  -1.9066e-01   1.7505e+00  -4.8260e-01
  -2.0889e-01   1.7484e+00  -4.8260e-01
  -2.2711e-01   1.7461e+00  -4.8260e-01
  -2.4529e-01   1.7436e+00  -4.8260e-01
  -2.6346e-01   1.7410e+00  -4.8260e-01
  -2.8159e-01   1.7381e+00  -4.8260e-01
  -2.9969e-01   1.7351e+00  -4.8260e-01
  -3.1776e-01   1.7319e+00  -4.8260e-01
  -3.3580e-01   1.7285e+00  -4.8260e-01
  -3.5380e-01   1.7249e+00  -4.8260e-01
  -3.7176e-01   1.7211e+00  -4.8260e-01
  -3.8968e-01   1.7171e+00  -4.8260e-01
  -4.0755e-01   1.7130e+00  -4.8260e-01
  -4.2539e-01   1.7086e+00  -4.8260e-01
  -4.4317e-01   1.7041e+00  -4.8260e-01
  -4.6091e-01   1.6994e+00  -4.8260e-01
  -4.7860e-01   1.6945e+00  -4.8260e-01
  -4.9624e-01   1.6894e+00  -4.8260e-01
  -5.1382e-01   1.6842e+00  -4.8260e-01
  -5.3135e-01   1.6787e+00  -4.8260e-01
  -5.4882e-01   1.6731e+00  -4.8260e-01
  -5.6623e-01   1.6673e+00  -4.8260e-01
  -5.8358e-01   1.6613e+00  -4.8260e-01
  -6.0086e-01   1.6551e+00  -4.8260e-01
  -6.1808e-01   1.6488e+00  -4.8260e-01
  -6.3524e-01   1.6422e+00  -4.8260e-01
  -6.3524e-01   1.6422e+00  -4.6609e-01
  -6.3524e-01   1.6422e+00  -4.4958e-01
  -6.3524e-01   1.6422e+00  -4.3307e-01
  -6.3524e-01   1.6422e+00  -4.1656e-01
  -6.3524e-01   1.6422e+00  -4.0005e-01
  -6.3524e-01   1.6422e+00  -3.8354e-01
  -6.3524e-01   1.6422e+00  -3.6703e-01
  -6.3524e-01   1.6422e+00  -3.5052e-01
  -6.3524e-01   1.6422e+00  -3.3401e-01
  -6.3524e-01   1.6422e+00  -3.1750e-01
  -6.5149e-01   1.6358e+00  -3.1750e-01
  -6.6768e-01   1.6293e+00  -3.1750e-01
  -6.8380e-01   1.6226e+00  -3.1750e-01
  -6.9986e-01   1.6157e+00  -3.1750e-01
  -7.1585e-01   1.6087e+00  -3.1750e-01
  -7.3176e-01   1.6015e+00  -3.1750e-01
  -7.4761e-01   1.5942e+00  -3.1750e-01
  -7.6338e-01   1.5867e+00  -3.1750e-01
  -7.7908e-01   1.5791e+00  -3.1750e-01
  -7.9470e-01   1.5713e+00  -3.1750e-01
  -8.1024e-01   1.5633e+00  -3.1750e-01
  -8.1024e-01   1.5633e+00  -2.9986e-01
  -8.1024e-01   1.5633e+00  -2.8222e-01
  -8.1024e-01   1.5633e+00  -2.6458e-01
  -8.1024e-01   1.5633e+00  -2.4694e-01
  -8.1024e-01   1.5633e+00  -2.2931e-01
  -8.1024e-01   1.5633e+00  -2.1167e-01
  -8.1024e-01   1.5633e+00  -1.9403e-01
  -8.1024e-01   1.5633e+00  -1.7639e-01
  -8.1024e-01   1.5633e+00  -1.5875e-01
  -8.1024e-01   1.5633e+00  -1.4111e-01
  -8.1024e-01   1.5633e+00  -1.2347e-01
  -8.1024e-01   1.5633e+00  -1.0583e-01
  -8.1024e-01   1.5633e+00  -8.8194e-02
  -8.1024e-01   1.5633e+00  -7.0556e-02
  -8.1024e-01   1.5633e+00  -5.2917e-02
  -8.1024e-01   1.5633e+00  -3.5278e-02
  -8.1024e-01   1.5633e+00  -1.7639e-02
  -8.1024e-01   1.5633e+00  -2.9802e-08
  -8.1024e-01   1.5633e+00   1.7639e-02
  -8.1024e-01   1.5633e+00   3.5278e-02
  -8.1024e-01   1.5633e+00   5.2917e-02
  -8.1024e-01   1.5633e+00   7.0556e-02
  -8.1024e-01   1.5633e+00   8.8194e-02
  -8.1024e-01   1.5633e+00   1.0583e-01
  -8.1024e-01   1.5633e+00   1.2347e-01
  -8.1024e-01   1.5633e+00   1.4111e-01
  -8.1024e-01   1.5633e+00   1.5875e-01
  -8.1024e-01   1.5633e+00   1.7639e-01
  -8.1024e-01   1.5633e+00   1.9403e-01
  -8.1024e-01   1.5633e+00   2.1167e-01
  -8.1024e-01   1.5633e+00   2.2931e-01
  -8.1024e-01   1.5633e+00   2.4694e-01
  -8.1024e-01   1.5633e+00   2.6458e-01
  -8.1024e-01   1.5633e+00   2.8222e-01
  -8.1024e-01   1.5633e+00   2.9986e-01
  -8.1024e-01   1.5633e+00   3.1750e-01
  -7.9470e-01   1.5713e+00   3.1750e-01
  -7.7908e-01   1.5791e+00   3.1750e-01
  -7.6338e-01   1.5867e+00   3.1750e-01
  -7.4761e-01   1.5942e+00   3.1750e-01
  -7.3176e-01   1.6015e+00   3.1750e-01
  -7.1585e-01   1.6087e+00   3.1750e-01
  -6.9986e-01   1.6157e+00   3.1750e-01
  -6.8380e-01   1.6226e+00   3.1750e-01
  -6.6768e-01   1.6293e+00   3.1750e-01
  -6.5149e-01   1.6358e+00   3.1750e-01
  -6.3524e-01   1.6422e+00   3.1750e-01
  -6.3524e-01   1.6422e+00   3.3401e-01
  -6.3524e-01   1.6422e+00   3.5052e-01
  -6.3524e-01   1.6422e+00   3.6703e-01
  -6.3524e-01   1.6422e+00   3.8354e-01
  -6.3524e-01   1.6422e+00   4.0005e-01
  -6.3524e-01   1.6422e+00   4.1656e-01
  -6.3524e-01   1.6422e+00   4.3307e-01
  -6.3524e-01   1.6422e+00   4.4958e-01
  -6.3524e-01   1.6422e+00   4.6609e-01
  -6.3524e-01   1.6422e+00   4.8260e-01
  -6.1808e-01   1.6488e+00   4.8260e-01
  -6.0086e-01   1.6551e+00   4.8260e-01
  -5.8358e-01   1.6613e+00   4.8260e-01
  -5.6623e-01   1.6673e+00   4.8260e-01
  -5.4882e-01   1.6731e+00   4.8260e-01
  -5.3135e-01   1.6787e+00   4.8260e-01
  -5.1382e-01   1.6842e+00   4.8260e-01
  -4.9624e-01   1.6894e+00   4.8260e-01
  -4.7860e-01   1.6945e+00   4.8260e-01
  -4.6091e-01   1.6994e+00   4.8260e-01
  -4.4317e-01   1.7041e+00   4.8260e-01
  -4.2539e-01   1.7086e+00   4.8260e-01
  -4.0755e-01   1.7130e+00   4.8260e-01
  -3.8968e-01   1.7171e+00   4.8260e-01
  -3.7176e-01   1.7211e+00   4.8260e-01
  -3.5380e-01   1.7249e+00   4.8260e-01
  -3.3580e-01   1.7285e+00   4.8260e-01
  -3.1776e-01   1.7319e+00   4.8260e-01
  -2.9969e-01   1.7351e+00   4.8260e-01
  -2.8159e-01   1.7381e+00   4.8260e-01
  -2.6346e-01   1.7410e+00   4.8260e-01
  -2.4529e-01   1.7436e+00   4.8260e-01
  -2.2711e-01   1.7461e+00   4.8260e-01
  -2.0889e-01   1.7484e+00   4.8260e-01
  -1.9066e-01   1.7505e+00   4.8260e-01
  -1.7240e-01   1.7523e+00   4.8260e-01
  -1.5412e-01   1.7540e+00   4.8260e-01
  -1.3583e-01   1.7556e+00   4.8260e-01
  -1.1753e-01   1.7569e+00   4.8260e-01
  -9.9206e-02   1.7580e+00   4.8260e-01
  -8.0876e-02   1.7589e+00   4.8260e-01
  -6.2537e-02   1.7597e+00   4.8260e-01
  -4.4191e-02   1.7602e+00   4.8260e-01
  -2.5840e-02   1.7606e+00   4.8260e-01
  -7.4870e-03   1.7608e+00   4.8260e-01
   1.0867e-02   1.7608e+00   4.8260e-01
   2.9220e-02   1.7606e+00   4.8260e-01
   4.7570e-02   1.7602e+00   4.8260e-01
   6.5915e-02   1.7596e+00   4.8260e-01
   8.4253e-02   1.7588e+00   4.8260e-01
   1.0258e-01   1.7578e+00   4.8260e-01
   1.2090e-01   1.7566e+00   4.8260e-01
   1.3920e-01   1.7553e+00   4.8260e-01
   1.5749e-01   1.7537e+00   4.8260e-01
   1.7576e-01   1.7520e+00   4.8260e-01
   1.9402e-01   1.7501e+00   4.8260e-01
   2.1225e-01   1.7480e+00   4.8260e-01
   2.3046e-01   1.7457e+00   4.8260e-01
   2.4864e-01   1.7432e+00   4.8260e-01
   2.6680e-01   1.7405e+00   4.8260e-01
   2.8493e-01   1.7376e+00   4.8260e-01
   3.0302e-01   1.7345e+00   4.8260e-01
   3.2109e-01   1.7313e+00   4.8260e-01
   3.3911e-01   1.7278e+00   4.8260e-01
   3.5711e-01   1.7242e+00   4.8260e-01
   3.7506e-01   1.7204e+00   4.8260e-01
   3.9297e-01   1.7164e+00   4.8260e-01
   4.1084e-01   1.7122e+00   4.8260e-01
   4.2867e-01   1.7078e+00   4.8260e-01
   4.4645e-01   1.7033e+00   4.8260e-01
   4.6418e-01   1.6985e+00   4.8260e-01
   4.8186e-01   1.6936e+00   4.8260e-01
   4.9948e-01   1.6885e+00   4.8260e-01
   5.1706e-01   1.6832e+00   4.8260e-01
   5.3457e-01   1.6777e+00   4.8260e-01
   5.5203e-01   1.6720e+00   4.8260e-01
   5.6943e-01   1.6662e+00   4.8260e-01
   5.8677e-01   1.6602e+00   4.8260e-01
   6.0404e-01   1.6540e+00   4.8260e-01
   6.2125e-01   1.6476e+00   4.8260e-01
   6.3839e-01   1.6410e+00   4.8260e-01
   6.5546e-01   1.6343e+00   4.8260e-01
   6.7246e-01   1.6273e+00   4.8260e-01
   6.8938e-01   1.6202e+00   4.8260e-01
   7.0624e-01   1.6130e+00   4.8260e-01
   7.2301e-01   1.6055e+00   4.8260e-01
   7.3971e-01   1.5979e+00   4.8260e-01
   7.5632e-01   1.5901e+00   4.8260e-01
   7.7286e-01   1.5821e+00   4.8260e-01
   7.8930e-01   1.5740e+00   4.8260e-01
   8.0567e-01   1.5657e+00   4.8260e-01
   8.2194e-01   1.5572e+00   4.8260e-01
   8.3813e-01   1.5485e+00   4.8260e-01
   8.5423e-01   1.5397e+00   4.8260e-01
   8.5423e-01   1.5397e+00   4.6473e-01
   8.5423e-01   1.5397e+00   4.4685e-01
   8.5423e-01   1.5397e+00   4.2898e-01
   8.5423e-01   1.5397e+00   4.1110e-01
   8.5423e-01   1.5397e+00   3.9323e-01
   8.5423e-01   1.5397e+00   3.7536e-01
   8.5423e-01   1.5397e+00   3.5748e-01
   8.5423e-01   1.5397e+00   3.3961e-01
   8.5423e-01   1.5397e+00   3.2173e-01
   8.5423e-01   1.5397e+00   3.0386e-01
   8.5423e-01   1.5397e+00   2.8599e-01
   8.5423e-01   1.5397e+00   2.6811e-01
   8.5423e-01   1.5397e+00   2.5024e-01
   8.5423e-01   1.5397e+00   2.3236e-01
   8.5423e-01   1.5397e+00   2.1449e-01
   8.5423e-01   1.5397e+00   1.9661e-01
   8.5423e-01   1.5397e+00   1.7874e-01
   8.5423e-01   1.5397e+00   1.6087e-01
   8.5423e-01   1.5397e+00   1.4299e-01
   8.5423e-01   1.5397e+00   1.2512e-01
   8.5423e-01   1.5397e+00   1.0724e-01
   8.5423e-01   1.5397e+00   8.9370e-02
   8.5423e-01   1.5397e+00   7.1496e-02
   8.5423e-01   1.5397e+00   5.3622e-02
   8.5423e-01   1.5397e+00   3.5748e-02
   8.5423e-01   1.5397e+00   1.7874e-02
   8.5423e-01   1.5397e+00   0.0000e+00
   8.5423e-01   1.5397e+00  -1.7874e-02
   8.5423e-01   1.5397e+00  -3.5748e-02
   8.5423e-01   1.5397e+00  -5.3622e-02
   8.5423e-01   1.5397e+00  -7.1496e-02
   8.5423e-01   1.5397e+00  -8.9370e-02
   8.5423e-01   1.5397e+00  -1.0724e-01
   8.5423e-01   1.5397e+00  -1.2512e-01
   8.5423e-01   1.5397e+00  -1.4299e-01
   8.5423e-01   1.5397e+00  -1.6087e-01
   8.5423e-01   1.5397e+00  -1.7874e-01
   8.5423e-01   1.5397e+00  -1.9661e-01
   8.5423e-01   1.5397e+00  -2.1449e-01
   8.5423e-01   1.5397e+00  -2.3236e-01
   8.5423e-01   1.5397e+00  -2.5024e-01
   8.5423e-01   1.5397e+00  -2.6811e-01
   8.5423e-01   1.5397e+00  -2.8599e-01
   8.5423e-01   1.5397e+00  -3.0386e-01
   8.5423e-01   1.5397e+00  -3.2173e-01
   8.5423e-01   1.5397e+00  -3.3961e-01
   8.5423e-01   1.5397e+00  -3.5748e-01
   8.5423e-01   1.5397e+00  -3.7536e-01
   8.5423e-01   1.5397e+00  -3.9323e-01
   8.5423e-01   1.5397e+00  -4.1110e-01
   8.5423e-01   1.5397e+00  -4.2898e-01
   8.5423e-01   1.5397e+00  -4.4685e-01
   8.5423e-01   1.5397e+00  -4.6473e-01
   8.5423e-01   1.5397e+00  -4.8260e-01
   1.7463e+00   2.2526e-01  -4.8260e-01
   1.7437e+00   2.4473e-01  -4.8260e-01
   1.7409e+00   2.6416e-01  -4.8260e-01
   1.7378e+00   2.8356e-01  -4.8260e-01
   1.7345e+00   3.0293e-01  -4.8260e-01
   1.7311e+00   3.2226e-01  -4.8260e-01
   1.7274e+00   3.4155e-01  -4.8260e-01
   1.7234e+00   3.6080e-01  -4.8260e-01
   1.7193e+00   3.8000e-01  -4.8260e-01
   1.7150e+00   3.9916e-01  -4.8260e-01
   1.7104e+00   4.1826e-01  -4.8260e-01
   1.7056e+00   4.3732e-01  -4.8260e-01
   1.7006e+00   4.5632e-01  -4.8260e-01
   1.6955e+00   4.7526e-01  -4.8260e-01
   1.6900e+00   4.9414e-01  -4.8260e-01
   1.6844e+00   5.1297e-01  -4.8260e-01
   1.6786e+00   5.3172e-01  -4.8260e-01
   1.6726e+00   5.5042e-01  -4.8260e-01
   1.6663e+00   5.6904e-01  -4.8260e-01
   1.6599e+00   5.8759e-01  -4.8260e-01
   1.6532e+00   6.0607e-01  -4.8260e-01
   1.6463e+00   6.2448e-01  -4.8260e-01
   1.6393e+00   6.4280e-01  -4.8260e-01
   1.6320e+00   6.6105e-01  -4.8260e-01
   1.6245e+00   6.7921e-01  -4.8260e-01
   1.6169e+00   6.9729e-01  -4.8260e-01
   1.6090e+00   7.1528e-01  -4.8260e-01
   1.6009e+00   7.3319e-01  -4.8260e-01
   1.5926e+00   7.5100e-01  -4.8260e-01
   1.5841e+00   7.6872e-01  -4.8260e-01
   1.5755e+00   7.8634e-01  -4.8260e-01
   1.5666e+00   8.0387e-01  -4.8260e-01
   1.5575e+00   8.2129e-01  -4.8260e-01
   1.5483e+00   8.3862e-01  -4.8260e-01
   1.5388e+00   8.5584e-01  -4.8260e-01
   1.5292e+00   8.7295e-01  -4.8260e-01
   1.5193e+00   8.8995e-01  -4.8260e-01
   1.5093e+00   9.0685e-01  -4.8260e-01
   1.4991e+00   9.2363e-01  -4.8260e-01
   1.4887e+00   9.4029e-01  -4.8260e-01
   1.4781e+00   9.5684e-01  -4.8260e-01
   1.4674e+00   9.7327e-01  -4.8260e-01
   1.4564e+00   9.8958e-01  -4.8260e-01
   1.4453e+00   1.0058e+00  -4.8260e-01
   1.4340e+00   1.0218e+00  -4.8260e-01
   1.4225e+00   1.0378e+00  -4.8260e-01
   1.4108e+00   1.0536e+00  -4.8260e-01
   1.3990e+00   1.0692e+00  -4.8260e-01
   1.3870e+00   1.0848e+00  -4.8260e-01
   1.3748e+00   1.1002e+00  -4.8260e-01
   1.3624e+00   1.1154e+00  -4.8260e-01
   1.3499e+00   1.1306e+00  -4.8260e-01
   1.3372e+00   1.1456e+00  -4.8260e-01
   1.3243e+00   1.1604e+00  -4.8260e-01
   1.3113e+00   1.1751e+00  -4.8260e-01
   1.2981e+00   1.1897e+00  -4.8260e-01
   1.2848e+00   1.2041e+00  -4.8260e-01
   1.2713e+00   1.2183e+00  -4.8260e-01
   1.2576e+00   1.2324e+00  -4.8260e-01
   1.2438e+00   1.2464e+00  -4.8260e-01
   1.2298e+00   1.2602e+00  -4.8260e-01
   1.2157e+00   1.2738e+00  -4.8260e-01
   1.2014e+00   1.2873e+00  -4.8260e-01
   1.1869e+00   1.3006e+00  -4.8260e-01
   1.1724e+00   1.3138e+00  -4.8260e-01
   1.1576e+00   1.3268e+00  -4.8260e-01
   1.1428e+00   1.3396e+00  -4.8260e-01
   1.1277e+00   1.3523e+00  -4.8260e-01
   1.1126e+00   1.3648e+00  -4.8260e-01
   1.0973e+00   1.3771e+00  -4.8260e-01
   1.0819e+00   1.3892e+00  -4.8260e-01
   1.0663e+00   1.4012e+00  -4.8260e-01
   1.0663e+00   1.4012e+00  -4.6426e-01
   1.0663e+00   1.4012e+00  -4.4591e-01
   1.0663e+00   1.4012e+00  -4.2757e-01
   1.0663e+00   1.4012e+00  -4.0922e-01
   1.0663e+00   1.4012e+00  -3.9088e-01
   1.0663e+00   1.4012e+00  -3.7253e-01
   1.0663e+00   1.4012e+00  -3.5419e-01
   1.0663e+00   1.4012e+00  -3.3584e-01
   1.0663e+00   1.4012e+00  -3.1750e-01
   1.0520e+00   1.4120e+00  -3.1750e-01
   1.0376e+00   1.4226e+00  -3.1750e-01
   1.0230e+00   1.4331e+00  -3.1750e-01
   1.0084e+00   1.4435e+00  -3.1750e-01
   9.9366e-01   1.4536e+00  -3.1750e-01
   9.7882e-01   1.4637e+00  -3.1750e-01
   9.6387e-01   1.4736e+00  -3.1750e-01
   9.4883e-01   1.4833e+00  -3.1750e-01
   9.3369e-01   1.4929e+00  -3.1750e-01
   9.1845e-01   1.5023e+00  -3.1750e-01
   9.0312e-01   1.5116e+00  -3.1750e-01
   8.8769e-01   1.5207e+00  -3.1750e-01
   8.8769e-01   1.5207e+00  -2.9919e-01
   8.8769e-01   1.5207e+00  -2.8088e-01
   8.8769e-01   1.5207e+00  -2.6257e-01
   8.8769e-01   1.5207e+00  -2.4426e-01
   8.8769e-01   1.5207e+00  -2.2595e-01
   8.8769e-01   1.5207e+00  -2.0765e-01
   8.8769e-01   1.5207e+00  -1.8934e-01
   8.8769e-01   1.5207e+00  -1.7103e-01
   8.8769e-01   1.5207e+00  -1.5272e-01
   8.8769e-01   1.5207e+00  -1.3441e-01
   8.8769e-01   1.5207e+00  -1.1610e-01
   8.8769e-01   1.5207e+00  -9.7790e-02
   8.8769e-01   1.5207e+00  -7.9481e-02
   8.8769e-01   1.5207e+00  -6.1172e-02
   8.8769e-01   1.5207e+00  -4.2863e-02
   8.8769e-01   1.5207e+00  -2.4553e-02
   8.8769e-01   1.5207e+00  -6.2442e-03
   8.8769e-01   1.5207e+00   1.2065e-02
   8.8769e-01   1.5207e+00   3.0374e-02
   8.8769e-01   1.5207e+00   4.8683e-02
   8.8769e-01   1.5207e+00   6.6992e-02
   8.8769e-01   1.5207e+00   8.5302e-02
   8.8769e-01   1.5207e+00   1.0361e-01
   8.8769e-01   1.5207e+00   1.2192e-01
   8.8769e-01   1.5207e+00   1.4023e-01
   8.8769e-01   1.5207e+00   1.5854e-01
   8.8769e-01   1.5207e+00   1.7685e-01
   8.8769e-01   1.5207e+00   1.9516e-01
   8.8769e-01   1.5207e+00   2.1347e-01
   8.8769e-01   1.5207e+00   2.3178e-01
   8.8769e-01   1.5207e+00   2.5008e-01
   8.8769e-01   1.5207e+00   2.6839e-01
   8.8769e-01   1.5207e+00   2.8670e-01
   8.8769e-01   1.5207e+00   3.0501e-01
   8.8769e-01   1.5207e+00   3.2332e-01
   8.8769e-01   1.5207e+00   3.4163e-01
   9.0315e-01   1.5115e+00   3.4163e-01
   9.1852e-01   1.5022e+00   3.4163e-01
   9.3379e-01   1.4928e+00   3.4163e-01
   9.4897e-01   1.4832e+00   3.4163e-01
   9.6404e-01   1.4735e+00   3.4163e-01
   9.7902e-01   1.4635e+00   3.4163e-01
   9.9389e-01   1.4535e+00   3.4163e-01
   1.0087e+00   1.4433e+00   3.4163e-01
   1.0233e+00   1.4329e+00   3.4163e-01
   1.0379e+00   1.4224e+00   3.4163e-01
   1.0523e+00   1.4117e+00   3.4163e-01
   1.0667e+00   1.4009e+00   3.4163e-01
   1.0809e+00   1.3900e+00   3.4163e-01
   1.0809e+00   1.3900e+00   3.5925e-01
   1.0809e+00   1.3900e+00   3.7687e-01
   1.0809e+00   1.3900e+00   3.9449e-01
   1.0809e+00   1.3900e+00   4.1212e-01
   1.0809e+00   1.3900e+00   4.2974e-01
   1.0809e+00   1.3900e+00   4.4736e-01
   1.0809e+00   1.3900e+00   4.6498e-01
   1.0809e+00   1.3900e+00   4.8260e-01
   1.0961e+00   1.3780e+00   4.8260e-01
   1.1112e+00   1.3659e+00   4.8260e-01
   1.1262e+00   1.3535e+00   4.8260e-01
   1.1410e+00   1.3411e+00   4.8260e-01
   1.1557e+00   1.3284e+00   4.8260e-01
   1.1703e+00   1.3156e+00   4.8260e-01
   1.1847e+00   1.3027e+00   4.8260e-01
   1.1990e+00   1.2895e+00   4.8260e-01
   1.2131e+00   1.2763e+00   4.8260e-01
   1.2271e+00   1.2628e+00   4.8260e-01
   1.2409e+00   1.2492e+00   4.8260e-01
   1.2546e+00   1.2355e+00   4.8260e-01
   1.2681e+00   1.2216e+00   4.8260e-01
   1.2815e+00   1.2076e+00   4.8260e-01
   1.2947e+00   1.1934e+00   4.8260e-01
   1.3077e+00   1.1791e+00   4.8260e-01
   1.3206e+00   1.1646e+00   4.8260e-01
   1.3334e+00   1.1500e+00   4.8260e-01
   1.3460e+00   1.1353e+00   4.8260e-01
   1.3584e+00   1.1204e+00   4.8260e-01
   1.3706e+00   1.1054e+00   4.8260e-01
   1.3827e+00   1.0902e+00   4.8260e-01
   1.3946e+00   1.0749e+00   4.8260e-01
   1.4064e+00   1.0595e+00   4.8260e-01
   1.4179e+00   1.0440e+00   4.8260e-01
   1.4294e+00   1.0283e+00   4.8260e-01
   1.4406e+00   1.0125e+00   4.8260e-01
   1.4516e+00   9.9658e-01   4.8260e-01
   1.4625e+00   9.8054e-01   4.8260e-01
   1.4732e+00   9.6438e-01   4.8260e-01
   1.4838e+00   9.4810e-01   4.8260e-01
   1.4941e+00   9.3171e-01   4.8260e-01
   1.5043e+00   9.1521e-01   4.8260e-01
   1.5143e+00   8.9860e-01   4.8260e-01
   1.5241e+00   8.8187e-01   4.8260e-01
   1.5337e+00   8.6504e-01   4.8260e-01
   1.5431e+00   8.4811e-01   4.8260e-01
   1.5523e+00   8.3107e-01   4.8260e-01
   1.5614e+00   8.1393e-01   4.8260e-01
   1.5703e+00   7.9670e-01   4.8260e-01
   1.5789e+00   7.7936e-01   4.8260e-01
   1.5874e+00   7.6194e-01   4.8260e-01
   1.5957e+00   7.4442e-01   4.8260e-01
   1.6038e+00   7.2681e-01   4.8260e-01
   1.6117e+00   7.0911e-01   4.8260e-01
   1.6194e+00   6.9132e-01   4.8260e-01
   1.6269e+00   6.7346e-01   4.8260e-01
   1.6342e+00   6.5551e-01   4.8260e-01
   1.6414e+00   6.3748e-01   4.8260e-01
   1.6483e+00   6.1937e-01   4.8260e-01
   1.6550e+00   6.0119e-01   4.8260e-01
   1.6615e+00   5.8294e-01   4.8260e-01
   1.6678e+00   5.6461e-01   4.8260e-01
   1.6739e+00   5.4622e-01   4.8260e-01
   1.6799e+00   5.2776e-01   4.8260e-01
   1.6856e+00   5.0924e-01   4.8260e-01
   1.6911e+00   4.9065e-01   4.8260e-01
   1.6964e+00   4.7201e-01   4.8260e-01
   1.7015e+00   4.5331e-01   4.8260e-01
   1.7063e+00   4.3455e-01   4.8260e-01
   1.7110e+00   4.1574e-01   4.8260e-01
   1.7155e+00   3.9688e-01   4.8260e-01
   1.7198e+00   3.7797e-01   4.8260e-01
   1.7238e+00   3.5902e-01   4.8260e-01
   1.7277e+00   3.4002e-01   4.8260e-01
   1.7313e+00   3.2099e-01   4.8260e-01
   1.7347e+00   3.0191e-01   4.8260e-01
   1.7379e+00   2.8280e-01   4.8260e-01
   1.7410e+00   2.6365e-01   4.8260e-01
   1.7438e+00   2.4447e-01   4.8260e-01
   1.7463e+00   2.2526e-01   4.8260e-01
   1.7463e+00   2.2526e-01   4.6494e-01
   1.7463e+00   2.2526e-01   4.4728e-01
   1.7463e+00   2.2526e-01   4.2962e-01
   1.7463e+00   2.2526e-01   4.1196e-01
   1.7463e+00   2.2526e-01   3.9430e-01
   1.7463e+00   2.2526e-01   3.7663e-01
   1.7463e+00   2.2526e-01   3.5897e-01
   1.7463e+00   2.2526e-01   3.4131e-01
   1.7463e+00   2.2526e-01   3.2365e-01
   1.7463e+00   2.2526e-01   3.0599e-01
   1.7463e+00   2.2526e-01   2.8833e-01
   1.7463e+00   2.2526e-01   2.7067e-01
   1.7463e+00   2.2526e-01   2.5301e-01
   1.7463e+00   2.2526e-01   2.3535e-01
   1.7463e+00   2.2526e-01   2.1769e-01
   1.7463e+00   2.2526e-01   2.0002e-01
   1.7485e+00   2.0744e-01   2.0002e-01
   1.7506e+00   1.8960e-01   2.0002e-01
   1.7524e+00   1.7174e-01   2.0002e-01
   1.7541e+00   1.5386e-01   2.0002e-01
   1.7555e+00   1.3597e-01   2.0002e-01
   1.7568e+00   1.1806e-01   2.0002e-01
   1.7580e+00   1.0014e-01   2.0002e-01
   1.7589e+00   8.2212e-02   2.0002e-01
   1.7596e+00   6.4273e-02   2.0002e-01
   1.7602e+00   4.6327e-02   2.0002e-01
   1.7606e+00   2.8377e-02   2.0002e-01
   1.7608e+00   1.0423e-02   2.0002e-01
   1.7608e+00  -7.5313e-03   2.0002e-01
   1.7608e+00  -7.5313e-03   1.8184e-01
   1.7608e+00  -7.5313e-03   1.6366e-01
   1.7608e+00  -7.5313e-03   1.4547e-01
   1.7608e+00  -7.5313e-03   1.2729e-01
   1.7608e+00  -7.5313e-03   1.0910e-01
   1.7608e+00  -7.5313e-03   9.0920e-02
   1.7608e+00  -7.5313e-03   7.2736e-02
   1.7608e+00  -7.5313e-03   5.4552e-02
   1.7608e+00  -7.5313e-03   3.6368e-02
   1.7608e+00  -7.5313e-03   1.8184e-02
   1.7608e+00  -7.5313e-03   0.0000e+00
   1.7608e+00  -7.5313e-03  -1.8184e-02
   1.7608e+00  -7.5313e-03  -3.6368e-02
   1.7608e+00  -7.5313e-03  -5.4552e-02
   1.7608e+00  -7.5313e-03  -7.2736e-02
   1.7608e+00  -7.5313e-03  -9.0920e-02
   1.7608e+00  -7.5313e-03  -1.0910e-01
   1.7608e+00  -7.5313e-03  -1.2729e-01
   1.7608e+00  -7.5313e-03  -1.4547e-01
   1.7608e+00  -7.5313e-03  -1.6366e-01
   1.7608e+00  -7.5313e-03  -1.8184e-01
   1.7608e+00  -7.5313e-03  -2.0002e-01
   1.7608e+00   1.0423e-02  -2.0002e-01
   1.7606e+00   2.8377e-02  -2.0002e-01
   1.7602e+00   4.6327e-02  -2.0002e-01
   1.7596e+00   6.4273e-02  -2.0002e-01
   1.7589e+00   8.2212e-02  -2.0002e-01
   1.7580e+00   1.0014e-01  -2.0002e-01
   1.7568e+00   1.1806e-01  -2.0002e-01
   1.7555e+00   1.3597e-01  -2.0002e-01
   1.7541e+00   1.5386e-01  -2.0002e-01
   1.7524e+00   1.7174e-01  -2.0002e-01
   1.7506e+00   1.8960e-01  -2.0002e-01
   1.7485e+00   2.0744e-01  -2.0002e-01
   1.7463e+00   2.2526e-01  -2.0002e-01
   1.7463e+00   2.2526e-01  -2.1769e-01
   1.7463e+00   2.2526e-01  -2.3535e-01
   1.7463e+00   2.2526e-01  -2.5301e-01
   1.7463e+00   2.2526e-01  -2.7067e-01
   1.7463e+00   2.2526e-01  -2.8833e-01
   1.7463e+00   2.2526e-01  -3.0599e-01
   1.7463e+00   2.2526e-01  -3.2365e-01
   1.7463e+00   2.2526e-01  -3.4131e-01
   1.7463e+00   2.2526e-01  -3.5897e-01
   1.7463e+00   2.2526e-01  -3.7663e-01
   1.7463e+00   2.2526e-01  -3.9430e-01
   1.7463e+00   2.2526e-01  -4.1196e-01
   1.7463e+00   2.2526e-01  -4.2962e-01
   1.7463e+00   2.2526e-01  -4.4728e-01
   1.7463e+00   2.2526e-01  -4.6494e-01
   1.7463e+00   2.2526e-01  -4.8260e-01
   1.0728e+00  -1.3963e+00  -4.8260e-01
   1.0878e+00  -1.3846e+00  -4.8260e-01
   1.1027e+00  -1.3728e+00  -4.8260e-01
   1.1174e+00  -1.3608e+00  -4.8260e-01
   1.1321e+00  -1.3486e+00  -4.8260e-01
   1.1466e+00  -1.3363e+00  -4.8260e-01
   1.1610e+00  -1.3239e+00  -4.8260e-01
   1.1752e+00  -1.3112e+00  -4.8260e-01
   1.1893e+00  -1.2985e+00  -4.8260e-01
   1.2032e+00  -1.2856e+00  -4.8260e-01
   1.2171e+00  -1.2725e+00  -4.8260e-01
   1.2307e+00  -1.2593e+00  -4.8260e-01
   1.2443e+00  -1.2459e+00  -4.8260e-01
   1.2576e+00  -1.2324e+00  -4.8260e-01
   1.2709e+00  -1.2187e+00  -4.8260e-01
   1.2840e+00  -1.2049e+00  -4.8260e-01
   1.2969e+00  -1.1910e+00  -4.8260e-01
   1.3097e+00  -1.1769e+00  -4.8260e-01
   1.3223e+00  -1.1627e+00  -4.8260e-01
   1.3348e+00  -1.1483e+00  -4.8260e-01
   1.3471e+00  -1.1339e+00  -4.8260e-01
   1.3593e+00  -1.1192e+00  -4.8260e-01
   1.3713e+00  -1.1045e+00  -4.8260e-01
   1.3832e+00  -1.0896e+00  -4.8260e-01
   1.3949e+00  -1.0746e+00  -4.8260e-01
   1.4064e+00  -1.0595e+00  -4.8260e-01
   1.4178e+00  -1.0442e+00  -4.8260e-01
   1.4289e+00  -1.0289e+00  -4.8260e-01
   1.4400e+00  -1.0134e+00  -4.8260e-01
   1.4508e+00  -9.9774e-01  -4.8260e-01
   1.4615e+00  -9.8201e-01  -4.8260e-01
   1.4721e+00  -9.6617e-01  -4.8260e-01
   1.4824e+00  -9.5021e-01  -4.8260e-01
   1.4926e+00  -9.3414e-01  -4.8260e-01
   1.5026e+00  -9.1797e-01  -4.8260e-01
   1.5124e+00  -9.0168e-01  -4.8260e-01
   1.5221e+00  -8.8529e-01  -4.8260e-01
   1.5315e+00  -8.6880e-01  -4.8260e-01
   1.5408e+00  -8.5221e-01  -4.8260e-01
   1.5500e+00  -8.3551e-01  -4.8260e-01
   1.5589e+00  -8.1872e-01  -4.8260e-01
   1.5676e+00  -8.0184e-01  -4.8260e-01
   1.5762e+00  -7.8486e-01  -4.8260e-01
   1.5846e+00  -7.6778e-01  -4.8260e-01
   1.5928e+00  -7.5062e-01  -4.8260e-01
   1.6008e+00  -7.3337e-01  -4.8260e-01
   1.6086e+00  -7.1604e-01  -4.8260e-01
   1.6163e+00  -6.9862e-01  -4.8260e-01
   1.6237e+00  -6.8112e-01  -4.8260e-01
   1.6310e+00  -6.6354e-01  -4.8260e-01
   1.6381e+00  -6.4589e-01  -4.8260e-01
   1.6449e+00  -6.2816e-01  -4.8260e-01
   1.6516e+00  -6.1035e-01  -4.8260e-01
   1.6581e+00  -5.9247e-01  -4.8260e-01
   1.6644e+00  -5.7453e-01  -4.8260e-01
   1.6705e+00  -5.5652e-01  -4.8260e-01
   1.6765e+00  -5.3844e-01  -4.8260e-01
   1.6822e+00  -5.2030e-01  -4.8260e-01
   1.6877e+00  -5.0210e-01  -4.8260e-01
   1.6930e+00  -4.8384e-01  -4.8260e-01
   1.6982e+00  -4.6552e-01  -4.8260e-01
   1.7031e+00  -4.4715e-01  -4.8260e-01
   1.7078e+00  -4.2873e-01  -4.8260e-01
   1.7123e+00  -4.1026e-01  -4.8260e-01
   1.7167e+00  -3.9174e-01  -4.8260e-01
   1.7208e+00  -3.7317e-01  -4.8260e-01
   1.7247e+00  -3.5456e-01  -4.8260e-01
   1.7285e+00  -3.3591e-01  -4.8260e-01
   1.7320e+00  -3.1722e-01  -4.8260e-01
   1.7353e+00  -2.9849e-01  -4.8260e-01
   1.7384e+00  -2.7973e-01  -4.8260e-01
   1.7414e+00  -2.6094e-01  -4.8260e-01
   1.7441e+00  -2.4211e-01  -4.8260e-01
   1.7441e+00  -2.4211e-01  -4.6494e-01
   1.7441e+00  -2.4211e-01  -4.4728e-01
   1.7441e+00  -2.4211e-01  -4.2962e-01
   1.7441e+00  -2.4211e-01  -4.1196e-01
   1.7441e+00  -2.4211e-01  -3.9430e-01
   1.7441e+00  -2.4211e-01  -3.7663e-01
   1.7441e+00  -2.4211e-01  -3.5897e-01
   1.7441e+00  -2.4211e-01  -3.4131e-01
   1.7441e+00  -2.4211e-01  -3.2365e-01
   1.7441e+00  -2.4211e-01  -3.0599e-01
   1.7441e+00  -2.4211e-01  -2.8833e-01
   1.7441e+00  -2.4211e-01  -2.7067e-01
   1.7441e+00  -2.4211e-01  -2.5301e-01
   1.7441e+00  -2.4211e-01  -2.3535e-01
   1.7441e+00  -2.4211e-01  -2.1769e-01
   1.7441e+00  -2.4211e-01  -2.0002e-01
   1.7465e+00  -2.2432e-01  -2.0002e-01
   1.7487e+00  -2.0650e-01  -2.0002e-01
   1.7507e+00  -1.8866e-01  -2.0002e-01
   1.7525e+00  -1.7080e-01  -2.0002e-01
   1.7542e+00  -1.5292e-01  -2.0002e-01
   1.7556e+00  -1.3502e-01  -2.0002e-01
   1.7569e+00  -1.1712e-01  -2.0002e-01
   1.7580e+00  -9.9195e-02  -2.0002e-01
   1.7589e+00  -8.1264e-02  -2.0002e-01
   1.7597e+00  -6.3325e-02  -2.0002e-01
   1.7602e+00  -4.5379e-02  -2.0002e-01
   1.7602e+00  -4.5379e-02  -1.8184e-01
   1.7602e+00  -4.5379e-02  -1.6366e-01
   1.7602e+00  -4.5379e-02  -1.4547e-01
   1.7602e+00  -4.5379e-02  -1.2729e-01
   1.7602e+00  -4.5379e-02  -1.0910e-01
   1.7602e+00  -4.5379e-02  -9.0920e-02
   1.7602e+00  -4.5379e-02  -7.2736e-02
   1.7602e+00  -4.5379e-02  -5.4552e-02
   1.7602e+00  -4.5379e-02  -3.6368e-02
   1.7602e+00  -4.5379e-02  -1.8184e-02
   1.7602e+00  -4.5379e-02   0.0000e+00
   1.7602e+00  -4.5379e-02   1.8184e-02
   1.7602e+00  -4.5379e-02   3.6368e-02
   1.7602e+00  -4.5379e-02   5.4552e-02
   1.7602e+00  -4.5379e-02   7.2736e-02
   1.7602e+00  -4.5379e-02   9.0920e-02
   1.7602e+00  -4.5379e-02   1.0910e-01
   1.7602e+00  -4.5379e-02   1.2729e-01
   1.7602e+00  -4.5379e-02   1.4547e-01
   1.7602e+00  -4.5379e-02   1.6366e-01
   1.7602e+00  -4.5379e-02   1.8184e-01
   1.7602e+00  -4.5379e-02   2.0002e-01
   1.7597e+00  -6.3325e-02   2.0002e-01
   1.7589e+00  -8.1264e-02   2.0002e-01
   1.7580e+00  -9.9195e-02   2.0002e-01
   1.7569e+00  -1.1712e-01   2.0002e-01
   1.7556e+00  -1.3502e-01   2.0002e-01
   1.7542e+00  -1.5292e-01   2.0002e-01
   1.7525e+00  -1.7080e-01   2.0002e-01
   1.7507e+00  -1.8866e-01   2.0002e-01
   1.7487e+00  -2.0650e-01   2.0002e-01
   1.7465e+00  -2.2432e-01   2.0002e-01
   1.7441e+00  -2.4211e-01   2.0002e-01
   1.7441e+00  -2.4211e-01   2.1769e-01
   1.7441e+00  -2.4211e-01   2.3535e-01
   1.7441e+00  -2.4211e-01   2.5301e-01
   1.7441e+00  -2.4211e-01   2.7067e-01
   1.7441e+00  -2.4211e-01   2.8833e-01
   1.7441e+00  -2.4211e-01   3.0599e-01
   1.7441e+00  -2.4211e-01   3.2365e-01
   1.7441e+00  -2.4211e-01   3.4131e-01
   1.7441e+00  -2.4211e-01   3.5897e-01
   1.7441e+00  -2.4211e-01   3.7663e-01
   1.7441e+00  -2.4211e-01   3.9430e-01
   1.7441e+00  -2.4211e-01   4.1196e-01
   1.7441e+00  -2.4211e-01   4.2962e-01
   1.7441e+00  -2.4211e-01   4.4728e-01
   1.7441e+00  -2.4211e-01   4.6494e-01
   1.7441e+00  -2.4211e-01   4.8260e-01
   1.7414e+00  -2.6094e-01   4.8260e-01
   1.7384e+00  -2.7973e-01   4.8260e-01
   1.7353e+00  -2.9849e-01   4.8260e-01
   1.7320e+00  -3.1722e-01   4.8260e-01
   1.7285e+00  -3.3591e-01   4.8260e-01
   1.7247e+00  -3.5456e-01   4.8260e-01
   1.7208e+00  -3.7317e-01   4.8260e-01
   1.7167e+00  -3.9174e-01   4.8260e-01
   1.7123e+00  -4.1026e-01   4.8260e-01
   1.7078e+00  -4.2873e-01   4.8260e-01
   1.7031e+00  -4.4715e-01   4.8260e-01
   1.6982e+00  -4.6552e-01   4.8260e-01
   1.6930e+00  -4.8384e-01   4.8260e-01
   1.6877e+00  -5.0210e-01   4.8260e-01
   1.6822e+00  -5.2030e-01   4.8260e-01
   1.6765e+00  -5.3844e-01   4.8260e-01
   1.6705e+00  -5.5652e-01   4.8260e-01
   1.6644e+00  -5.7453e-01   4.8260e-01
   1.6581e+00  -5.9247e-01   4.8260e-01
   1.6516e+00  -6.1035e-01   4.8260e-01
   1.6449e+00  -6.2816e-01   4.8260e-01
   1.6381e+00  -6.4589e-01   4.8260e-01
   1.6310e+00  -6.6354e-01   4.8260e-01
   1.6237e+00  -6.8112e-01   4.8260e-01
   1.6163e+00  -6.9862e-01   4.8260e-01
   1.6086e+00  -7.1604e-01   4.8260e-01
   1.6008e+00  -7.3337e-01   4.8260e-01
   1.5928e+00  -7.5062e-01   4.8260e-01
   1.5846e+00  -7.6778e-01   4.8260e-01
   1.5762e+00  -7.8486e-01   4.8260e-01
   1.5676e+00  -8.0184e-01   4.8260e-01
   1.5589e+00  -8.1872e-01   4.8260e-01
   1.5500e+00  -8.3551e-01   4.8260e-01
   1.5408e+00  -8.5221e-01   4.8260e-01
   1.5315e+00  -8.6880e-01   4.8260e-01
   1.5221e+00  -8.8529e-01   4.8260e-01
   1.5124e+00  -9.0168e-01   4.8260e-01
   1.5026e+00  -9.1797e-01   4.8260e-01
   1.4926e+00  -9.3414e-01   4.8260e-01
   1.4824e+00  -9.5021e-01   4.8260e-01
   1.4721e+00  -9.6617e-01   4.8260e-01
   1.4615e+00  -9.8201e-01   4.8260e-01
   1.4508e+00  -9.9774e-01   4.8260e-01
   1.4400e+00  -1.0134e+00   4.8260e-01
   1.4289e+00  -1.0289e+00   4.8260e-01
   1.4178e+00  -1.0442e+00   4.8260e-01
   1.4064e+00  -1.0595e+00   4.8260e-01
   1.3949e+00  -1.0746e+00   4.8260e-01
   1.3832e+00  -1.0896e+00   4.8260e-01
   1.3713e+00  -1.1045e+00   4.8260e-01
   1.3593e+00  -1.1192e+00   4.8260e-01
   1.3471e+00  -1.1339e+00   4.8260e-01
   1.3348e+00  -1.1483e+00   4.8260e-01
   1.3223e+00  -1.1627e+00   4.8260e-01
   1.3097e+00  -1.1769e+00   4.8260e-01
   1.2969e+00  -1.1910e+00   4.8260e-01
   1.2840e+00  -1.2049e+00   4.8260e-01
   1.2709e+00  -1.2187e+00   4.8260e-01
   1.2576e+00  -1.2324e+00   4.8260e-01
   1.2443e+00  -1.2459e+00   4.8260e-01
   1.2307e+00  -1.2593e+00   4.8260e-01
   1.2171e+00  -1.2725e+00   4.8260e-01
   1.2032e+00  -1.2856e+00   4.8260e-01
   1.1893e+00  -1.2985e+00   4.8260e-01
   1.1752e+00  -1.3112e+00   4.8260e-01
   1.1610e+00  -1.3239e+00   4.8260e-01
   1.1466e+00  -1.3363e+00   4.8260e-01
   1.1321e+00  -1.3486e+00   4.8260e-01
   1.1174e+00  -1.3608e+00   4.8260e-01
   1.1027e+00  -1.3728e+00   4.8260e-01
   1.0878e+00  -1.3846e+00   4.8260e-01
   1.0728e+00  -1.3963e+00   4.8260e-01
   1.0728e+00  -1.3963e+00   4.6461e-01
   1.0728e+00  -1.3963e+00   4.4662e-01
   1.0728e+00  -1.3963e+00   4.2863e-01
   1.0728e+00  -1.3963e+00   4.1063e-01
   1.0728e+00  -1.3963e+00   3.9264e-01
   1.0728e+00  -1.3963e+00   3.7465e-01
   1.0728e+00  -1.3963e+00   3.5666e-01
   1.0728e+00  -1.3963e+00   3.3867e-01
   1.0728e+00  -1.3963e+00   3.2068e-01
   1.0728e+00  -1.3963e+00   3.0268e-01
   1.0728e+00  -1.3963e+00   2.8469e-01
   1.0728e+00  -1.3963e+00   2.6670e-01
   1.0728e+00  -1.3963e+00   2.4871e-01
   1.0728e+00  -1.3963e+00   2.3072e-01
   1.0728e+00  -1.3963e+00   2.1273e-01
   1.0585e+00  -1.4071e+00   2.1273e-01
   1.0441e+00  -1.4179e+00   2.1273e-01
   1.0296e+00  -1.4284e+00   2.1273e-01
   1.0149e+00  -1.4389e+00   2.1273e-01
   1.0002e+00  -1.4491e+00   2.1273e-01
   9.8539e-01  -1.4593e+00   2.1273e-01
   9.7046e-01  -1.4692e+00   2.1273e-01
   9.5543e-01  -1.4790e+00   2.1273e-01
   9.4030e-01  -1.4887e+00   2.1273e-01
   9.2507e-01  -1.4982e+00   2.1273e-01
   9.0974e-01  -1.5076e+00   2.1273e-01
   8.9432e-01  -1.5168e+00   2.1273e-01
   8.7881e-01  -1.5258e+00   2.1273e-01
   8.7881e-01  -1.5258e+00   1.9500e-01
   8.7881e-01  -1.5258e+00   1.7727e-01
   8.7881e-01  -1.5258e+00   1.5954e-01
   8.7881e-01  -1.5258e+00   1.4182e-01
   8.7881e-01  -1.5258e+00   1.2409e-01
   8.7881e-01  -1.5258e+00   1.0636e-01
   8.7881e-01  -1.5258e+00   8.8635e-02
   8.7881e-01  -1.5258e+00   7.0908e-02
   8.7881e-01  -1.5258e+00   5.3181e-02
   8.7881e-01  -1.5258e+00   3.5454e-02
   8.7881e-01  -1.5258e+00   1.7727e-02
   8.7881e-01  -1.5258e+00   0.0000e+00
   8.7881e-01  -1.5258e+00  -1.7727e-02
   8.7881e-01  -1.5258e+00  -3.5454e-02
   8.7881e-01  -1.5258e+00  -5.3181e-02
   8.7881e-01  -1.5258e+00  -7.0908e-02
   8.7881e-01  -1.5258e+00  -8.8635e-02
   8.7881e-01  -1.5258e+00  -1.0636e-01
   8.7881e-01  -1.5258e+00  -1.2409e-01
   8.7881e-01  -1.5258e+00  -1.4182e-01
   8.7881e-01  -1.5258e+00  -1.5954e-01
   8.7881e-01  -1.5258e+00  -1.7727e-01
   8.7881e-01  -1.5258e+00  -1.9500e-01
   8.7881e-01  -1.5258e+00  -2.1273e-01
   8.9432e-01  -1.5168e+00  -2.1273e-01
   9.0974e-01  -1.5076e+00  -2.1273e-01
   9.2507e-01  -1.4982e+00  -2.1273e-01
   9.4030e-01  -1.4887e+00  -2.1273e-01
   9.5543e-01  -1.4790e+00  -2.1273e-01
   9.7046e-01  -1.4692e+00  -2.1273e-01
   9.8539e-01  -1.4593e+00  -2.1273e-01
   1.0002e+00  -1.4491e+00  -2.1273e-01
   1.0149e+00  -1.4389e+00  -2.1273e-01
   1.0296e+00  -1.4284e+00  -2.1273e-01
   1.0441e+00  -1.4179e+00  -2.1273e-01
   1.0585e+00  -1.4071e+00  -2.1273e-01
   1.0728e+00  -1.3963e+00  -2.1273e-01
   1.0728e+00  -1.3963e+00  -2.3072e-01
   1.0728e+00  -1.3963e+00  -2.4871e-01
   1.0728e+00  -1.3963e+00  -2.6670e-01
   1.0728e+00  -1.3963e+00  -2.8469e-01
   1.0728e+00  -1.3963e+00  -3.0268e-01
   1.0728e+00  -1.3963e+00  -3.2068e-01
   1.0728e+00  -1.3963e+00  -3.3867e-01
   1.0728e+00  -1.3963e+00  -3.5666e-01
   1.0728e+00  -1.3963e+00  -3.7465e-01
   1.0728e+00  -1.3963e+00  -3.9264e-01
   1.0728e+00  -1.3963e+00  -4.1063e-01
   1.0728e+00  -1.3963e+00  -4.2863e-01
   1.0728e+00  -1.3963e+00  -4.4662e-01
   1.0728e+00  -1.3963e+00  -4.6461e-01
   1.0728e+00  -1.3963e+00  -4.8260e-01
  -7.0101e-01  -1.6152e+00  -4.8260e-01
  -6.8417e-01  -1.6225e+00  -4.8260e-01
  -6.6725e-01  -1.6295e+00  -4.8260e-01
  -6.5026e-01  -1.6363e+00  -4.8260e-01
  -6.3319e-01  -1.6430e+00  -4.8260e-01
  -6.1606e-01  -1.6495e+00  -4.8260e-01
  -5.9887e-01  -1.6558e+00  -4.8260e-01
  -5.8161e-01  -1.6620e+00  -4.8260e-01
  -5.6428e-01  -1.6679e+00  -4.8260e-01
  -5.4690e-01  -1.6737e+00  -4.8260e-01
  -5.2945e-01  -1.6793e+00  -4.8260e-01
  -5.1195e-01  -1.6847e+00  -4.8260e-01
  -4.9439e-01  -1.6900e+00  -4.8260e-01
  -4.7678e-01  -1.6950e+00  -4.8260e-01
  -4.5912e-01  -1.6999e+00  -4.8260e-01
  -4.4140e-01  -1.7046e+00  -4.8260e-01
  -4.2364e-01  -1.7091e+00  -4.8260e-01
  -4.0584e-01  -1.7134e+00  -4.8260e-01
  -3.8799e-01  -1.7175e+00  -4.8260e-01
  -3.7010e-01  -1.7215e+00  -4.8260e-01
  -3.5216e-01  -1.7252e+00  -4.8260e-01
  -3.3419e-01  -1.7288e+00  -4.8260e-01
  -3.1619e-01  -1.7322e+00  -4.8260e-01
  -2.9815e-01  -1.7354e+00  -4.8260e-01
  -2.8007e-01  -1.7384e+00  -4.8260e-01
  -2.6197e-01  -1.7412e+00  -4.8260e-01
  -2.4384e-01  -1.7438e+00  -4.8260e-01
  -2.2568e-01  -1.7463e+00  -4.8260e-01
  -2.0750e-01  -1.7485e+00  -4.8260e-01
  -1.8929e-01  -1.7506e+00  -4.8260e-01
  -1.7107e-01  -1.7525e+00  -4.8260e-01
  -1.5282e-01  -1.7542e+00  -4.8260e-01
  -1.3456e-01  -1.7557e+00  -4.8260e-01
  -1.1629e-01  -1.7570e+00  -4.8260e-01
  -9.7999e-02  -1.7581e+00  -4.8260e-01
  -7.9701e-02  -1.7590e+00  -4.8260e-01
  -6.1394e-02  -1.7597e+00  -4.8260e-01
  -4.3081e-02  -1.7603e+00  -4.8260e-01
  -2.4762e-02  -1.7606e+00  -4.8260e-01
  -6.4413e-03  -1.7608e+00  -4.8260e-01
   1.1880e-02  -1.7608e+00  -4.8260e-01
   3.0201e-02  -1.7605e+00  -4.8260e-01
   4.8518e-02  -1.7601e+00  -4.8260e-01
   6.6830e-02  -1.7595e+00  -4.8260e-01
   8.5134e-02  -1.7587e+00  -4.8260e-01
   1.0343e-01  -1.7578e+00  -4.8260e-01
   1.2171e-01  -1.7566e+00  -4.8260e-01
   1.3998e-01  -1.7552e+00  -4.8260e-01
   1.5824e-01  -1.7537e+00  -4.8260e-01
   1.7648e-01  -1.7519e+00  -4.8260e-01
   1.9470e-01  -1.7500e+00  -4.8260e-01
   2.1290e-01  -1.7479e+00  -4.8260e-01
   2.3107e-01  -1.7456e+00  -4.8260e-01
   2.4922e-01  -1.7431e+00  -4.8260e-01
   2.6735e-01  -1.7404e+00  -4.8260e-01
   2.8544e-01  -1.7375e+00  -4.8260e-01
   3.0351e-01  -1.7344e+00  -4.8260e-01
   3.2154e-01  -1.7312e+00  -4.8260e-01
   3.3953e-01  -1.7278e+00  -4.8260e-01
   3.5749e-01  -1.7241e+00  -4.8260e-01
   3.7541e-01  -1.7203e+00  -4.8260e-01
   3.9329e-01  -1.7163e+00  -4.8260e-01
   4.1113e-01  -1.7121e+00  -4.8260e-01
   4.2892e-01  -1.7078e+00  -4.8260e-01
   4.4667e-01  -1.7032e+00  -4.8260e-01
   4.6437e-01  -1.6985e+00  -4.8260e-01
   4.8201e-01  -1.6935e+00  -4.8260e-01
   4.9961e-01  -1.6884e+00  -4.8260e-01
   5.1715e-01  -1.6831e+00  -4.8260e-01
   5.3464e-01  -1.6777e+00  -4.8260e-01
   5.5206e-01  -1.6720e+00  -4.8260e-01
   5.6943e-01  -1.6662e+00  -4.8260e-01
   5.8674e-01  -1.6602e+00  -4.8260e-01
   6.0398e-01  -1.6540e+00  -4.8260e-01
   6.2116e-01  -1.6476e+00  -4.8260e-01
   6.3827e-01  -1.6411e+00  -4.8260e-01
   6.5531e-01  -1.6343e+00  -4.8260e-01
   6.7228e-01  -1.6274e+00  -4.8260e-01
   6.8917e-01  -1.6203e+00  -4.8260e-01
   7.0600e-01  -1.6131e+00  -4.8260e-01
   7.2274e-01  -1.6056e+00  -4.8260e-01
   7.3941e-01  -1.5980e+00  -4.8260e-01
   7.5600e-01  -1.5903e+00  -4.8260e-01
   7.7250e-01  -1.5823e+00  -4.8260e-01
   7.7250e-01  -1.5823e+00  -4.6637e-01
   7.7250e-01  -1.5823e+00  -4.5014e-01
   7.7250e-01  -1.5823e+00  -4.3392e-01
   7.7250e-01  -1.5823e+00  -4.1769e-01
   7.7250e-01  -1.5823e+00  -4.0146e-01
   7.7250e-01  -1.5823e+00  -3.8523e-01
   7.7250e-01  -1.5823e+00  -3.6901e-01
   7.7250e-01  -1.5823e+00  -3.5278e-01
   7.7250e-01  -1.5823e+00  -3.3655e-01
   7.8763e-01  -1.5748e+00  -3.3655e-01
   8.0267e-01  -1.5672e+00  -3.3655e-01
   8.1765e-01  -1.5594e+00  -3.3655e-01
   8.3255e-01  -1.5515e+00  -3.3655e-01
   8.4737e-01  -1.5435e+00  -3.3655e-01
   8.4737e-01  -1.5435e+00  -3.1892e-01
   8.4737e-01  -1.5435e+00  -3.0129e-01
   8.4737e-01  -1.5435e+00  -2.8366e-01
   8.4737e-01  -1.5435e+00  -2.6603e-01
   8.4737e-01  -1.5435e+00  -2.4840e-01
   8.4737e-01  -1.5435e+00  -2.3077e-01
   8.4737e-01  -1.5435e+00  -2.1314e-01
   8.4737e-01  -1.5435e+00  -1.9551e-01
   8.4737e-01  -1.5435e+00  -1.7788e-01
   8.4737e-01  -1.5435e+00  -1.6025e-01
   8.4737e-01  -1.5435e+00  -1.4262e-01
   8.4737e-01  -1.5435e+00  -1.2499e-01
   8.4737e-01  -1.5435e+00  -1.0737e-01
   8.4737e-01  -1.5435e+00  -8.9736e-02
   8.4737e-01  -1.5435e+00  -7.2106e-02
   8.4737e-01  -1.5435e+00  -5.4476e-02
   8.4737e-01  -1.5435e+00  -3.6847e-02
   8.4737e-01  -1.5435e+00  -1.9217e-02
   8.4737e-01  -1.5435e+00  -1.5875e-03
   8.4737e-01  -1.5435e+00   1.6042e-02
   8.4737e-01  -1.5435e+00   3.3672e-02
   8.4737e-01  -1.5435e+00   5.1301e-02
   8.4737e-01  -1.5435e+00   6.8931e-02
   8.4737e-01  -1.5435e+00   8.6561e-02
   8.4737e-01  -1.5435e+00   1.0419e-01
   8.4737e-01  -1.5435e+00   1.2182e-01
   8.4737e-01  -1.5435e+00   1.3945e-01
   8.4737e-01  -1.5435e+00   1.5708e-01
   8.4737e-01  -1.5435e+00   1.7471e-01
   8.4737e-01  -1.5435e+00   1.9234e-01
   8.4737e-01  -1.5435e+00   2.0997e-01
   8.4737e-01  -1.5435e+00   2.2760e-01
   8.4737e-01  -1.5435e+00   2.4523e-01
   8.4737e-01  -1.5435e+00   2.6286e-01
   8.4737e-01  -1.5435e+00   2.8049e-01
   8.4737e-01  -1.5435e+00   2.9812e-01
   8.4737e-01  -1.5435e+00   3.1575e-01
   8.4737e-01  -1.5435e+00   3.3338e-01
   8.3255e-01  -1.5515e+00   3.3338e-01
   8.1765e-01  -1.5594e+00   3.3338e-01
   8.0267e-01  -1.5672e+00   3.3338e-01
   7.8763e-01  -1.5748e+00   3.3338e-01
   7.7250e-01  -1.5823e+00   3.3338e-01
   7.7250e-01  -1.5823e+00   3.4996e-01
   7.7250e-01  -1.5823e+00   3.6654e-01
   7.7250e-01  -1.5823e+00   3.8312e-01
   7.7250e-01  -1.5823e+00   3.9970e-01
   7.7250e-01  -1.5823e+00   4.1628e-01
   7.7250e-01  -1.5823e+00   4.3286e-01
   7.7250e-01  -1.5823e+00   4.4944e-01
   7.7250e-01  -1.5823e+00   4.6602e-01
   7.7250e-01  -1.5823e+00   4.8260e-01
   7.5600e-01  -1.5903e+00   4.8260e-01
   7.3941e-01  -1.5980e+00   4.8260e-01
   7.2274e-01  -1.6056e+00   4.8260e-01
   7.0600e-01  -1.6131e+00   4.8260e-01
   6.8917e-01  -1.6203e+00   4.8260e-01
   6.7228e-01  -1.6274e+00   4.8260e-01
   6.5531e-01  -1.6343e+00   4.8260e-01
   6.3827e-01  -1.6411e+00   4.8260e-01
   6.2116e-01  -1.6476e+00   4.8260e-01
   6.0398e-01  -1.6540e+00   4.8260e-01
   5.8674e-01  -1.6602e+00   4.8260e-01
   5.6943e-01  -1.6662e+00   4.8260e-01
   5.5206e-01  -1.6720e+00   4.8260e-01
   5.3464e-01  -1.6777e+00   4.8260e-01
   5.1715e-01  -1.6831e+00   4.8260e-01
   4.9961e-01  -1.6884e+00   4.8260e-01
   4.8201e-01  -1.6935e+00   4.8260e-01
   4.6437e-01  -1.6985e+00   4.8260e-01
   4.4667e-01  -1.7032e+00   4.8260e-01
   4.2892e-01  -1.7078e+00   4.8260e-01
   4.1113e-01  -1.7121e+00   4.8260e-01
   3.9329e-01  -1.7163e+00   4.8260e-01
   3.7541e-01  -1.7203e+00   4.8260e-01
   3.5749e-01  -1.7241e+00   4.8260e-01
   3.3953e-01  -1.7278e+00   4.8260e-01
   3.2154e-01  -1.7312e+00   4.8260e-01
   3.0351e-01  -1.7344e+00   4.8260e-01
   2.8544e-01  -1.7375e+00   4.8260e-01
   2.6735e-01  -1.7404e+00   4.8260e-01
   2.4922e-01  -1.7431e+00   4.8260e-01
   2.3107e-01  -1.7456e+00   4.8260e-01
   2.1290e-01  -1.7479e+00   4.8260e-01
   1.9470e-01  -1.7500e+00   4.8260e-01
   1.7648e-01  -1.7519e+00   4.8260e-01
   1.5824e-01  -1.7537e+00   4.8260e-01
   1.3998e-01  -1.7552e+00   4.8260e-01
   1.2171e-01  -1.7566e+00   4.8260e-01
   1.0343e-01  -1.7578e+00   4.8260e-01
   8.5134e-02  -1.7587e+00   4.8260e-01
   6.6830e-02  -1.7595e+00   4.8260e-01
   4.8518e-02  -1.7601e+00   4.8260e-01
   3.0201e-02  -1.7605e+00   4.8260e-01
   1.1880e-02  -1.7608e+00   4.8260e-01
  -6.4413e-03  -1.7608e+00   4.8260e-01
  -2.4762e-02  -1.7606e+00   4.8260e-01
  -4.3081e-02  -1.7603e+00   4.8260e-01
  -6.1394e-02  -1.7597e+00   4.8260e-01
  -7.9701e-02  -1.7590e+00   4.8260e-01
  -9.7999e-02  -1.7581e+00   4.8260e-01
  -1.1629e-01  -1.7570e+00   4.8260e-01
  -1.3456e-01  -1.7557e+00   4.8260e-01
  -1.5282e-01  -1.7542e+00   4.8260e-01
  -1.7107e-01  -1.7525e+00   4.8260e-01
  -1.8929e-01  -1.7506e+00   4.8260e-01
  -2.0750e-01  -1.7485e+00   4.8260e-01
  -2.2568e-01  -1.7463e+00   4.8260e-01
  -2.4384e-01  -1.7438e+00   4.8260e-01
  -2.6197e-01  -1.7412e+00   4.8260e-01
  -2.8007e-01  -1.7384e+00   4.8260e-01
  -2.9815e-01  -1.7354e+00   4.8260e-01
  -3.1619e-01  -1.7322e+00   4.8260e-01
  -3.3419e-01  -1.7288e+00   4.8260e-01
  -3.5216e-01  -1.7252e+00   4.8260e-01
  -3.7010e-01  -1.7215e+00   4.8260e-01
  -3.8799e-01  -1.7175e+00   4.8260e-01
  -4.0584e-01  -1.7134e+00   4.8260e-01
  -4.2364e-01  -1.7091e+00   4.8260e-01
  -4.4140e-01  -1.7046e+00   4.8260e-01
  -4.5912e-01  -1.6999e+00   4.8260e-01
  -4.7678e-01  -1.6950e+00   4.8260e-01
  -4.9439e-01  -1.6900e+00   4.8260e-01
  -5.1195e-01  -1.6847e+00   4.8260e-01
  -5.2945e-01  -1.6793e+00   4.8260e-01
  -5.4690e-01  -1.6737e+00   4.8260e-01
  -5.6428e-01  -1.6679e+00   4.8260e-01
  -5.8161e-01  -1.6620e+00   4.8260e-01
  -5.9887e-01  -1.6558e+00   4.8260e-01
  -6.1606e-01  -1.6495e+00   4.8260e-01
  -6.3319e-01  -1.6430e+00   4.8260e-01
  -6.5026e-01  -1.6363e+00   4.8260e-01
  -6.6725e-01  -1.6295e+00   4.8260e-01
  -6.8417e-01  -1.6225e+00   4.8260e-01
  -7.0101e-01  -1.6152e+00   4.8260e-01
  -7.0101e-01  -1.6152e+00   4.6736e-01
  -7.0101e-01  -1.6152e+00   4.5212e-01
  -7.0101e-01  -1.6152e+00   4.3688e-01
  -7.0101e-01  -1.6152e+00   4.2164e-01
  -7.0101e-01  -1.6152e+00   4.0640e-01
  -7.1675e-01  -1.6083e+00   4.0640e-01
  -7.3241e-01  -1.6013e+00   4.0640e-01
  -7.4801e-01  -1.5940e+00   4.0640e-01
  -7.6354e-01  -1.5866e+00   4.0640e-01
  -7.7899e-01  -1.5791e+00   4.0640e-01
  -7.9437e-01  -1.5714e+00   4.0640e-01
  -7.9437e-01  -1.5714e+00   3.8873e-01
  -7.9437e-01  -1.5714e+00   3.7106e-01
  -7.9437e-01  -1.5714e+00   3.5339e-01
  -7.9437e-01  -1.5714e+00   3.3572e-01
  -7.9437e-01  -1.5714e+00   3.1805e-01
  -7.9437e-01  -1.5714e+00   3.0038e-01
  -7.9437e-01  -1.5714e+00   2.8271e-01
  -7.9437e-01  -1.5714e+00   2.6504e-01
  -7.9437e-01  -1.5714e+00   2.4737e-01
  -7.9437e-01  -1.5714e+00   2.2970e-01
  -7.9437e-01  -1.5714e+00   2.1203e-01
  -7.9437e-01  -1.5714e+00   1.9437e-01
  -7.9437e-01  -1.5714e+00   1.7670e-01
  -7.9437e-01  -1.5714e+00   1.5903e-01
  -7.9437e-01  -1.5714e+00   1.4136e-01
  -7.9437e-01  -1.5714e+00   1.2369e-01
  -7.9437e-01  -1.5714e+00   1.0602e-01
  -7.9437e-01  -1.5714e+00   8.8348e-02
  -7.9437e-01  -1.5714e+00   7.0678e-02
  -7.9437e-01  -1.5714e+00   5.3009e-02
  -7.9437e-01  -1.5714e+00   3.5339e-02
  -7.9437e-01  -1.5714e+00   1.7670e-02
  -7.9437e-01  -1.5714e+00  -7.4506e-09
  -7.9437e-01  -1.5714e+00  -1.7670e-02
  -7.9437e-01  -1.5714e+00  -3.5339e-02
  -7.9437e-01  -1.5714e+00  -5.3009e-02
  -7.9437e-01  -1.5714e+00  -7.0678e-02
  -7.9437e-01  -1.5714e+00  -8.8348e-02
  -7.9437e-01  -1.5714e+00  -1.0602e-01
  -7.9437e-01  -1.5714e+00  -1.2369e-01
  -7.9437e-01  -1.5714e+00  -1.4136e-01
  -7.9437e-01  -1.5714e+00  -1.5903e-01
  -7.9437e-01  -1.5714e+00  -1.7670e-01
  -7.9437e-01  -1.5714e+00  -1.9437e-01
  -7.9437e-01  -1.5714e+00  -2.1203e-01
  -7.9437e-01  -1.5714e+00  -2.2970e-01
  -7.9437e-01  -1.5714e+00  -2.4737e-01
  -7.9437e-01  -1.5714e+00  -2.6504e-01
  -7.9437e-01  -1.5714e+00  -2.8271e-01
  -7.9437e-01  -1.5714e+00  -3.0038e-01
  -7.9437e-01  -1.5714e+00  -3.1805e-01
  -7.9437e-01  -1.5714e+00  -3.3572e-01
  -7.9437e-01  -1.5714e+00  -3.5339e-01
  -7.9437e-01  -1.5714e+00  -3.7106e-01
  -7.9437e-01  -1.5714e+00  -3.8873e-01
  -7.9437e-01  -1.5714e+00  -4.0640e-01
  -7.7899e-01  -1.5791e+00  -4.0640e-01
  -7.6354e-01  -1.5866e+00  -4.0640e-01
  -7.4801e-01  -1.5940e+00  -4.0640e-01
  -7.3241e-01  -1.6013e+00  -4.0640e-01
  -7.1675e-01  -1.6083e+00  -4.0640e-01
  -7.0101e-01  -1.6152e+00  -4.0640e-01
  -7.0101e-01  -1.6152e+00  -4.2164e-01
  -7.0101e-01  -1.6152e+00  -4.3688e-01
  -7.0101e-01  -1.6152e+00  -4.5212e-01
  -7.0101e-01  -1.6152e+00  -4.6736e-01
  -7.0101e-01  -1.6152e+00  -4.8260e-01
  -1.7577e+00  -1.0375e-01  -4.8260e-01
  -1.7566e+00  -1.2099e-01  -4.8260e-01
  -1.7554e+00  -1.3822e-01  -4.8260e-01
  -1.7539e+00  -1.5543e-01  -4.8260e-01
  -1.7523e+00  -1.7263e-01  -4.8260e-01
  -1.7505e+00  -1.8981e-01  -4.8260e-01
  -1.7486e+00  -2.0698e-01  -4.8260e-01
  -1.7465e+00  -2.2412e-01  -4.8260e-01
  -1.7442e+00  -2.4125e-01  -4.8260e-01
  -1.7417e+00  -2.5835e-01  -4.8260e-01
  -1.7391e+00  -2.7542e-01  -4.8260e-01
  -1.7363e+00  -2.9247e-01  -4.8260e-01
  -1.7334e+00  -3.0949e-01  -4.8260e-01
  -1.7303e+00  -3.2649e-01  -4.8260e-01
  -1.7270e+00  -3.4344e-01  -4.8260e-01
  -1.7235e+00  -3.6037e-01  -4.8260e-01
  -1.7199e+00  -3.7726e-01  -4.8260e-01
  -1.7161e+00  -3.9412e-01  -4.8260e-01
  -1.7122e+00  -4.1094e-01  -4.8260e-01
  -1.7081e+00  -4.2772e-01  -4.8260e-01
  -1.7038e+00  -4.4445e-01  -4.8260e-01
  -1.6993e+00  -4.6115e-01  -4.8260e-01
  -1.6947e+00  -4.7780e-01  -4.8260e-01
  -1.6900e+00  -4.9440e-01  -4.8260e-01
  -1.6850e+00  -5.1096e-01  -4.8260e-01
  -1.6799e+00  -5.2746e-01  -4.8260e-01
  -1.6747e+00  -5.4392e-01  -4.8260e-01
  -1.6693e+00  -5.6032e-01  -4.8260e-01
  -1.6637e+00  -5.7667e-01  -4.8260e-01
  -1.6580e+00  -5.9297e-01  -4.8260e-01
  -1.6521e+00  -6.0921e-01  -4.8260e-01
  -1.6460e+00  -6.2538e-01  -4.8260e-01
  -1.6398e+00  -6.4150e-01  -4.8260e-01
  -1.6334e+00  -6.5756e-01  -4.8260e-01
  -1.6269e+00  -6.7355e-01  -4.8260e-01
  -1.6202e+00  -6.8948e-01  -4.8260e-01
  -1.6134e+00  -7.0534e-01  -4.8260e-01
  -1.6064e+00  -7.2114e-01  -4.8260e-01
  -1.5992e+00  -7.3686e-01  -4.8260e-01
  -1.5919e+00  -7.5252e-01  -4.8260e-01
  -1.5844e+00  -7.6810e-01  -4.8260e-01
  -1.5768e+00  -7.8361e-01  -4.8260e-01
  -1.5691e+00  -7.9904e-01  -4.8260e-01
  -1.5612e+00  -8.1440e-01  -4.8260e-01
  -1.5531e+00  -8.2967e-01  -4.8260e-01
  -1.5449e+00  -8.4487e-01  -4.8260e-01
  -1.5365e+00  -8.5999e-01  -4.8260e-01
  -1.5280e+00  -8.7502e-01  -4.8260e-01
  -1.5193e+00  -8.8997e-01  -4.8260e-01
  -1.5105e+00  -9.0483e-01  -4.8260e-01
  -1.5016e+00  -9.1961e-01  -4.8260e-01
  -1.4925e+00  -9.3429e-01  -4.8260e-01
  -1.4833e+00  -9.4889e-01  -4.8260e-01
  -1.4739e+00  -9.6340e-01  -4.8260e-01
  -1.4643e+00  -9.7781e-01  -4.8260e-01
  -1.4547e+00  -9.9213e-01  -4.8260e-01
  -1.4449e+00  -1.0064e+00  -4.8260e-01
  -1.4349e+00  -1.0205e+00  -4.8260e-01
  -1.4249e+00  -1.0345e+00  -4.8260e-01
  -1.4146e+00  -1.0484e+00  -4.8260e-01
  -1.4043e+00  -1.0623e+00  -4.8260e-01
  -1.3938e+00  -1.0760e+00  -4.8260e-01
  -1.3832e+00  -1.0896e+00  -4.8260e-01
  -1.3724e+00  -1.1031e+00  -4.8260e-01
  -1.3615e+00  -1.1165e+00  -4.8260e-01
  -1.3505e+00  -1.1299e+00  -4.8260e-01
  -1.3394e+00  -1.1430e+00  -4.8260e-01
  -1.3281e+00  -1.1561e+00  -4.8260e-01
  -1.3167e+00  -1.1691e+00  -4.8260e-01
  -1.3051e+00  -1.1820e+00  -4.8260e-01
  -1.2935e+00  -1.1947e+00  -4.8260e-01
  -1.2817e+00  -1.2073e+00  -4.8260e-01
  -1.2698e+00  -1.2199e+00  -4.8260e-01
  -1.2578e+00  -1.2323e+00  -4.8260e-01
  -1.2456e+00  -1.2445e+00  -4.8260e-01
  -1.2333e+00  -1.2567e+00  -4.8260e-01
  -1.2210e+00  -1.2687e+00  -4.8260e-01
  -1.2084e+00  -1.2807e+00  -4.8260e-01
  -1.1958e+00  -1.2925e+00  -4.8260e-01
  -1.1831e+00  -1.3041e+00  -4.8260e-01
  -1.1702e+00  -1.3157e+00  -4.8260e-01
  -1.1573e+00  -1.3271e+00  -4.8260e-01
  -1.1442e+00  -1.3384e+00  -4.8260e-01
  -1.1310e+00  -1.3495e+00  -4.8260e-01
  -1.1177e+00  -1.3606e+00  -4.8260e-01
  -1.1043e+00  -1.3715e+00  -4.8260e-01
  -1.1043e+00  -1.3715e+00  -4.6546e-01
  -1.1043e+00  -1.3715e+00  -4.4831e-01
  -1.1043e+00  -1.3715e+00  -4.3117e-01
  -1.1043e+00  -1.3715e+00  -4.1402e-01
  -1.1043e+00  -1.3715e+00  -3.9688e-01
  -1.1043e+00  -1.3715e+00  -3.7973e-01
  -1.1043e+00  -1.3715e+00  -3.6259e-01
  -1.1043e+00  -1.3715e+00  -3.4544e-01
  -1.1043e+00  -1.3715e+00  -3.2829e-01
  -1.1043e+00  -1.3715e+00  -3.1115e-01
  -1.0904e+00  -1.3826e+00  -3.1115e-01
  -1.0763e+00  -1.3936e+00  -3.1115e-01
  -1.0621e+00  -1.4044e+00  -3.1115e-01
  -1.0479e+00  -1.4151e+00  -3.1115e-01
  -1.0335e+00  -1.4256e+00  -3.1115e-01
  -1.0190e+00  -1.4360e+00  -3.1115e-01
  -1.0044e+00  -1.4463e+00  -3.1115e-01
  -9.8968e-01  -1.4564e+00  -3.1115e-01
  -9.7488e-01  -1.4663e+00  -3.1115e-01
  -9.7488e-01  -1.4663e+00  -2.9386e-01
  -9.7488e-01  -1.4663e+00  -2.7658e-01
  -9.7488e-01  -1.4663e+00  -2.5929e-01
  -9.7488e-01  -1.4663e+00  -2.4201e-01
  -9.7488e-01  -1.4663e+00  -2.2472e-01
  -9.7488e-01  -1.4663e+00  -2.0743e-01
  -9.7488e-01  -1.4663e+00  -1.9015e-01
  -9.7488e-01  -1.4663e+00  -1.7286e-01
  -9.7488e-01  -1.4663e+00  -1.5557e-01
  -9.7488e-01  -1.4663e+00  -1.3829e-01
  -9.7488e-01  -1.4663e+00  -1.2100e-01
  -9.7488e-01  -1.4663e+00  -1.0372e-01
  -9.7488e-01  -1.4663e+00  -8.6431e-02
  -9.7488e-01  -1.4663e+00  -6.9144e-02
  -9.7488e-01  -1.4663e+00  -5.1858e-02
  -9.7488e-01  -1.4663e+00  -3.4572e-02
  -9.7488e-01  -1.4663e+00  -1.7286e-02
  -9.7488e-01  -1.4663e+00   0.0000e+00
  -9.7488e-01  -1.4663e+00   1.7286e-02
  -9.7488e-01  -1.4663e+00   3.4572e-02
  -9.7488e-01  -1.4663e+00   5.1858e-02
  -9.7488e-01  -1.4663e+00   6.9144e-02
  -9.7488e-01  -1.4663e+00   8.6431e-02
  -9.7488e-01  -1.4663e+00   1.0372e-01
  -9.7488e-01  -1.4663e+00   1.2100e-01
  -9.7488e-01  -1.4663e+00   1.3829e-01
  -9.7488e-01  -1.4663e+00   1.5557e-01
  -9.7488e-01  -1.4663e+00   1.7286e-01
  -9.7488e-01  -1.4663e+00   1.9015e-01
  -9.7488e-01  -1.4663e+00   2.0743e-01
  -9.7488e-01  -1.4663e+00   2.2472e-01
  -9.7488e-01  -1.4663e+00   2.4201e-01
  -9.7488e-01  -1.4663e+00   2.5929e-01
  -9.7488e-01  -1.4663e+00   2.7658e-01
  -9.7488e-01  -1.4663e+00   2.9386e-01
  -9.7488e-01  -1.4663e+00   3.1115e-01
  -9.8968e-01  -1.4564e+00   3.1115e-01
  -1.0044e+00  -1.4463e+00   3.1115e-01
  -1.0190e+00  -1.4360e+00   3.1115e-01
  -1.0335e+00  -1.4256e+00   3.1115e-01
  -1.0479e+00  -1.4151e+00   3.1115e-01
  -1.0621e+00  -1.4044e+00   3.1115e-01
  -1.0763e+00  -1.3936e+00   3.1115e-01
  -1.0904e+00  -1.3826e+00   3.1115e-01
  -1.1043e+00  -1.3715e+00   3.1115e-01
  -1.1043e+00  -1.3715e+00   3.2829e-01
  -1.1043e+00  -1.3715e+00   3.4544e-01
  -1.1043e+00  -1.3715e+00   3.6258e-01
  -1.1043e+00  -1.3715e+00   3.7973e-01
  -1.1043e+00  -1.3715e+00   3.9687e-01
  -1.1043e+00  -1.3715e+00   4.1402e-01
  -1.1043e+00  -1.3715e+00   4.3116e-01
  -1.1043e+00  -1.3715e+00   4.4831e-01
  -1.1043e+00  -1.3715e+00   4.6546e-01
  -1.1043e+00  -1.3715e+00   4.8260e-01
  -1.1177e+00  -1.3606e+00   4.8260e-01
  -1.1310e+00  -1.3495e+00   4.8260e-01
  -1.1442e+00  -1.3384e+00   4.8260e-01
  -1.1573e+00  -1.3271e+00   4.8260e-01
  -1.1702e+00  -1.3157e+00   4.8260e-01
  -1.1831e+00  -1.3041e+00   4.8260e-01
  -1.1958e+00  -1.2925e+00   4.8260e-01
  -1.2084e+00  -1.2807e+00   4.8260e-01
  -1.2210e+00  -1.2687e+00   4.8260e-01
  -1.2333e+00  -1.2567e+00   4.8260e-01
  -1.2456e+00  -1.2445e+00   4.8260e-01
  -1.2578e+00  -1.2323e+00   4.8260e-01
  -1.2698e+00  -1.2199e+00   4.8260e-01
  -1.2817e+00  -1.2073e+00   4.8260e-01
  -1.2935e+00  -1.1947e+00   4.8260e-01
  -1.3051e+00  -1.1820e+00   4.8260e-01
  -1.3167e+00  -1.1691e+00   4.8260e-01
  -1.3281e+00  -1.1561e+00   4.8260e-01
  -1.3394e+00  -1.1430e+00   4.8260e-01
  -1.3505e+00  -1.1299e+00   4.8260e-01
  -1.3615e+00  -1.1165e+00   4.8260e-01
  -1.3724e+00  -1.1031e+00   4.8260e-01
  -1.3832e+00  -1.0896e+00   4.8260e-01
  -1.3938e+00  -1.0760e+00   4.8260e-01
  -1.4043e+00  -1.0623e+00   4.8260e-01
  -1.4146e+00  -1.0484e+00   4.8260e-01
  -1.4249e+00  -1.0345e+00   4.8260e-01
  -1.4349e+00  -1.0205e+00   4.8260e-01
  -1.4449e+00  -1.0064e+00   4.8260e-01
  -1.4547e+00  -9.9213e-01   4.8260e-01
  -1.4643e+00  -9.7781e-01   4.8260e-01
  -1.4739e+00  -9.6340e-01   4.8260e-01
  -1.4833e+00  -9.4889e-01   4.8260e-01
  -1.4925e+00  -9.3429e-01   4.8260e-01
  -1.5016e+00  -9.1961e-01   4.8260e-01
  -1.5105e+00  -9.0483e-01   4.8260e-01
  -1.5193e+00  -8.8997e-01   4.8260e-01
  -1.5280e+00  -8.7502e-01   4.8260e-01
  -1.5365e+00  -8.5999e-01   4.8260e-01
  -1.5449e+00  -8.4487e-01   4.8260e-01
  -1.5531e+00  -8.2967e-01   4.8260e-01
  -1.5612e+00  -8.1440e-01   4.8260e-01
  -1.5691e+00  -7.9904e-01   4.8260e-01
  -1.5768e+00  -7.8361e-01   4.8260e-01
  -1.5844e+00  -7.6810e-01   4.8260e-01
  -1.5919e+00  -7.5252e-01   4.8260e-01
  -1.5992e+00  -7.3686e-01   4.8260e-01
  -1.6064e+00  -7.2114e-01   4.8260e-01
  -1.6134e+00  -7.0534e-01   4.8260e-01
  -1.6202e+00  -6.8948e-01   4.8260e-01
  -1.6269e+00  -6.7355e-01   4.8260e-01
  -1.6334e+00  -6.5756e-01   4.8260e-01
  -1.6398e+00  -6.4150e-01   4.8260e-01
  -1.6460e+00  -6.2538e-01   4.8260e-01
  -1.6521e+00  -6.0921e-01   4.8260e-01
  -1.6580e+00  -5.9297e-01   4.8260e-01
  -1.6637e+00  -5.7667e-01   4.8260e-01
  -1.6693e+00  -5.6032e-01   4.8260e-01
  -1.6747e+00  -5.4392e-01   4.8260e-01
  -1.6799e+00  -5.2746e-01   4.8260e-01
  -1.6850e+00  -5.1096e-01   4.8260e-01
  -1.6900e+00  -4.9440e-01   4.8260e-01
  -1.6947e+00  -4.7780e-01   4.8260e-01
  -1.6993e+00  -4.6115e-01   4.8260e-01
  -1.7038e+00  -4.4445e-01   4.8260e-01
  -1.7081e+00  -4.2772e-01   4.8260e-01
  -1.7122e+00  -4.1094e-01   4.8260e-01
  -1.7161e+00  -3.9412e-01   4.8260e-01
  -1.7199e+00  -3.7726e-01   4.8260e-01
  -1.7235e+00  -3.6037e-01   4.8260e-01
  -1.7270e+00  -3.4344e-01   4.8260e-01
  -1.7303e+00  -3.2649e-01   4.8260e-01
  -1.7334e+00  -3.0949e-01   4.8260e-01
  -1.7363e+00  -2.9247e-01   4.8260e-01
  -1.7391e+00  -2.7542e-01   4.8260e-01
  -1.7417e+00  -2.5835e-01   4.8260e-01
  -1.7442e+00  -2.4125e-01   4.8260e-01
  -1.7465e+00  -2.2412e-01   4.8260e-01
  -1.7486e+00  -2.0698e-01   4.8260e-01
  -1.7505e+00  -1.8981e-01   4.8260e-01
  -1.7523e+00  -1.7263e-01   4.8260e-01
  -1.7539e+00  -1.5543e-01   4.8260e-01
  -1.7554e+00  -1.3822e-01   4.8260e-01
  -1.7566e+00  -1.2099e-01   4.8260e-01
  -1.7577e+00  -1.0375e-01   4.8260e-01
  -1.7577e+00  -1.0375e-01   4.6536e-01
  -1.7577e+00  -1.0375e-01   4.4813e-01
  -1.7577e+00  -1.0375e-01   4.3089e-01
  -1.7577e+00  -1.0375e-01   4.1366e-01
  -1.7577e+00  -1.0375e-01   3.9642e-01
  -1.7577e+00  -1.0375e-01   3.7919e-01
  -1.7577e+00  -1.0375e-01   3.6195e-01
  -1.7577e+00  -1.0375e-01   3.4471e-01
  -1.7577e+00  -1.0375e-01   3.2748e-01
  -1.7577e+00  -1.0375e-01   3.1024e-01
  -1.7577e+00  -1.0375e-01   2.9301e-01
  -1.7577e+00  -1.0375e-01   2.7577e-01
  -1.7577e+00  -1.0375e-01   2.5854e-01
  -1.7577e+00  -1.0375e-01   2.4130e-01
  -1.7577e+00  -1.0375e-01   2.2406e-01
  -1.7577e+00  -1.0375e-01   2.0683e-01
  -1.7577e+00  -1.0375e-01   1.8959e-01
  -1.7577e+00  -1.0375e-01   1.7236e-01
  -1.7577e+00  -1.0375e-01   1.5512e-01
  -1.7577e+00  -1.0375e-01   1.3789e-01
  -1.7577e+00  -1.0375e-01   1.2065e-01
  -1.7577e+00  -1.0375e-01   1.0341e-01
  -1.7577e+00  -1.0375e-01   8.6179e-02
  -1.7577e+00  -1.0375e-01   6.8943e-02
  -1.7577e+00  -1.0375e-01   5.1707e-02
  -1.7577e+00  -1.0375e-01   3.4471e-02
  -1.7577e+00  -1.0375e-01   1.7236e-02
  -1.7577e+00  -1.0375e-01   0.0000e+00
  -1.7577e+00  -1.0375e-01  -1.7236e-02
  -1.7577e+00  -1.0375e-01  -3.4471e-02
  -1.7577e+00  -1.0375e-01  -5.1707e-02
  -1.7577e+00  -1.0375e-01  -6.8943e-02
  -1.7577e+00  -1.0375e-01  -8.6179e-02
  -1.7577e+00  -1.0375e-01  -1.0341e-01
  -1.7577e+00  -1.0375e-01  -1.2065e-01
  -1.7577e+00  -1.0375e-01  -1.3789e-01
  -1.7577e+00  -1.0375e-01  -1.5512e-01
  -1.7577e+00  -1.0375e-01  -1.7236e-01
  -1.7577e+00  -1.0375e-01  -1.8959e-01
  -1.7577e+00  -1.0375e-01  -2.0683e-01
  -1.7577e+00  -1.0375e-01  -2.2406e-01
  -1.7577e+00  -1.0375e-01  -2.4130e-01
  -1.7577e+00  -1.0375e-01  -2.5854e-01
  -1.7577e+00  -1.0375e-01  -2.7577e-01
  -1.7577e+00  -1.0375e-01  -2.9301e-01
  -1.7577e+00  -1.0375e-01  -3.1024e-01
  -1.7577e+00  -1.0375e-01  -3.2748e-01
  -1.7577e+00  -1.0375e-01  -3.4471e-01
  -1.7577e+00  -1.0375e-01  -3.6195e-01
  -1.7577e+00  -1.0375e-01  -3.7919e-01
  -1.7577e+00  -1.0375e-01  -3.9642e-01
  -1.7577e+00  -1.0375e-01  -4.1366e-01
  -1.7577e+00  -1.0375e-01  -4.3089e-01
  -1.7577e+00  -1.0375e-01  -4.4813e-01
  -1.7577e+00  -1.0375e-01  -4.6536e-01
  -1.7577e+00  -1.0375e-01  -4.8260e-01
  -9.0386e-01   1.5111e+00  -4.8260e-01
  -9.2067e-01   1.5009e+00  -4.8260e-01
  -9.3737e-01   1.4906e+00  -4.8260e-01
  -9.5394e-01   1.4800e+00  -4.8260e-01
  -9.7040e-01   1.4693e+00  -4.8260e-01
  -9.8674e-01   1.4583e+00  -4.8260e-01
  -1.0030e+00   1.4472e+00  -4.8260e-01
  -1.0190e+00   1.4360e+00  -4.8260e-01
  -1.0350e+00   1.4245e+00  -4.8260e-01
  -1.0508e+00   1.4129e+00  -4.8260e-01
  -1.0665e+00   1.4010e+00  -4.8260e-01
  -1.0821e+00   1.3890e+00  -4.8260e-01
  -1.0976e+00   1.3769e+00  -4.8260e-01
  -1.1129e+00   1.3645e+00  -4.8260e-01
  -1.1280e+00   1.3520e+00  -4.8260e-01
  -1.1430e+00   1.3394e+00  -4.8260e-01
  -1.1579e+00   1.3265e+00  -4.8260e-01
  -1.1726e+00   1.3135e+00  -4.8260e-01
  -1.1872e+00   1.3004e+00  -4.8260e-01
  -1.2017e+00   1.2870e+00  -4.8260e-01
  -1.2160e+00   1.2735e+00  -4.8260e-01
  -1.2301e+00   1.2599e+00  -4.8260e-01
  -1.2441e+00   1.2461e+00  -4.8260e-01
  -1.2579e+00   1.2321e+00  -4.8260e-01
  -1.2716e+00   1.2180e+00  -4.8260e-01
  -1.2851e+00   1.2037e+00  -4.8260e-01
  -1.2985e+00   1.1893e+00  -4.8260e-01
  -1.3116e+00   1.1747e+00  -4.8260e-01
  -1.3247e+00   1.1600e+00  -4.8260e-01
  -1.3375e+00   1.1452e+00  -4.8260e-01
  -1.3502e+00   1.1302e+00  -4.8260e-01
  -1.3628e+00   1.1150e+00  -4.8260e-01
  -1.3751e+00   1.0998e+00  -4.8260e-01
  -1.3873e+00   1.0843e+00  -4.8260e-01
  -1.3993e+00   1.0688e+00  -4.8260e-01
  -1.4112e+00   1.0531e+00  -4.8260e-01
  -1.4228e+00   1.0373e+00  -4.8260e-01
  -1.4343e+00   1.0213e+00  -4.8260e-01
  -1.4456e+00   1.0053e+00  -4.8260e-01
  -1.4568e+00   9.8907e-01  -4.8260e-01
  -1.4677e+00   9.7275e-01  -4.8260e-01
  -1.4785e+00   9.5631e-01  -4.8260e-01
  -1.4891e+00   9.3975e-01  -4.8260e-01
  -1.4995e+00   9.2307e-01  -4.8260e-01
  -1.5097e+00   9.0628e-01  -4.8260e-01
  -1.5197e+00   8.8937e-01  -4.8260e-01
  -1.5295e+00   8.7235e-01  -4.8260e-01
  -1.5392e+00   8.5523e-01  -4.8260e-01
  -1.5486e+00   8.3800e-01  -4.8260e-01
  -1.5579e+00   8.2066e-01  -4.8260e-01
  -1.5669e+00   8.0322e-01  -4.8260e-01
  -1.5758e+00   7.8568e-01  -4.8260e-01
  -1.5845e+00   7.6805e-01  -4.8260e-01
  -1.5929e+00   7.5032e-01  -4.8260e-01
  -1.6012e+00   7.3249e-01  -4.8260e-01
  -1.6093e+00   7.1457e-01  -4.8260e-01
  -1.6172e+00   6.9657e-01  -4.8260e-01
  -1.6248e+00   6.7848e-01  -4.8260e-01
  -1.6323e+00   6.6030e-01  -4.8260e-01
  -1.6396e+00   6.4204e-01  -4.8260e-01
  -1.6466e+00   6.2370e-01  -4.8260e-01
  -1.6535e+00   6.0528e-01  -4.8260e-01
  -1.6602e+00   5.8679e-01  -4.8260e-01
  -1.6666e+00   5.6823e-01  -4.8260e-01
  -1.6728e+00   5.4959e-01  -4.8260e-01
  -1.6789e+00   5.3089e-01  -4.8260e-01
  -1.6847e+00   5.1211e-01  -4.8260e-01
  -1.6903e+00   4.9328e-01  -4.8260e-01
  -1.6957e+00   4.7438e-01  -4.8260e-01
  -1.7009e+00   4.5543e-01  -4.8260e-01
  -1.7059e+00   4.3642e-01  -4.8260e-01
  -1.7106e+00   4.1735e-01  -4.8260e-01
  -1.7152e+00   3.9823e-01  -4.8260e-01
  -1.7195e+00   3.7907e-01  -4.8260e-01
  -1.7236e+00   3.5985e-01  -4.8260e-01
  -1.7276e+00   3.4059e-01  -4.8260e-01
  -1.7312e+00   3.2129e-01  -4.8260e-01
  -1.7347e+00   3.0195e-01  -4.8260e-01
  -1.7380e+00   2.8257e-01  -4.8260e-01
  -1.7380e+00   2.8257e-01  -4.6474e-01
  -1.7380e+00   2.8257e-01  -4.4688e-01
  -1.7380e+00   2.8257e-01  -4.2902e-01
  -1.7380e+00   2.8257e-01  -4.1116e-01
  -1.7380e+00   2.8257e-01  -3.9330e-01
  -1.7380e+00   2.8257e-01  -3.7544e-01
  -1.7380e+00   2.8257e-01  -3.5758e-01
  -1.7380e+00   2.8257e-01  -3.3973e-01
  -1.7409e+00   2.6428e-01  -3.3973e-01
  -1.7435e+00   2.4596e-01  -3.3973e-01
  -1.7460e+00   2.2761e-01  -3.3973e-01
  -1.7483e+00   2.0924e-01  -3.3973e-01
  -1.7504e+00   1.9085e-01  -3.3973e-01
  -1.7523e+00   1.7243e-01  -3.3973e-01
  -1.7541e+00   1.5400e-01  -3.3973e-01
  -1.7556e+00   1.3555e-01  -3.3973e-01
  -1.7569e+00   1.1708e-01  -3.3973e-01
  -1.7569e+00   1.1708e-01  -3.2147e-01
  -1.7569e+00   1.1708e-01  -3.0321e-01
  -1.7569e+00   1.1708e-01  -2.8496e-01
  -1.7569e+00   1.1708e-01  -2.6670e-01
  -1.7569e+00   1.1708e-01  -2.4844e-01
  -1.7569e+00   1.1708e-01  -2.3019e-01
  -1.7569e+00   1.1708e-01  -2.1193e-01
  -1.7569e+00   1.1708e-01  -1.9368e-01
  -1.7580e+00   9.8855e-02  -1.9368e-01
  -1.7590e+00   8.0616e-02  -1.9368e-01
  -1.7597e+00   6.2369e-02  -1.9368e-01
  -1.7603e+00   4.4114e-02  -1.9368e-01
  -1.7606e+00   2.5856e-02  -1.9368e-01
  -1.7608e+00   7.5941e-03  -1.9368e-01
  -1.7608e+00  -1.0668e-02  -1.9368e-01
  -1.7606e+00  -2.8929e-02  -1.9368e-01
  -1.7602e+00  -4.7188e-02  -1.9368e-01
  -1.7596e+00  -6.5441e-02  -1.9368e-01
  -1.7596e+00  -6.5441e-02  -1.7519e-01
  -1.7596e+00  -6.5441e-02  -1.5670e-01
  -1.7596e+00  -6.5441e-02  -1.3821e-01
  -1.7596e+00  -6.5441e-02  -1.1972e-01
  -1.7596e+00  -6.5441e-02  -1.0123e-01
  -1.7596e+00  -6.5441e-02  -8.2737e-02
  -1.7596e+00  -6.5441e-02  -6.4247e-02
  -1.7596e+00  -6.5441e-02  -4.5757e-02
  -1.7596e+00  -6.5441e-02  -2.7268e-02
  -1.7596e+00  -6.5441e-02  -8.7780e-03
  -1.7596e+00  -6.5441e-02   9.7117e-03
  -1.7596e+00  -6.5441e-02   2.8201e-02
  -1.7596e+00  -6.5441e-02   4.6691e-02
  -1.7596e+00  -6.5441e-02   6.5181e-02
  -1.7596e+00  -6.5441e-02   8.3671e-02
  -1.7596e+00  -6.5441e-02   1.0216e-01
  -1.7596e+00  -6.5441e-02   1.2065e-01
  -1.7602e+00  -4.7979e-02   1.2065e-01
  -1.7605e+00  -3.0514e-02   1.2065e-01
  -1.7608e+00  -1.3045e-02   1.2065e-01
  -1.7608e+00   4.4256e-03   1.2065e-01
  -1.7607e+00   2.1895e-02   1.2065e-01
  -1.7604e+00   3.9363e-02   1.2065e-01
  -1.7599e+00   5.6827e-02   1.2065e-01
  -1.7592e+00   7.4285e-02   1.2065e-01
  -1.7584e+00   9.1736e-02   1.2065e-01
  -1.7584e+00   9.1736e-02   1.3811e-01
  -1.7584e+00   9.1736e-02   1.5557e-01
  -1.7584e+00   9.1736e-02   1.7304e-01
  -1.7584e+00   9.1736e-02   1.9050e-01
  -1.7584e+00   9.1736e-02   2.0796e-01
  -1.7584e+00   9.1736e-02   2.2542e-01
  -1.7584e+00   9.1736e-02   2.4289e-01
  -1.7584e+00   9.1736e-02   2.6035e-01
  -1.7584e+00   9.1736e-02   2.7781e-01
  -1.7584e+00   9.1736e-02   2.9527e-01
  -1.7584e+00   9.1736e-02   3.1274e-01
  -1.7584e+00   9.1736e-02   3.3020e-01
  -1.7573e+00   1.1060e-01   3.3020e-01
  -1.7560e+00   1.2945e-01   3.3020e-01
  -1.7545e+00   1.4829e-01   3.3020e-01
  -1.7529e+00   1.6711e-01   3.3020e-01
  -1.7510e+00   1.8592e-01   3.3020e-01
  -1.7489e+00   2.0470e-01   3.3020e-01
  -1.7466e+00   2.2345e-01   3.3020e-01
  -1.7441e+00   2.4219e-01   3.3020e-01
  -1.7414e+00   2.6089e-01   3.3020e-01
  -1.7385e+00   2.7956e-01   3.3020e-01
  -1.7385e+00   2.7956e-01   3.4713e-01
  -1.7385e+00   2.7956e-01   3.6407e-01
  -1.7385e+00   2.7956e-01   3.8100e-01
  -1.7385e+00   2.7956e-01   3.9793e-01
  -1.7385e+00   2.7956e-01   4.1487e-01
  -1.7385e+00   2.7956e-01   4.3180e-01
  -1.7385e+00   2.7956e-01   4.4873e-01
  -1.7385e+00   2.7956e-01   4.6567e-01
  -1.7385e+00   2.7956e-01   4.8260e-01
  -1.7353e+00   2.9874e-01   4.8260e-01
  -1.7319e+00   3.1788e-01   4.8260e-01
  -1.7283e+00   3.3699e-01   4.8260e-01
  -1.7244e+00   3.5605e-01   4.8260e-01
  -1.7204e+00   3.7507e-01   4.8260e-01
  -1.7161e+00   3.9404e-01   4.8260e-01
  -1.7117e+00   4.1296e-01   4.8260e-01
  -1.7070e+00   4.3184e-01   4.8260e-01
  -1.7022e+00   4.5066e-01   4.8260e-01
  -1.6971e+00   4.6943e-01   4.8260e-01
  -1.6918e+00   4.8814e-01   4.8260e-01
  -1.6863e+00   5.0679e-01   4.8260e-01
  -1.6806e+00   5.2538e-01   4.8260e-01
  -1.6747e+00   5.4390e-01   4.8260e-01
  -1.6686e+00   5.6236e-01   4.8260e-01
  -1.6623e+00   5.8075e-01   4.8260e-01
  -1.6558e+00   5.9907e-01   4.8260e-01
  -1.6490e+00   6.1731e-01   4.8260e-01
  -1.6421e+00   6.3548e-01   4.8260e-01
  -1.6350e+00   6.5358e-01   4.8260e-01
  -1.6277e+00   6.7159e-01   4.8260e-01
  -1.6202e+00   6.8952e-01   4.8260e-01
  -1.6125e+00   7.0737e-01   4.8260e-01
  -1.6046e+00   7.2513e-01   4.8260e-01
  -1.5965e+00   7.4280e-01   4.8260e-01
  -1.5882e+00   7.6038e-01   4.8260e-01
  -1.5797e+00   7.7787e-01   4.8260e-01
  -1.5710e+00   7.9527e-01   4.8260e-01
  -1.5621e+00   8.1256e-01   4.8260e-01
  -1.5530e+00   8.2976e-01   4.8260e-01
  -1.5438e+00   8.4686e-01   4.8260e-01
  -1.5343e+00   8.6385e-01   4.8260e-01
  -1.5247e+00   8.8074e-01   4.8260e-01
  -1.5149e+00   8.9752e-01   4.8260e-01
  -1.5049e+00   9.1420e-01   4.8260e-01
  -1.4947e+00   9.3076e-01   4.8260e-01
  -1.4843e+00   9.4720e-01   4.8260e-01
  -1.4738e+00   9.6353e-01   4.8260e-01
  -1.4631e+00   9.7975e-01   4.8260e-01
  -1.4521e+00   9.9584e-01   4.8260e-01
  -1.4411e+00   1.0118e+00   4.8260e-01
  -1.4298e+00   1.0277e+00   4.8260e-01
  -1.4184e+00   1.0434e+00   4.8260e-01
  -1.4068e+00   1.0590e+00   4.8260e-01
  -1.3950e+00   1.0745e+00   4.8260e-01
  -1.3830e+00   1.0898e+00   4.8260e-01
  -1.3709e+00   1.1050e+00   4.8260e-01
  -1.3586e+00   1.1201e+00   4.8260e-01
  -1.3462e+00   1.1350e+00   4.8260e-01
  -1.3336e+00   1.1498e+00   4.8260e-01
  -1.3208e+00   1.1645e+00   4.8260e-01
  -1.3079e+00   1.1790e+00   4.8260e-01
  -1.2948e+00   1.1933e+00   4.8260e-01
  -1.2815e+00   1.2076e+00   4.8260e-01
  -1.2681e+00   1.2216e+00   4.8260e-01
  -1.2545e+00   1.2356e+00   4.8260e-01
  -1.2408e+00   1.2493e+00   4.8260e-01
  -1.2269e+00   1.2630e+00   4.8260e-01
  -1.2129e+00   1.2764e+00   4.8260e-01
  -1.1987e+00   1.2897e+00   4.8260e-01
  -1.1844e+00   1.3029e+00   4.8260e-01
  -1.1700e+00   1.3159e+00   4.8260e-01
  -1.1554e+00   1.3287e+00   4.8260e-01
  -1.1406e+00   1.3414e+00   4.8260e-01
  -1.1258e+00   1.3539e+00   4.8260e-01
  -1.1107e+00   1.3663e+00   4.8260e-01
  -1.0956e+00   1.3785e+00   4.8260e-01
  -1.0803e+00   1.3905e+00   4.8260e-01
  -1.0649e+00   1.4023e+00   4.8260e-01
  -1.0493e+00   1.4140e+00   4.8260e-01
  -1.0336e+00   1.4255e+00   4.8260e-01
  -1.0178e+00   1.4368e+00   4.8260e-01
  -1.0019e+00   1.4480e+00   4.8260e-01
  -9.8587e-01   1.4589e+00   4.8260e-01
  -9.6970e-01   1.4697e+00   4.8260e-01
  -9.5341e-01   1.4803e+00   4.8260e-01
  -9.3701e-01   1.4908e+00   4.8260e-01
  -9.2049e-01   1.5010e+00   4.8260e-01
  -9.0386e-01   1.5111e+00   4.8260e-01
  -9.0386e-01   1.5111e+00   4.6367e-01
  -9.0386e-01   1.5111e+00   4.4475e-01
  -9.0386e-01   1.5111e+00   4.2582e-01
  -9.0386e-01   1.5111e+00   4.0690e-01
  -9.0386e-01   1.5111e+00   3.8797e-01
  -9.0386e-01   1.5111e+00   3.6905e-01
  -9.0386e-01   1.5111e+00   3.5012e-01
  -9.0386e-01   1.5111e+00   3.3120e-01
  -9.0386e-01   1.5111e+00   3.1227e-01
  -9.0386e-01   1.5111e+00   2.9335e-01
  -9.0386e-01   1.5111e+00   2.7442e-01
  -9.0386e-01   1.5111e+00   2.5549e-01
  -9.0386e-01   1.5111e+00   2.3657e-01
  -9.0386e-01   1.5111e+00   2.1764e-01
  -9.0386e-01   1.5111e+00   1.9872e-01
  -9.0386e-01   1.5111e+00   1.7979e-01
  -9.0386e-01   1.5111e+00   1.6087e-01
  -9.0386e-01   1.5111e+00   1.4194e-01
  -9.0386e-01   1.5111e+00   1.2302e-01
  -9.0386e-01   1.5111e+00   1.0409e-01
  -9.0386e-01   1.5111e+00   8.5165e-02
  -9.0386e-01   1.5111e+00   6.6239e-02
  -9.0386e-01   1.5111e+00   4.7314e-02
  -9.0386e-01   1.5111e+00   2.8388e-02
  -9.0386e-01   1.5111e+00   9.4627e-03
  -9.0386e-01   1.5111e+00  -9.4627e-03
  -9.0386e-01   1.5111e+00  -2.8388e-02
  -9.0386e-01   1.5111e+00  -4.7314e-02
  -9.0386e-01   1.5111e+00  -6.6239e-02
  -9.0386e-01   1.5111e+00  -8.5165e-02
  -9.0386e-01   1.5111e+00  -1.0409e-01
  -9.0386e-01   1.5111e+00  -1.2302e-01
  -9.0386e-01   1.5111e+00  -1.4194e-01
  -9.0386e-01   1.5111e+00  -1.6087e-01
  -9.0386e-01   1.5111e+00  -1.7979e-01
  -9.0386e-01   1.5111e+00  -1.9872e-01
  -9.0386e-01   1.5111e+00  -2.1764e-01
  -9.0386e-01   1.5111e+00  -2.3657e-01
  -9.0386e-01   1.5111e+00  -2.5549e-01
  -9.0386e-01   1.5111e+00  -2.7442e-01
  -9.0386e-01   1.5111e+00  -2.9335e-01
  -9.0386e-01   1.5111e+00  -3.1227e-01
  -9.0386e-01   1.5111e+00  -3.3120e-01
  -9.0386e-01   1.5111e+00  -3.5012e-01
  -9.0386e-01   1.5111e+00  -3.6905e-01
  -9.0386e-01   1.5111e+00  -3.8797e-01
  -9.0386e-01   1.5111e+00  -4.0690e-01
  -9.0386e-01   1.5111e+00  -4.2582e-01
  -9.0386e-01   1.5111e+00  -4.4475e-01
  -9.0386e-01   1.5111e+00  -4.6367e-01
  -9.0386e-01   1.5111e+00  -4.8260e-01
