 -2.16709969e-08
  2.14539609e-08
 -2.24460200e-08
  3.25368171e-08
  4.31127533e-09
  4.52524010e-08
  3.85515824e-08
  5.34359863e-08
  4.64006263e-08
  5.51712575e-08
  1.83472652e-08
  4.13304229e-08
  1.49018179e-10
  3.09059628e-08
  1.26252577e-08
  2.89719432e-08
  3.22401669e-08
  1.73193155e-08
  2.42555570e-08
 -5.90507693e-09
 -1.17229538e-08
 -3.32024550e-08
 -3.05287137e-08
 -5.02327374e-08
 -1.10954470e-08
 -5.48934814e-08
  9.58355584e-09
 -5.69525026e-08
 -1.31117076e-09
 -7.09934884e-08
 -2.05244538e-08
 -7.97947300e-08
 -1.66576914e-08
 -6.86875457e-08
  2.49782879e-08
 -4.80597374e-08
  6.94438367e-08
 -2.31291697e-08
  7.53537904e-08
 -1.10871613e-08
  8.24096130e-08
 -1.24297061e-08
  1.15708701e-07
  2.16513664e-10
  1.40465919e-07
  1.00058663e-08
  1.42242389e-07
 -5.45458937e-10
  1.10247018e-07
 -1.12267579e-09
  7.48361828e-08
  2.83077984e-09
  5.72929515e-08
  1.96971100e-08
  5.82293438e-09
  4.64901484e-08
 -8.38165871e-08
  6.07119949e-08
 -1.71052860e-07
  8.63786787e-08
 -2.51482596e-07
  1.36631742e-07
 -3.20925241e-07
  1.83398789e-07
 -3.83026256e-07
  2.09392786e-07
 -4.39450875e-07
  2.04292943e-07
 -4.27085759e-07
  1.61069511e-07
 -3.27107628e-07
  7.11353266e-08
 -1.59216646e-07
 -1.16141147e-07
  8.90441437e-08
 -4.18073932e-07
  4.37887815e-07
 -8.03966107e-07
  8.78210774e-07
 -1.27696356e-06
  1.33791037e-06
 -1.84511566e-06
  1.75329898e-06
 -2.46804751e-06
  2.13969213e-06
 -3.01709154e-06
  2.33033330e-06
 -3.42592298e-06
  2.17093288e-06
 -3.63526554e-06
  1.69882581e-06
 -3.22546704e-06
  5.47542819e-07
 -2.10740020e-06
 -1.40864626e-06
 -1.90458321e-07
 -4.26723694e-06
  3.14246656e-06
 -8.08722056e-06
  8.43269901e-06
 -1.36300966e-05
  1.41812365e-05
 -1.99022219e-05
  2.38525850e-05
 -2.86181632e-05
  3.47313921e-05
 -3.79178177e-05
  5.07484859e-05
 -4.96452528e-05
  6.21563387e-05
 -6.11861506e-05
  9.21864737e-05
 -6.78775549e-05
  8.83944266e-05
 -7.41881932e-05
  1.23582580e-04
 -5.58571851e-05
  6.96237391e-05
 -6.92562124e-05
  1.33041489e-04
  2.63918635e-05
 -4.71769579e-05
 -7.71135531e-05
  1.28632150e-04
 -3.04534261e-05
  8.37799138e-05
 -6.78671318e-05
  1.27066161e-04
 -4.18725770e-05
  1.03095973e-04
 -4.96481619e-05
  9.88583374e-05
 -3.08189063e-05
  7.31663502e-05
 -2.78736611e-05
  5.69618897e-05
 -1.94305214e-05
  4.06693622e-05
 -1.48737596e-05
  2.75336112e-05
 -9.84382256e-06
  1.72604379e-05
 -7.61721784e-06
  9.66097007e-06
 -4.75858918e-06
  3.82098149e-06
 -2.98239664e-06
 -1.79790702e-07
 -1.89828356e-06
 -2.66028081e-06
 -1.05932524e-06
 -4.05472476e-06
 -4.81532452e-07
 -4.51120825e-06
 -2.97177374e-07
 -4.39733056e-06
 -1.43032890e-07
 -3.90040333e-06
 -5.53120192e-08
 -3.18332044e-06
 -6.82434687e-08
 -2.42016877e-06
 -6.26921918e-08
 -1.66444348e-06
 -3.44212120e-08
 -9.88786944e-07
 -2.33388872e-08
 -4.47658006e-07
 -3.09756548e-08
 -4.52290640e-08
 -1.43065651e-08
  2.21445308e-07
  2.41091073e-08
  3.73675846e-07
  3.63551776e-08
  4.22600377e-07
  2.99869210e-08
  3.89952148e-07
  3.60691643e-08
  3.33666398e-07
  4.84169432e-08
  2.58038495e-07
  5.28341562e-08
  1.69851853e-07
  2.93693288e-08
  8.77702130e-08
 -6.87193847e-09
  8.50827400e-09
 -1.32046525e-08
 -4.58192587e-08
 -1.06078593e-08
 -6.68641760e-08
 -2.83864384e-08
 -9.69630403e-08
 -4.81298930e-08
 -1.22095465e-07
 -5.84085789e-08
 -1.13763027e-07
 -3.88300381e-08
 -9.71102043e-08
 -1.22952026e-08
 -7.49217989e-08
 -1.14663776e-08
 -6.77785014e-08
  4.13988466e-10
 -6.88222277e-08
  4.36604181e-08
 -4.41013238e-08
  8.17766389e-08
 -1.96433808e-08
  9.19447571e-08
 -2.21271874e-08
  7.29656960e-08
 -3.36712387e-08
  5.40048281e-08
 -3.55018923e-08
  6.20458683e-08
 -1.69305520e-08
  6.71592347e-08
  1.79726116e-09
  4.14352517e-08
 -5.41589267e-09
 -2.05846457e-09
 -2.17222825e-08
 -2.72518797e-08
 -1.65123642e-08
 -2.80625447e-08
  5.81932602e-09
 -2.44377061e-08
  1.70558011e-08
 -4.43254196e-08
  6.82407537e-09
 -7.23486440e-08
 -9.93980945e-09
 -6.80925759e-08
 -4.29262634e-09
 -4.43132358e-08
  2.02966768e-08
 -2.06720251e-08
  3.62131366e-08
 -1.29689474e-08
  2.98527106e-08
