 -1.02513600e-07
  1.88783256e-07
 -8.48322472e-08
  1.14900851e-07
 -6.38333711e-08
  2.80952113e-08
 -1.75966838e-08
 -3.34972119e-08
 -1.09666157e-08
 -5.73764978e-08
  2.37424557e-08
 -3.40719741e-08
  6.24816961e-08
 -2.31956709e-08
  9.10227028e-08
 -4.09038773e-08
  7.40047522e-08
 -8.06606302e-08
  4.80076906e-08
 -1.00965243e-07
  8.23172092e-08
 -1.14102929e-07
  9.47903073e-08
 -6.20783246e-08
  1.18497466e-07
  1.02902399e-07
  1.89027293e-07
  1.70212429e-07
  1.46860336e-07
  1.69531860e-07
  9.07366754e-08
  1.17961271e-07
  1.20390436e-08
  7.51118311e-08
 -8.17354964e-08
  1.68089896e-07
 -1.69652696e-07
  2.67462307e-07
 -2.01478736e-07
  2.41975729e-07
 -3.36085058e-07
  4.37503499e-08
 -4.04203562e-07
 -1.49565466e-07
 -3.80719932e-07
 -2.94363657e-07
 -2.88617887e-07
 -3.32351979e-07
 -1.86829501e-07
 -4.87089766e-07
 -1.93660262e-07
 -6.55620034e-07
 -1.42807531e-07
 -9.04318299e-07
 -1.05110059e-07
 -1.01626125e-06
  2.86848758e-08
 -9.51594433e-07
  1.24704051e-07
 -9.75841984e-07
 -3.37391027e-08
 -9.25415002e-07
 -8.04049235e-08
 -6.10913401e-07
 -1.12342058e-07
 -1.85450378e-07
 -3.43734608e-07
  5.41479905e-07
 -5.37089794e-07
  1.58560203e-06
 -8.99592787e-07
  2.73604239e-06
 -1.73864767e-06
  4.39016423e-06
 -2.37089769e-06
  6.54500116e-06
 -3.25251063e-06
  8.59909783e-06
 -4.77992446e-06
  1.15519940e-05
 -6.64526518e-06
  1.51645914e-05
 -8.45771469e-06
  1.78873407e-05
 -1.15294169e-05
  2.21399003e-05
 -1.32268048e-05
  2.47595454e-05
 -1.64824667e-05
  2.98744546e-05
 -2.17831590e-05
  2.84720264e-05
 -1.66407050e-05
  3.39607157e-05
 -2.94263925e-05
  2.71922621e-05
 -6.44409696e-06
  2.49945784e-05
 -3.83195315e-05
  2.89868798e-05
  1.92908049e-05
 -2.10418626e-05
 -2.55629299e-05
  4.06814413e-05
 -2.43473386e-05
  8.58406560e-06
 -2.45751284e-05
  3.16570540e-05
 -3.24284687e-05
  1.94860992e-05
 -2.65425938e-05
  2.41184160e-05
 -2.84144816e-05
  1.89244463e-05
 -2.36204829e-05
  1.52117144e-05
 -2.11751136e-05
  1.32541283e-05
 -1.72165254e-05
  9.79171734e-06
 -1.46729465e-05
  7.71237844e-06
 -1.12404323e-05
  5.50586414e-06
 -8.43397221e-06
  3.69579351e-06
 -6.46150567e-06
  2.61034933e-06
 -4.36429447e-06
  1.76973771e-06
 -2.78031947e-06
  7.71240952e-07
 -1.65419106e-06
  2.97156186e-07
 -6.17360188e-07
  6.29607923e-09
  1.01646832e-07
 -2.89152766e-07
  5.38351847e-07
 -3.54398769e-07
  8.63369930e-07
 -4.19694775e-07
  9.15199631e-07
 -5.69036236e-07
  9.13891135e-07
 -4.54710916e-07
  1.00332167e-06
 -3.07457870e-07
  9.06996677e-07
 -2.38200679e-07
  6.73891996e-07
 -1.42379052e-07
  5.13911143e-07
 -1.10018882e-07
  3.75315359e-07
  2.95887477e-08
  3.50577848e-07
  1.49245205e-07
  2.11820112e-07
  2.09137334e-07
  1.52754033e-08
  1.80942645e-07
 -1.93226531e-07
  8.55331576e-08
 -2.21860945e-07
  7.58699825e-08
 -1.31796841e-07
 -2.32856568e-09
 -4.92746546e-08
 -8.75858431e-08
 -1.01214502e-07
 -1.47877920e-07
 -1.60202541e-07
 -1.86670989e-07
 -1.67430782e-07
 -2.17712475e-07
 -9.71533148e-08
 -1.44038086e-07
  6.65011404e-08
 -1.26933827e-07
  1.16809995e-07
 -1.12511626e-07
  1.04311690e-07
 -7.18206323e-08
  7.96808882e-08
 -9.15902233e-08
  3.67095452e-08
 -1.01601282e-07
  1.99289603e-08
 -6.88944613e-08
  3.27959190e-08
 -2.91342302e-08
  5.79350366e-08
  5.02072019e-09
  3.38779773e-08
  1.48983270e-08
 -2.41471881e-08
  6.71960986e-08
 -1.09309862e-07
  9.62668167e-08
 -1.81785795e-07
  1.20714740e-07
